,strain,gene_id,CAUS24-2_12h_1,CAUS24-2_12h_2,CAUS24-2_12h_3,CAUS24-2_12h_4,CAUS24-2_12h_5,CAUS24-2_168_5,CAUS24-2_168h_1,CAUS24-2_168h_2,CAUS24-2_168h_3,CAUS24-2_168h_4,CAUS24-2_168h_5,CAUS24-2_22h_1,CAUS24-2_22h_2,CAUS24-2_22h_3,CAUS24-2_22h_4,CAUS24-2_22h_5,CAUS24-2_38h_1,CAUS24-2_38h_2,CAUS24-2_38h_3,CAUS24-2_38h_4,CAUS24-2_38h_5,CAUS24-2_3w_1,CAUS24-2_3w_2,CAUS24-2_3w_3,CAUS24-2_3w_4,CAUS24-2_3w_5,CAUS24-2_70h_1,CAUS24-2_70h_2,CAUS24-2_70h_3,CAUS24-2_70h_4,CAUS24-2_70h_5
0,Mic,012_00001,654.4464604073097,356.8953957388188,222.57136699815612,261.68193318935715,141.1920128308833,543.4587796302056,594.2314367148975,78.08331309305112,258.86365166866307,336.63992874989344,58.085029455837955,302.44185618151806,271.1535386306246,316.4689035725966,281.4928965813949,198.88409147330097,227.94720020416392,176.09011110343556,227.35872516583646,304.4436850665508,173.58138311923747,0.0,0.0,430.4598576548866,0.0,168.82721580123894,168.24007237856028,185.39998737709683,91.47248273413184,240.2297595283916,252.0009197655537
1,Mic,012_00002,471.3208053609998,425.70556201237,645.2259263652902,598.5642815961729,252.62118491078346,216.07958333197553,620.5249621546304,725.6997547619814,517.3303627268209,455.08410590902474,138.56788517999388,721.5065360834158,534.9075937075562,711.4135843016173,535.1259563546056,196.32774068315575,304.85296666706284,402.5779061045124,379.67153693503184,324.91567958394705,248.45787691720162,0.0,0.0,187.60797434672136,0.0,1409.6421514715275,229.34526208931905,144.22531710568836,83.92966578729914,203.35561698862438,81.97833145913782
2,Mic,012_00003,618.9267713146232,79.99974088058548,209.80629562945424,59.960699753018126,200.07247666120227,373.57759073839327,122.19459996517804,0.0,54.63217287978022,550.9732872661394,66.54679917903411,129.9379826557633,179.22399134559805,83.6704109730398,110.85954815983334,149.2858365626753,131.36853833539485,193.3367968822905,260.48011969616823,183.57617916943414,79.54741902945797,0.0,0.0,711.301189287277,4443.380668436979,0.0,110.14235426264828,64.6461791734633,16.122785180868824,79.9043787965403,78.7396813274188
3,Mic,012_00004,412.8605639239898,95.29380899010918,153.79466014466783,0.0,0.0,197.77637156738464,320.8158344824062,248.64176561395095,216.92186290500973,551.2973891998255,0.0,25.796511262541248,85.39496058231437,166.11037472588785,96.03875295129946,327.573797720731,143.28574096256037,140.18153942744084,124.11111585523308,102.04675842065603,94.75501384391316,0.0,0.0,587.4510998584334,0.0,0.0,109.33248401071705,88.0057229084122,96.02541173899814,317.2673863980276,0.0
4,Mic,012_00005,831.7672538502777,1665.1242896542612,1580.3841769765108,1815.4400371906768,1351.4000876202122,266.45663892724014,362.36883001494976,17.401852677798132,286.9369886841483,117.89558092078055,0.0,1402.8246902713354,1589.773617757207,1131.178142585801,1411.520576517658,520.4229252384937,597.6034676350681,466.0213795292651,638.4390253648157,678.491209754465,417.7958823665336,0.0,0.0,0.0,1245.5646576322779,790.1308313003229,251.74828450882683,150.9031848141362,32.93090489031925,287.5521412742931,107.2175776000155
5,Mic,012_00006,344.6438309080925,428.87185031933586,538.5520757530709,714.23774705801,485.64191218331985,217.04331856279887,368.6648663077034,255.14547376884306,469.92462587738527,263.6523582375646,94.89948474474934,452.95282686340033,539.56518521298,483.9036972648516,483.8572148397335,244.63676979345001,315.2410220151709,359.6206494365937,445.75119074766815,381.04985077599093,264.6912358550626,702.9526999559982,0.0,640.1710703585493,0.0,367.7738409942482,266.14503736881124,83.40917986918176,72.80799998050797,227.89629163801982,0.0
6,Mic,012_00007,0.0,479.9984452835128,571.3186819448215,74.06909969490474,153.24700340006981,498.1034543178576,1780.5498852068802,0.0,304.37924890163265,0.0,0.0,487.26743495911245,215.06878961471764,209.17602743259948,816.3294000860454,601.0719208970875,379.8608337409008,100.87137228641245,468.86421545310276,201.93379708637755,477.2845141767478,0.0,0.0,0.0,0.0,0.0,468.10500561625526,193.93853752038981,120.92088885651617,53.269585864360195,157.4793626548376
7,Mic,012_00008,335.51088298290773,81.08081846005285,32.386938566500994,12.86914859563982,3.8829477212855523,113.5877809677547,70.5163266484101,0.0,555.2864675908164,201.03079400251033,303.50736112059474,0.0,108.98756230475557,38.16049149108234,9.192898649617627,154.09037717751247,147.2602387559742,23.002762261259598,95.04004367292623,89.30733040675173,72.56014573632989,690.1396086305905,0.0,311.434574769024,0.0,0.0,242.7969126904662,185.32736693550768,36.76648647664343,174.11596055327192,191.52895458020785
8,Mic,012_00009,523.1276710589685,7.8260616078833625,51.15344130898733,0.0,14.991554680441611,0.0,114.17117459035713,105.01639789906004,361.89572904525227,472.1601518267656,117.18023333699485,0.0,0.0,0.0,0.0,6.917707529506121,97.5457847513998,103.61244218549976,91.73430302343316,75.42586491961534,0.0,0.0,0.0,0.0,0.0,0.0,129.29754630832625,48.78578117748937,28.39012173152988,70.35059437521483,46.21676947478929
9,Mic,012_00010,0.0,71.2868978143831,8.628743308446708,80.14548976888562,0.0,221.92728162676823,93.33109474002283,1748.7569724404118,184.2966510866702,1016.3002318582355,0.0,0.0,95.82272804616133,0.0,26.941564359275425,404.3320143483611,133.28037916527893,213.4777804576303,0.0,122.6870504350179,53.16287905434071,0.0,0.0,0.0,0.0,258.53408624348145,73.60998923493821,86.40825929126281,43.10051483994636,118.66986949981231,175.41018117494284
10,Mic,012_00013,440.73027232074276,47.74520344332025,41.61022635213824,87.1483723200755,45.730206584901474,44.591489610683546,26.789808361336608,488.52124088985823,310.2171696110295,244.6496771574317,142.9785340451396,81.4266535873318,0.0,0.0,10.826649868515192,177.254787095568,149.6268801340153,27.090786323605467,223.86089862482362,118.32629055218169,0.0,0.0,919.0629342109321,101.88398997748796,0.0,0.0,157.76358435498693,39.684278234562534,86.6011670855686,76.30126357229312,0.0
11,Mic,012_00014,461.43572135594536,12.080497783981027,17.547041761472165,0.0,23.141326016789062,225.65089373459992,0.0,0.0,1484.9684574705364,159.74527523420957,180.88223937925378,88.29678351608078,324.76830646517766,75.80876161986826,164.36162417839842,576.6303860165505,98.94864838636721,137.09028783891625,141.60328654623908,49.89822319706096,0.0,0.0,0.0,0.0,0.0,0.0,324.32857672977804,0.0,0.0,48.264389877104875,0.0
12,Mic,012_00015,375.8710301175128,0.0,18.5426185990025,0.0,0.0,119.22689066118932,164.7478214901771,0.0,0.0,232.11215080573538,0.0,93.30653009855344,0.0,0.0,28.94785106688104,90.27363017227844,95.47034252264662,217.30269029785663,149.63751557013916,158.18798417791666,342.7309011375582,0.0,0.0,0.0,1003.1975308280089,0.0,158.18316835593103,26.526547685159706,185.2405105887056,127.5069874412877,150.77811318016364
13,Mic,012_00016,596.0808496760357,111.80088011261945,316.66416048420734,186.3228905368722,0.0,626.4965807414048,194.46738529126765,534.4584535934306,0.0,0.0,334.8006666771281,0.0,330.6181703704511,0.0,76.05553416950734,217.41366521304954,342.4056117804238,105.72698182193851,131.0490043191902,584.9352789684455,400.2075118873351,0.0,0.0,0.0,0.0,486.5579387066762,277.06617066069913,46.46264874046607,182.5079254169778,201.00169821489948,264.0958255702245
14,Mic,012_00017,136.7997053130395,40.44930718681288,146.8825405876041,128.40229160593438,232.45331976415088,283.33131881844434,561.7280997023406,0.0,0.0,259.0812592369431,454.23798316026097,418.83099746485505,244.67095447741758,190.37368788809619,229.30601126012513,80.44749767459366,363.7220834309819,76.50356886890832,1896.5294108215392,250.61242437175565,995.4599768995372,0.0,0.0,0.0,0.0,0.0,0.0,21.01260237981752,128.39352805551434,10.100272600686273,0.0
15,Mic,012_00018,2210.1675349847997,1606.4464096182082,990.9833343192707,1367.0356879174815,1038.1248617424085,271.1450255359306,412.67827374678296,219.13703997082087,113.2925244050742,351.91197057643745,0.0,825.2109785597872,1170.7373628220516,910.92786140003,921.6622259035996,650.115739869715,341.1854867572002,860.2538402651708,226.86978167085618,173.213007764708,346.4161796444137,0.0,0.0,2829.143117391008,0.0,0.0,99.9275391495801,100.54417267762148,105.3181935201915,125.65607955907545,0.0
16,Mic,012_00019,677.7337157415448,24.160995567962054,149.14985497251342,67.10958697189356,271.9105806972715,169.23817030094995,128.78885724312357,937.1744401436671,176.7819592226829,59.904478212828586,361.76447875850755,14.716130586013463,48.715245969776646,75.80876161986826,27.393604029733066,304.33270373095723,146.27191500593412,11.42419065324302,0.0,124.74555799265241,54.054873669346435,0.0,0.0,0.0,0.0,262.871906482466,286.9060486455729,125.5115175707221,21.9118389203083,120.66097469276218,71.341322008064
17,Mic,012_00020,1217.5173772860517,337.49890683997,392.1763833689029,767.8055780873607,991.3165532442015,210.1373947903462,984.7263808418303,1811.5328637587857,381.9374229006064,0.0,0.0,1260.8044879567035,1693.6667182159015,423.58145555101396,816.3294000860454,1054.0856848084952,544.8628833971045,1617.0941869665498,263.7361211923703,774.4620058710503,805.4176176732619,0.0,0.0,3168.846798274819,0.0,0.0,418.1967513409927,420.7773626558459,244.86479993444524,516.88145034012,132.87321224001923
18,Mic,012_00021,351.4373361070606,120.44570653024951,92.33396882291395,132.757945549816,32.045144763025746,249.97757001082076,75.09113570426692,297.43259535072997,473.933374397881,282.0409727009197,0.0,293.4473028378298,575.6488049167164,125.97218008952088,197.25431600592174,17.74430555895622,240.67855334838205,620.1339476529911,235.30360255081365,276.3879277458023,239.5294030255054,0.0,0.0,571.1563453013079,0.0,0.0,248.74156213590643,55.616999607546745,24.274081777888004,441.1078160329455,79.0323938974092
19,Mic,012_00022,0.0,0.0,0.0,0.0,0.0,0.0,0.0,0.0,0.0,0.0,0.0,0.0,0.0,0.0,0.0,642.548603221434,0.0,0.0,0.0,238.29600180647702,0.0,0.0,0.0,0.0,0.0,0.0,0.0,0.0,0.0,103.72203016858595,0.0
20,Mic,012_00023,0.0,0.0,6.195519484500836,0.0,0.0,79.6729458920744,478.66150484473457,0.0,349.54233833034743,542.878419064599,383.19602370865607,0.0,45.86775133963173,0.0,0.0,22.621887181797266,94.17758229891407,193.6156671848201,0.0,105.7085581473282,0.0,396.06460952001135,0.0,436.894000623844,0.0,0.0,0.0,265.8940680289705,46.419867286150755,85.2060911337515,151.13540728722563
21,Mic,012_00024,325.07764766920025,63.829580489828835,118.20919356864096,63.3189492072704,97.81723621281051,387.4873946488653,512.1508363716375,61.56213928258284,166.26280576255306,65.94095193344755,191.1450614716937,116.63316262319182,51.479231556714325,70.09622195879665,50.658739367041825,301.8524508885561,146.61516887406444,162.97701772339246,149.63751557013916,105.4586561186111,142.80454214064926,0.0,0.0,394.9991710722963,13.9332990392779,833.3598737422858,125.22834161511209,126.00110150450863,34.7325957353823,137.07001149938426,263.8616980652864
22,Mic,012_00025,564.1196550680739,154.10908988126482,145.4992289896044,247.04798785225688,336.5398661996396,316.64538941011074,162.5645939570285,214.55083860156853,611.6050371436257,114.62886027882868,138.44924829199732,225.2777524639732,215.43705809008532,270.78266564905,342.4669572278786,275.1684005315534,139.39884406009725,192.37241589724636,108.38470733933026,182.47597946550778,441.32472201274624,0.0,0.0,0.0,13.456131263960165,134.13669200646382,89.11346299503649,121.68599528860078,67.08624655738225,252.43763506783708,182.01809895893044
23,Mic,012_00026,478.4422440760227,779.3789188881781,700.7962864324038,647.9682653722152,2314.1087446417755,311.95654484340054,528.9357668174991,526.0293023629463,219.4137488117241,328.1983148271911,111.14001512374767,542.5245667585995,628.5773387193037,454.14918945675726,580.6879237725478,620.026281046662,380.6440519547996,280.7759847147563,522.0343842158258,337.25025905147595,232.4916834520756,0.0,0.0,7.919642107528444,0.0,161.5171714057214,252.92999393819488,200.50788415215564,26.92671339485308,229.82805860035813,109.5861544247581
24,Mic,012_00027,430.952165629644,151.9475597894237,87.71621850242418,74.20651917485819,67.16995278899164,473.0365597012121,362.89172875956007,284.27734333877044,358.0485170646079,293.0176118642651,58.33647979980263,85.43000483049374,73.31890555047192,122.24573031775294,61.84313637015495,213.52058305358722,240.03381417799616,125.27045421932715,137.00577724278975,203.8410820647613,174.3328176781952,964.728803563895,0.0,0.0,1479.824929132658,339.11613909859256,402.30567709571204,137.62799740547146,77.73485712204611,101.1776225021127,115.04174219915083
25,Mic,012_00028,381.9662360113103,53.79292921280748,87.15030741531176,55.825479080396185,23.77970742414876,270.5217036381468,304.15362426237493,603.8442879195952,360.89528981175016,37.61817616506745,309.7868237644691,40.32558082420241,77.86973417084604,25.96667926749511,0.0,292.6110771101439,223.98690541273805,101.74095308198497,145.50958410613532,68.3663012079272,185.1534753271866,992.5895060806109,0.0,0.0,90.3262144615257,360.1647270426431,376.0032093793855,103.17912340986257,67.54891032674351,281.04298749127963,0.0
26,Mic,012_00029,115.24843327927465,0.0,82.64253289383011,16.419258553057702,0.0,193.229788312962,377.2898010888238,329.68509972621575,175.60341282786504,0.0,0.0,100.81395206050603,27.81061934673073,0.0,46.91548276356583,182.88192319383998,95.78387402518403,0.0,0.0,28.485958836636332,0.0,80.04754081295249,0.0,971.2940377853851,0.0,0.0,21.36381871473781,85.98260284155215,56.29075860561959,134.322016080391,122.18226412875329
27,Mic,012_00030,491.2685576798361,29.75196974897807,21.60751423520126,29.513956490000417,156.7298898409805,764.1359810558043,225.36649529755812,0.0,522.4564348597637,995.8500654967332,0.0,18.12151617616534,59.988195450386115,140.02692745488065,16.86630991913317,499.6757339494504,188.0664303412466,379.83073552063365,174.37098921809607,184.33475842220042,133.12687895425816,0.0,0.0,507.90432028446884,64.94529469547716,0.0,61.44304886552693,216.37770715084818,40.473520650321525,260.01941447221276,658.8754325951367
28,Mic,012_00032,773.4816279229034,119.9996113208782,8.715030741531177,104.75486956850814,80.45467678503665,224.14655444303597,0.0,754.805359899494,0.0,138.84526839106715,179.67635778339212,116.944184390187,193.5619106532459,75.30336987573583,54.421960005736366,912.2150328908738,440.1637410972688,907.842350577712,0.0,429.5682592564759,322.1670470693048,0.0,0.0,0.0,0.0,1566.7165626354977,396.51247534553386,199.47963859240102,0.0,287.65576366754505,0.0
29,Mic,012_00033,383.74101113330306,37.53387661441794,8.2962667983751,39.50000233049738,19.5379509094604,365.7876681753986,320.9397182370333,207.3490698545301,230.2108204434205,349.990420419783,134.39074811541113,0.0,52.64603190931438,10.240712131786376,7.400991841215281,338.98648410680494,166.5012171012431,158.95471800119734,133.90047857454886,157.27968206266118,160.64539971724173,745.0299673488398,285.57382856467603,226.35241834980437,537.9036624574176,142.04139280466887,149.97284524770163,113.59759563993823,42.91978965306081,179.29586357337917,115.6466761109868
30,Mic,012_00034,863.0967832947878,0.0,0.0,128.19651870271974,0.0,0.0,0.0,0.0,621.365922313984,610.3088720486468,0.0,28.11158278610264,279.1758326729508,36.203543209488366,26.164403848911707,489.560840549664,189.01728986626557,567.4014691110701,135.24929291916425,95.31840072259082,309.77600679740846,0.0,0.0,787.9028558259067,0.0,2008.6109777378172,23.82887472028448,119.87959050024098,0.0,138.29604022478128,340.7005442051775
31,Mic,012_00035,144.73459291369338,31.35878344622253,0.0,4.977266530020976,0.0,175.72465069575986,397.65596724784,568.0765077989223,227.61139223681457,445.7700254466815,0.0,30.560326931233533,84.3039680545496,19.678580977979742,0.0,310.45321595832354,75.93907782538042,260.96513561902873,0.0,189.9725617188918,0.0,0.0,1097.5189299889814,13.383367324568974,0.0,0.0,25.904560671528774,195.48309531049748,79.63082924697407,137.81417248880643,0.0
32,Mic,012_00036,787.575076663192,17.363287811702637,16.8135641315714,87.27020703602695,11.0870018537028,162.16390594753403,425.4238795952832,485.40537614115374,247.31284507589993,401.80302749826507,519.9637363506523,14.10098686376853,31.119278240071687,18.159976658135648,52.49706752964923,470.67103319726533,185.50277853504602,218.93304274382126,0.0,111.56237254991336,207.1813807519645,0.0,1215.3875224701133,531.0743927733303,2147.78892586168,0.0,47.81098979246791,24.053011084292727,20.995909962224673,127.17899519063486,136.71841773892652
33,Mic,012_00037,0.0,37.16802120558175,30.849666341703276,58.993088252579,50.85630643807627,148.76983701971412,601.8144737313356,547.7348629359161,195.80557536558402,258.9086863170974,159.00562635698415,0.0,114.19581749454034,0.0,12.040256638437247,136.10946673099065,126.69031125318759,251.0625969518009,62.23861267076585,116.96889292211733,47.517263579543474,0.0,0.0,226.60922844550416,23.181063888356153,0.0,109.65499871281355,33.09949755404884,9.63086725405881,79.55081959832552,62.71302052626275
34,Mic,012_00038,0.0,19.14887414694865,66.753426956409,106.37583466821427,3.668146357980395,214.6084031901408,137.5286162004957,703.4143566722945,40.3514225221477,297.5255751237153,0.0,18.661306019710693,185.3252336041716,36.0494855788097,0.0,260.66510712245406,128.20303138755403,253.51980534749939,0.0,110.73158892454165,102.81927034126747,0.0,0.0,0.0,1086.7973250636762,0.0,174.00148519152415,127.3274288887666,83.35822976491752,198.91090040840882,158.31701883917182
35,Mic,012_00039,501.3306847648448,47.36826762666246,116.96488626791842,0.0,81.66452154872141,265.43670920885836,446.5156058877935,15.890639155778821,363.22179600711024,183.99607935282395,0.0,46.16217804875802,25.468672454374456,44.587521636948836,42.9647052676866,343.336747385488,241.22412484763453,152.30249960349775,111.0467878704717,241.30605656613778,42.39040093017168,0.0,0.0,414.4265350215872,0.0,618.4407484087491,205.4299831148736,118.11294390339533,103.10096839345063,127.74186873394271,0.0
36,Mic,012_00040,400.8507607394815,0.0,39.022525708348546,26.65066220365709,0.0,250.91032213772678,0.0,253.4794119065465,463.90752344077777,227.5848615685136,0.0,32.726917273373225,18.056148381832635,0.0,0.0,267.1577348148819,95.6739040205627,139.7331976169053,78.72720035593143,18.49461506557732,0.0,0.0,0.0,0.0,29.32231588862961,0.0,138.70539016285,13.956131431371338,0.0,114.04263018536068,158.6545817791274
37,Mic,012_00041,90.65654335711478,68.35420898024708,140.65397715762342,81.36885725977329,43.64629843672875,0.0,115.0605313544495,869.4593386184046,1193.6586416273863,0.0,0.0,55.51147993205079,0.0,35.74527051063409,0.0,161.1212892948261,186.62466594390776,86.18756492826381,0.0,282.3355160643829,305.85479152149185,0.0,0.0,0.0,0.0,0.0,117.6362169735563,71.01727639761111,20.6636961969996,352.74243171257507,0.0
38,Mic,012_00042,0.0,0.0,0.0,0.0,16.419321792864622,160.10468174502566,538.6537467852746,0.0,90.31032659718774,878.4088408414453,0.0,0.0,0.0,0.0,77.74565715105194,227.29610454091542,115.99321887445363,0.0,0.0,165.21856125249073,0.0,0.0,0.0,5267.693378950349,0.0,0.0,0.0,0.0,0.0,308.2026039295126,101.23673313525273
39,Mic,012_00043,490.5388304939773,73.97236314300712,0.0,39.136314907288224,70.85049814729254,690.8626678038778,124.5175613287878,0.0,620.6257604053312,0.0,0.0,0.0,198.8649766985403,0.0,55.91297260863325,1373.1175630485438,482.9566250901007,559.6288462465347,0.0,271.59215548354643,220.66236100637312,4006.763207267513,0.0,3735.7928215444103,0.0,0.0,611.0637462516787,409.88966834055,134.1724931147645,270.9086815362154,145.61447916714434
40,Mic,012_00044,6366.103933521839,999.9967610073186,145.25051235885294,0.0,0.0,1867.8879536919662,201.99515504447803,0.0,3465.240679803203,1487.6278756185766,598.921192611307,0.0,215.06878961471764,0.0,181.40653335245455,7778.57779984466,2478.5919401593774,832.1888213629027,468.86421545310276,385.50997625581175,1073.8901568976823,0.0,0.0,0.0,0.0,0.0,1073.8879540608207,1994.7963859240099,217.65759994172907,2477.035742692749,5669.257055574152
41,Mic,012_00045,491.0994463002562,119.9996113208782,74.70026349883865,326.50868436937606,0.0,480.314045235077,0.0,761.9939823747272,883.0343045058354,141.67884529700729,0.0,0.0,0.0,0.0,0.0,697.0413872588073,115.99321887445363,226.960587644428,0.0,212.4238644674881,0.0,0.0,0.0,0.0,0.0,0.0,106.20869875326798,284.97091227485856,0.0,102.73420130983753,0.0
42,Mic,012_00046,153.78241863952297,0.0,0.0,26.290960014405275,10.57686373159991,103.13491768851347,446.1242688098901,157.44406280112142,497.7225566041327,757.5037648855329,0.0,0.0,148.4370480469677,0.0,0.0,97.61182403597594,62.921733196345535,73.10080276891087,0.0,98.82705350992543,148.2363713509071,0.0,0.0,0.0,24.10546214157281,0.0,91.22219524820564,149.15080339539185,30.044760728152788,248.16927463649398,0.0
43,Mic,012_00047,0.0,0.0,0.0,0.0,0.0,0.0,172.4348884526032,938.9042281676632,128.4903020691695,0.0,0.0,0.0,0.0,0.0,149.3285487962278,58.20997799218566,39.086290057181095,0.0,257.3035328706052,0.0,0.0,0.0,0.0,0.0,0.0,0.0,0.0,0.0,0.0,153.47487390798898,0.0
44,Mic,012_00048,464.16150198842774,9.11389453069961,49.64258017327885,61.47869215182872,205.13760265262508,297.9163065382123,0.0,577.0916928851827,290.74590377069296,60.25834432885373,136.4630565443484,77.7160719048711,196.01206142100847,57.19243281701454,30.999850636178945,946.5875746071034,368.3808623414527,732.5943018902424,480.734195591156,583.4933998663914,774.8321385211128,2961.9616620813,0.0,0.0,59.6839037328056,0.0,169.39615244192106,246.19322484505184,66.12382783039871,304.951521609581,26.911030327092497
45,Mic,012_00049,294.2347134060037,0.0,32.46004677996939,0.0,46.70055408354273,341.532560381601,148.19057649989924,255.57743563188285,390.0536302993661,117.53267640327356,365.0309751807063,29.698015223241622,76.46350872306553,50.99551007386172,36.854600455351935,301.6932493680773,209.81308748527462,138.32812339502382,142.88187152634057,83.91461914629892,72.72393839036225,691.6974858509755,71.1033708593313,0.0,248.34611560753567,0.0,83.91206447775123,101.31584352887185,81.06885776610677,162.33395240832112,47.990324962535155
46,Mic,012_00050,421.8633942248205,12.328727190501187,0.0,58.70447236093233,82.65891450517464,115.14377796731299,421.9761800586698,527.329771984578,223.71393689029378,804.949329957997,0.0,300.370336618631,132.57665113236018,77.36647589972857,0.0,65.38655062135922,219.52573867731851,93.27147437442247,144.512943119107,458.3117623784846,330.99354150955963,0.0,0.0,0.0,0.0,0.0,101.84395770861313,204.944834170275,22.362082185794083,369.4209293675664,145.61447916714434
47,Mic,012_00051,568.7364911197819,86.02913311607078,67.28516381329217,84.02797024211884,361.28544459667194,556.2460450332693,1035.9677988494368,0.0,859.9402422305743,1252.4514099876988,396.34490687512965,128.98255631270627,160.11555109183942,0.0,75.03027574320271,1093.8625031031554,358.21435240640096,375.48626632350226,0.0,309.7848023484201,59.22188365244573,0.0,0.0,0.0,0.0,0.0,204.99840752009445,261.26698988434873,24.006352934749536,79.3168465995069,117.24106962354637
48,Mic,012_00052,4753.818915575546,4199.986396230738,3580.740891629114,2546.412837337253,7120.988473209765,1461.8253550632778,483.0318924976648,1465.8538873410462,610.7944794012697,603.6750799611616,781.2015555799655,11185.965463409191,10309.275676096791,12850.683772272308,13428.027088371906,4450.391843982272,7924.433751708955,8437.013149390694,19569.984644999073,9661.694125417393,14240.717297991005,0.0,0.0,0.0,0.0,0.0,1616.219328854078,433.65138824434996,189.26747821019922,521.1155138904802,770.2794912464883
49,Mic,012_00053,393.580074268411,48.64849107603171,123.6592199811856,135.12606025421812,15.53179088514221,227.1755619355094,259.3181044489921,149.60106232242225,208.82568011962329,549.4841702735283,0.0,19.754085201045097,152.58258722665778,50.880655321443115,128.7005810946468,308.18075435502493,268.5333765550117,107.34622388587812,95.04004367292623,33.49024890253191,145.12029147265977,0.0,0.0,0.0,0.0,705.7281813673411,16.744614668308014,134.7835395894601,29.41318918131474,105.27941800895512,191.52895458020785
50,Mic,012_00054,557.0340941831608,724.9976517303058,36.312628089713236,0.0,359.1726642189136,0.0,378.74091570839624,125.80089331658235,234.1378837704867,0.0,748.6514907641338,304.5421468494453,336.0449837729963,156.88202057444963,113.37908334528409,618.7505068058252,418.440449667711,0.0,293.04013465818923,68.8410671885378,0.0,0.0,0.0,0.0,0.0,0.0,309.7753713636983,103.89564510020885,0.0,224.73106536526956,0.0
51,Mic,012_00055,117.30644101640458,46.551573357237245,50.71246336666848,24.62888782958655,178.34780568111574,217.3835118520823,0.0,0.0,299.73685982687306,147.48034973804855,0.0,75.61046404537952,41.71592902009609,0.0,70.37322414534873,726.9556446955139,174.06877106499792,73.37087962643147,0.0,74.77564194617038,208.297659743085,4322.567203899434,0.0,0.0,0.0,0.0,128.18291228842685,48.365214098373094,42.2180689542147,131.73890038653732,137.45504714484747
52,Mic,012_00056,582.0598561126417,31.80201713450836,4.619274244627832,5.047616586982403,12.183949033574454,237.6111884555151,85.65165584924863,1472.2705253163274,201.04418995133662,73.59289844049496,190.4696372262107,108.47296255273528,51.29732614485315,0.0,28.845561840496302,669.0376504684895,262.74826220770785,180.44569689044633,0.0,166.38618359349772,113.83994596088506,590.5981103089922,0.0,0.0,27.768129534108606,0.0,91.94746005141575,158.59688580667924,80.75635333527052,171.52618416571812,0.0
53,Mic,012_00057,183.08531989263935,76.69148091935826,22.93429142508204,0.0,0.0,42.13281098553307,68.3442253909888,3.7834855132806715,367.0507426026051,499.60434920523625,0.0,0.0,72.76763558392703,0.0,0.0,526.3699263052778,109.24569090668763,68.25882335170766,52.879422795462716,86.95713750131091,0.0,0.0,0.0,0.0,0.0,0.0,9.316552522216488,0.0,24.547849617488243,99.1294924919485,0.0
54,Mic,012_00058,46.63541253626463,0.0,0.0,33.22036032827953,8.018738550003654,78.19065852664045,42.27805570698377,308.943589168165,39.20448286389545,76.11119363629926,0.0,0.0,22.50719891316813,0.0,0.0,325.61488464466015,77.51811200177686,47.50337880929889,0.0,46.10750546581137,0.0,2396.958454668782,0.0,0.0,73.10121542467662,0.0,51.86936450740994,0.0,0.0,91.9829476843894,0.0
55,Mic,012_00059,232.3705007211664,30.50837575954531,31.652654024931635,24.2114490528139,20.872019228217745,122.11374031400264,229.87342099492653,409.38595791158997,625.0290965059602,248.5383133600043,65.25775706418598,127.42102415395678,105.4514041089112,41.024838310025565,39.53169007680607,315.90306054839095,186.25137731848042,140.13305048263715,0.0,120.01348274999329,312.0261957087697,0.0,0.0,0.0,1769.5627147898415,0.0,162.0132692846461,54.33767395071456,23.715719121980168,161.0663325620334,77.21445747604022
56,Mic,012_00060,238.72889750706898,50.84729293257552,18.46404818121012,0.0,19.48055127966989,332.42073752145166,213.97791847931995,486.1458250200131,86.31354189844212,12.607015895072683,0.0,12.38815512607913,41.008879375687684,15.954103787232164,0.0,251.69512141253912,190.13161434594875,57.701844316380004,0.0,98.01101091249451,227.51910103764462,0.0,0.0,0.0,0.0,0.0,31.502580138681182,21.131317647500104,36.89111863419137,66.0226858700227,0.0
57,Mic,012_00061,211.5681247368036,28.742421873264245,7.827871923530996,28.51248491249541,20.647051356296828,100.66462025884846,112.89150381727313,69.3034861384765,18.927313957494434,326.6248828703462,376.56721691130076,0.0,106.24655774379764,11.2729595622359,16.294000001717475,336.63415083704433,120.27030888652772,61.15704457484588,126.34065685862049,34.6266445738753,64.3047998142325,0.0,377.23105737345827,0.0,0.0,0.0,185.49423434951993,67.18999802887758,32.58347304516902,96.89004015748151,42.434558799207736
58,Mic,012_00062,274.622546072713,29.06145985571218,50.12681657591091,136.93761043493635,93.94304194302967,390.16428497904843,452.501760039093,447.85625794238393,354.04199680128585,190.6445410732182,108.78487857723032,53.10280824983264,43.946952469203154,39.89330896545036,49.42458527261627,287.38851563044096,189.523149326707,109.93045617489955,63.87151270047313,157.54948575540237,243.81966226233962,1152.4907288791183,0.0,0.0,15.859496787391999,395.2362670624363,251.3212901881064,173.61371169116637,39.53417556963798,154.2049691709216,139.44312888962662
59,Mic,012_00063,254.482581098906,91.37026242706465,112.80877355789085,116.01831424292548,105.01698202542855,85.33498265597815,0.0,237.55295590745496,32.089963765498176,0.0,0.0,155.82664163667047,294.76433094402927,0.0,124.31412184051453,177.6832492350303,91.10875327034296,17.28126301861127,0.0,50.320373985530175,81.76828605819918,0.0,0.0,0.0,0.0,0.0,18.869565768347105,94.9300310560284,49.71874110344066,264.65790438955605,0.0
60,Mic,012_00064,215.68556763186925,128.57101212951238,90.85167182291187,68.94186747664189,49.92361355938567,421.897472165946,50.6937647795022,253.5446575724169,160.68729281932048,580.1174341215298,156.0895000048773,93.12640166206975,102.75970160162666,65.417985413284,55.15739189770577,525.2382956283316,242.54627559807517,72.29439567824444,40.731447288396964,95.68642543580545,155.4860265778498,0.0,851.3187375860477,667.3598030764799,743.3603325279615,604.9098697434354,150.70153201477214,166.0725755655848,63.028262531388734,104.12250132753802,41.04191883861598
61,Mic,012_00065,368.94465978365196,136.36319468281616,118.84132829360695,36.072613487778284,121.9010254318737,424.51998947544683,285.6497142043123,625.192318300591,383.13471889716004,180.31853037800929,0.0,110.74259885434374,219.95671665141577,142.6200187040451,41.228757580103306,160.71441735216243,93.88605833937038,103.16390347474001,0.0,62.58278835321619,81.35531491649111,0.0,0.0,1396.7368807822893,0.0,395.63549561502464,18.77426493113323,226.68140749136478,115.4244848175836,208.84099003641214,0.0
62,Mic,012_00066,0.0,319.9989635223419,87.15030741531176,126.97559947697957,0.0,373.57759073839327,100.99757752223901,0.0,0.0,727.2847391913041,898.3817889169603,97.4534869918225,161.3015922110382,0.0,317.46143336679546,406.60747590097094,391.7314847953039,0.0,0.0,110.1457075016605,0.0,0.0,0.0,0.0,0.0,0.0,82.60676569698622,207.7912902004177,0.0,299.6414204870261,0.0
63,Mic,012_00067,583.9676108249839,221.53774397700596,40.22321880706697,120.87100334827862,0.0,129.31531987098228,240.8403771684161,0.0,559.2293300825855,205.9792443164183,0.0,202.40339605993904,148.89377742557377,43.444251851386056,94.19185385608218,12.239021013741601,236.68251948471513,157.1265606769117,162.29915150299715,133.44576101162713,0.0,0.0,0.0,0.0,0.0,0.0,57.18929932868277,57.54220344011568,0.0,221.27366435965007,572.3769142646981
64,Mic,012_00068,45.11412236354059,106.29886829605356,5.146671697754631,0.0,0.0,198.55501869953972,174.95643350309118,196.13052658805748,273.7753995269077,210.8448957569636,318.3242559154584,0.0,133.35958411148832,0.0,128.5558110371725,156.60164682937085,138.8024946125093,120.62865878739284,166.13298972747734,107.32701813646052,0.0,0.0,0.0,272.1987228296194,0.0,0.0,278.0660813815874,265.0566063973832,25.70759054429871,346.82904576057354,125.54949188033312
65,Mic,012_00069,221.11552822448158,71.50941650790132,37.09576081809524,43.77847711819812,62.620795941004694,305.3074521358038,249.9145505090591,181.63307184868643,197.32960124811166,293.81072685315814,30.591888385367554,14.933281207600496,148.302258446017,32.05308025357654,32.43079341999045,344.94312346334164,244.47343102280448,343.9187111297519,191.59037180830535,222.2292793237248,201.12585231341387,0.0,0.0,287.74999303290065,1391.4953265287477,177.833889061918,126.582444598106,114.62720435573554,55.587922800101076,208.1504532781611,84.45970358048893
66,Mic,012_00070,114.68348997888606,49.99983805036592,121.75410594786202,65.35508796609241,53.52376956987732,247.22046445923084,183.18188080013937,162.8011560567536,580.1799031665737,588.2450096400254,308.2682609028786,0.0,55.348585562611156,27.685062454314636,80.03229412608287,501.759864762707,200.05538394626487,305.95177255989074,34.47530995978697,113.38528713406227,184.24586025205335,0.0,1749.9329605935427,351.4664700007721,0.0,0.0,188.29483357401267,48.89206828245123,16.00423528983302,185.07264206551613,121.58333146145549
67,Mic,012_00071,73.31044884075347,0.0,5.146671697754631,0.0,20.36254474311951,0.0,0.0,0.0,12.444336342132166,0.0,0.0,0.0,0.0,0.0,0.0,175.39384444889538,37.85522580341162,13.403184309710316,0.0,9.757001648769137,0.0,0.0,0.0,0.0,0.0,0.0,0.0,0.0,12.853795272149355,42.46886274619268,0.0
68,Mic,012_00072,589.3976608308496,25.83723688727043,6.254806752295103,0.0,115.48518198809087,0.0,33.826939839984355,7.223017798081282,423.4646893073874,128.12106105805924,128.95432376798476,83.93123281592368,92.6133543795435,0.0,0.0,30.451152761462353,272.96817687780634,162.89037390748422,0.0,177.86687216177233,77.07345623667578,0.0,0.0,1580.5180493062749,0.0,0.0,337.93676876039814,250.54260827992945,109.34951193244763,215.05365106724363,0.0
69,Mic,012_00073,206.35887750611045,22.881281819658984,66.47057345235643,0.0,0.0,71.2330151831682,453.6331871761582,466.9558582429073,178.5797418588458,94.55261921304512,0.0,0.0,102.52219843921922,0.0,51.88534322580797,310.1243460261643,97.78197309220222,0.0,0.0,94.5106176656197,0.0,0.0,0.0,0.0,0.0,0.0,15.751290069340591,126.78790588500064,41.5025084634653,144.74204209966516,135.12530058307038
70,Mic,012_00074,386.32477189940613,41.07870512021765,154.59235029064638,189.67309465440928,121.61198921271102,348.7757589881265,528.0371272946935,106.48706322233527,150.82948736667245,256.168285635564,0.0,154.67202810942783,180.71132737336234,82.0213053625753,135.49035686075442,247.57355785058212,178.2075332565585,197.76648715904514,87.5472601468449,128.54141176282994,167.0990908035813,28.896830086003593,0.0,0.0,0.0,0.0,61.69799927575733,15.519681425757339,60.962190855048604,294.6681189021792,66.1609355551963
71,Mic,012_00075,0.0,0.0,17.907597414105155,0.0,11.808416357882091,230.28755593462597,193.69398428922548,0.0,28.866314437457262,20.378464049569544,0.0,0.0,66.28832556618009,0.0,111.8259452172665,490.3991296601942,114.15338411220563,0.0,0.0,0.0,0.0,0.0,0.0,0.0,0.0,0.0,254.60989427153285,76.85431281385311,0.0,0.0,0.0
72,Mic,012_00076,0.0,48.64849107603171,176.65602854455085,405.3781807626544,652.3352171759728,454.3511238710188,1542.260305407163,0.0,0.0,743.8139378092883,1456.8353333788548,474.0980448250824,392.35522429712006,152.64196596432936,220.6295675908231,279.51277720572034,346.49467942582163,874.1049659278648,0.0,167.4512445126595,217.6804372089897,0.0,0.0,0.0,0.0,0.0,251.16922002462022,0.0,0.0,97.1810012390355,0.0
73,Mic,012_00077,904.3374337767781,15.254187879772655,105.24507463289768,12.10572452640695,51.136447109133464,213.6990455495046,607.6972884812685,313.43612402606107,218.76018377708607,252.1403179014537,114.20107486232548,92.91116344559349,102.52219843921922,0.0,51.88534322580797,350.5753476817509,154.8214573959868,201.95645510733002,89.4020749804645,304.5342124781079,68.25573031129338,0.0,0.0,0.0,599.368016299785,0.0,78.75645034670296,190.18185882750097,96.83918641475235,83.79802437349035,0.0
74,Mic,012_00078,990.0227808381389,39.70575374587882,57.67299755425043,84.02797024211884,50.70672906619958,123.61023222961542,0.0,0.0,38.73604694732317,98.44596235711168,0.0,322.4563907817656,177.9061678798216,0.0,0.0,1041.2167141837522,400.6344730861063,575.7456083627035,620.5555792761655,291.56216691616015,473.77506921956586,0.0,0.0,0.0,0.0,2879.993681315253,54.66624200535853,220.01430727103053,120.03176467374767,370.14528413103227,234.48213924709273
75,Mic,012_00079,129.09803041154802,0.0,0.0,0.0,0.0,72.1501784687884,86.69319958990472,511.84226121939935,235.14276739181926,0.0,0.0,0.0,166.14756279248576,0.0,0.0,443.86149170007087,27.511380126084553,102.27837640628731,0.0,85.09110450772056,138.2691189138647,0.0,0.0,0.0,0.0,0.0,31.90819275849253,112.36782216846623,0.0,15.432176162421946,0.0
76,Mic,012_00080,447.6166828257543,136.95607813795883,103.01734708059949,46.58072263421805,23.424304188190018,182.72816938290973,268.96094014074515,402.0158982073392,274.8575157305713,456.79877702418247,219.71293750686533,35.750599847543576,157.79503585862437,15.347154186630942,66.54859239831892,570.710871184255,339.6683576164814,185.0222181883924,57.33393938964572,255.90918454869487,87.54539322535456,0.0,0.0,521.8785899662087,21.354295266719394,851.4763927366835,191.92604530142174,213.437792651516,53.23147824661853,175.87648593803706,0.0
77,Mic,012_00081,762.0226408425641,187.19939366057,47.06116600426835,62.85292174110488,193.09122428408799,67.24396633291077,428.2297286942934,132.84574334231095,101.14756578885024,398.6842706657785,215.6116293400705,17.541627658528046,58.06857319597376,90.36404385088298,97.95952801032544,725.5291656946019,333.32788160764045,258.7350699146479,0.0,237.91472820358666,451.0338658970267,0.0,0.0,0.0,94.30056789783283,0.0,223.03826738186277,329.14140367746165,0.0,345.1869164010541,552.7525629184798
78,Mic,012_00082,240.34739850711688,18.305025455727186,50.96077298013993,59.31805017939405,8.76624807585145,242.19225162277186,345.788316262581,406.8272956746426,239.29685409085334,208.0157622686993,68.52064491739529,29.731572302589914,53.311543188394,4.78623113616965,58.80338898924903,273.7184445361363,189.0451479782576,98.09313533784601,17.880414996092902,77.70873008062064,81.90687637355205,0.0,0.0,0.0,0.0,66.38629502692787,157.51290069340592,82.41213882525042,58.10351184885141,173.6904505195982,72.06682697763755
79,Mic,012_00083,563.1553479653935,15.384565553958746,96.83367490590196,12.209192257401881,0.0,95.78912583035724,569.7299244844253,215.04426207962794,135.07954832912694,207.67454673877563,0.0,12.494036793823398,55.14584349095325,0.0,58.143119664248246,358.10468892058753,138.79530463609836,290.9751123646513,60.1107968529619,105.90933413621201,183.57096699105685,0.0,0.0,0.0,0.0,0.0,84.72488789434483,85.24770880017137,46.50803417558314,35.85452894716551,151.42246409119
80,Mic,012_00084,239.45451725633058,153.1909931755892,23.840509627288935,26.051224816705535,5.240209082829136,102.19447770959086,132.00291287101146,316.6052877389975,313.84439739448214,447.6448622682039,0.0,0.0,117.66681498677562,17.166421704195095,62.031109429030806,444.9200344205152,130.54108059219024,144.86846019857106,0.0,120.52417842126985,0.0,0.0,0.0,0.0,0.0,0.0,135.58557287651234,0.0,0.0,169.4021404577108,129.23838272585456
81,Mic,012_00085,281.20213694084197,0.0,32.07986776023746,236.61864012964747,105.7686373159991,103.13491768851347,235.45447520521978,129.65981642445294,193.91787919641536,0.0,0.0,0.0,29.68740960939354,69.29757964024769,50.081558287487454,312.357836915123,259.5521494349253,501.26264755824593,0.0,15.204162078450068,0.0,0.0,0.0,0.0,48.21092428314562,0.0,182.44439049641127,229.462774454449,20.029840485435194,187.50567416979544,0.0
82,Mic,012_00086,270.98955933234856,0.0,70.66241141782035,4.825930723364933,0.0,170.38167145163206,109.18657029431243,183.60130375933636,99.66680187527474,5.025769850062759,0.0,0.0,32.69626869142667,0.0,27.578695948852886,365.5167086536342,123.43872954544898,138.0165735675576,0.0,41.86281112816488,54.420109302247425,0.0,0.0,908.3508430763198,0.0,264.64806801275296,0.0,12.635956836511888,11.029945942993029,85.03337608415606,0.0
83,Mic,012_00087,430.106608731744,34.71063137380775,50.41753321546962,247.91723451600348,4.749390601241833,277.86762947483794,575.9365990937596,191.30053198554668,124.80903721649909,827.8259803717698,296.9857153444498,48.324043136440906,93.31497070060064,62.234189979946954,44.976826451021786,508.441974895932,176.58819750351793,75.02829343617455,0.0,211.64361152178566,355.00501054468845,0.0,0.0,1216.8541006815399,0.0,0.0,163.84813030807183,144.25180476723213,98.93527270078596,128.77151954814346,0.0
84,Mic,012_00088,153.46857696883006,0.0,0.0,0.0,0.0,343.0814608821978,0.0,0.0,252.65388988498947,45.53962884546663,0.0,0.0,98.75607686390094,57.63013000694067,104.12364797015886,251.64925859887063,143.90136176154022,347.388654557798,0.0,101.15422117499432,0.0,0.0,0.0,0.0,0.0,1598.6903700362218,303.4534250093371,133.58011512883996,33.31493876659118,192.62662745594537,488.1056776163971
85,Mic,012_00089,655.9016173931592,24.24234572138954,158.4551043914759,96.19363596740877,179.94913278038499,679.231983160715,595.1035712589841,838.6726221105489,308.6363013338234,395.6989972184092,181.49127048827486,44.2970395417375,195.51708146792515,133.11201745710875,41.228757580103306,894.6435899270374,394.9689350828684,217.7904628911178,0.0,216.95366629114946,271.18438305497034,515.8619296834717,0.0,646.6374448066155,0.0,2373.812973690148,262.8397090358652,138.52752680027848,164.8921211679766,520.58913458352,357.9076423973582
86,Mic,012_00090,71.97856206243284,126.63275566524838,65.69118649395358,179.45672036633417,69.30768997993108,337.90937855734063,299.4400539604071,1077.2096593540518,307.0853651462162,463.48205170026,135.4344405402453,352.59553082468443,534.9701048205288,227.04533630875122,512.769723672139,431.7483794797288,267.35808053183376,581.6577874304437,424.09828533446483,373.6098118774916,242.83948271555636,0.0,0.0,0.0,0.0,0.0,112.07953134766974,75.18076831371897,229.68892456162368,144.5506350088166,0.0
87,Mic,012_00091,658.8917571195103,23.999922264175648,17.430061483062353,190.46339921546934,114.93525255005235,112.07327722151798,0.0,0.0,0.0,317.3606134652964,0.0,0.0,290.3428659798688,188.2584246893395,27.210980002868183,10.60715154524272,115.38272824879861,204.26452887998522,421.9777939077925,231.30598575348705,644.3340941386095,0.0,0.0,0.0,0.0,0.0,173.47420796367103,0.0,152.36031995921036,131.84222501429147,354.3285659733845
88,Mic,012_00092,0.0,63.636157518647536,99.03444024467245,0.0,78.36494492049025,169.80799579017875,147.92574485580462,0.0,21.285262160953337,165.29198617984184,136.11845286620613,110.74259885434374,293.2756222018877,57.04800748161804,247.3725454806198,361.6074390423654,252.52112243003066,653.3713886733534,213.12009793322855,337.9470571073674,81.35531491649111,0.0,0.0,290.9868501629769,0.0,791.2709912300493,356.7110336915314,37.780234581894135,32.97842423359532,154.36073176604373,107.37229271920745
89,Mic,012_00093,945.0710994094276,148.453127407272,148.24536828377774,294.5310297146433,53.32047798713769,346.6183831593339,531.0181910963081,1042.7208064590948,0.0,15.336369851737903,0.0,45.21038056321662,249.43545187273955,640.4668056441448,336.63068044785376,951.3630767382646,489.0218723030411,1193.2979350377143,217.51432675659404,817.5763855793356,332.130976360108,10769.282552670413,0.0,1544.3302109680467,0.0,0.0,498.1954426055354,655.5065443435858,336.5839174356635,444.82850051682226,547.9307721237906
90,Mic,012_00094,254.64415734087356,0.0,58.10020494354117,0.0,229.8705051001047,0.0,0.0,0.0,0.0,0.0,199.64039753710233,259.8759653115266,322.6031844220764,0.0,0.0,459.64323362718443,436.83995880203594,554.7925475752685,1094.0165027239063,917.8808958471708,357.96338563256086,0.0,0.0,0.0,0.0,0.0,302.89147422228274,55.411010720111385,0.0,93.22177526263033,0.0
91,Mic,012_00095,238.72889750706898,25.714202425902478,180.52563678886006,13.604528515390667,147.77389613578163,240.1570226175385,1067.6886766636696,402.56285861306344,707.4308916779704,0.0,0.0,396.7749113238487,207.38776141419203,107.57624267962258,116.61848572657792,462.16874589986134,549.4415630895172,940.2652916697732,502.3545165568958,1026.7153449261923,383.5321988920295,0.0,0.0,0.0,0.0,373.0277530084518,70.80579916884533,106.86409210307197,15.54697142440922,222.590769504648,50.61836656762637
92,Mic,012_00096,458.3594832135724,731.9976290573571,575.1920289410576,419.01947827403256,1218.313677030555,112.07327722151798,0.0,231.4736437025115,611.0998766409703,0.0,0.0,467.776737560748,806.5079610551912,527.1235891301507,625.8525400659681,540.9647288073786,478.624650513535,1134.8029382221403,984.6148524515158,991.3113675149445,429.5560627590731,0.0,0.0,1101.0942410167047,0.0,0.0,74.3460891272876,49.869909648100254,43.53151998834583,107.8709113753294,141.73142638935386
93,Mic,012_00097,362.8258574446643,114.97760115546701,77.74421696740366,84.95338841659151,49.36646309969209,111.0858474662623,93.433882289296,339.16364189316477,364.35774203490934,55.70412750113613,118.72887078197715,135.23281234548054,181.1978238494042,99.51987208247024,71.92329516176612,290.8789355468543,213.20107642643893,119.9791652745875,0.0,212.8917584420861,106.44285696122404,0.0,0.0,262.2727292658373,0.0,172.54587694223542,221.07317251506223,107.09947556585406,43.14798236730312,134.64063828051394,70.2413456775432
94,Mic,012_00098,601.7033178802704,756.1313798843441,277.0019064687418,355.79129407350683,807.5376480282489,62.49439250270519,52.563794992986836,0.0,191.92343260740637,0.0,0.0,864.0392805780543,503.69270430212674,566.8748104028439,531.0693123236355,289.82365746295164,183.48760997846952,101.24635880048834,0.0,304.0267205203826,179.64705226912906,0.0,0.0,0.0,0.0,0.0,96.73282971951916,180.7552487245269,121.37040888944001,167.0862939518733,39.5161969487046
95,Mic,012_00099,2365.586348024592,1090.9055574625293,653.6273056148382,367.94065757533843,470.1896695229415,254.7119936852681,0.0,0.0,0.0,0.0,0.0,996.6833896890936,439.91343330283155,684.5760897794165,927.6470455523242,0.0,718.7139638393179,928.4751312726601,1598.400734499214,1013.8411713221024,0.0,0.0,0.0,0.0,0.0,0.0,56.32279479339969,170.01105561852359,247.33818175196487,0.0,0.0
96,Mic,012_00100,918.1880673348807,461.5369666187624,703.9063291236719,659.2963818997015,2077.6757191740235,862.1021324732151,0.0,2283.7700632856486,0.0,305.1544360243234,2073.1887436545244,674.6779868664635,620.390739273224,579.2566913518139,418.6304615825873,856.7314709619119,493.08858225982317,349.17013483758154,540.997171676657,444.81920337209044,826.0693514597557,0.0,0.0,0.0,0.0,2008.6109777378172,0.0,0.0,0.0,368.7894405994167,272.56043536414194
97,Mic,012_00101,248.88757399673145,114.89324488169191,120.52702089351627,197.55512152668362,18.34073178990197,357.68067198356795,85.95538512530977,695.9198353683278,601.5350950060908,110.78079924819188,95.57253073584685,248.8174135961425,85.79871926119056,180.24742789404849,318.4263617356915,490.8628640617641,247.76826988020193,386.31589386285617,74.81875778506958,228.4937549236574,114.24363371251941,0.0,0.0,1089.6528857166795,0.0,0.0,158.18316835593103,172.4225599535381,46.3101276471764,108.38093932509454,452.3343395404909
98,Mic,012_00102,14.39571241248657,289.4462986634249,118.24413568911646,215.34806443960102,121.28845746487939,168.95468927867032,284.2142885047932,166.89163736471224,10.589150522283319,0.0,135.4344405402453,418.7071928543127,291.8018753566521,283.80667038593896,246.12946736262677,271.8415722650144,238.36744529344216,205.29098379898014,954.2211420025458,261.52686831424415,809.4649423851878,0.0,0.0,0.0,118.46805012290558,787.2947550932149,205.47914080406116,281.92788117644614,328.1270350880338,90.34414688051038,320.4982003779358
99,Mic,012_00103,734.0913598342371,0.0,228.76955696519337,44.63985919112562,86.20143941253927,315.2060921855193,113.62227471251887,698.194957907032,434.61844674896594,371.90696890464415,0.0,109.63517286580031,211.70833977698769,282.38763703400934,127.55146876344459,636.4290927145632,220.34896019735845,595.7715425666236,263.7361211923703,123.91392093936807,302.0316066274732,0.0,0.0,0.0,0.0,0.0,139.39891711366423,93.50608059018798,0.0,258.44072517006,132.87321224001923
100,Mic,012_00104,412.1136488846758,235.1469833037427,150.4460983374744,153.28897215241895,72.39312174614496,418.3139429730064,276.4474905740912,138.51793540923842,455.5310926856592,474.282604201879,209.57584500395654,95.48319876337196,240.8235280289218,131.7516191449499,152.34763298650924,368.6933701962283,283.12333525711773,174.7208256360682,262.5056260701664,258.23429869168456,325.6743088569955,1732.9109924048191,0.0,633.2018674152991,36.66429545016828,487.3146384558313,254.37231116645833,238.49140306051055,81.24078380406685,274.01112791037536,165.31659376674241
101,Mic,012_00105,700.9486777867131,0.0,333.76713478204505,0.0,110.04439073941184,0.0,0.0,0.0,0.0,0.0,0.0,186.61306019710688,0.0,0.0,0.0,0.0,95.47034252264662,0.0,0.0,210.9173122372222,0.0,0.0,0.0,0.0,0.0,3333.439494969143,79.09158417796552,0.0,69.4651914707646,0.0,678.5015093107364
102,Mic,012_00106,331.5679132042624,1299.995789309514,641.5230962516006,1719.4612429174315,702.3820989169867,155.6573294743305,0.0,0.0,0.0,0.0,0.0,1096.351728658003,1120.1499459099878,941.2921234466977,1133.7908334528408,692.4112814255664,267.08964872407086,598.923772950574,390.7201795442523,481.8874703197646,298.30282136046736,0.0,0.0,0.0,145.52556774356918,3626.6587098043924,1307.9404568689483,1073.5883327021581,816.215999781484,266.34792932180096,3740.134863052393
103,Mic,012_00107,1264.7552229629825,3963.816948418371,2016.5097726415222,1671.6202590719386,6896.115153003141,894.20167995892,376.0548099232303,3260.1167672254737,0.0,0.0,860.1527766226218,2146.0501922667295,1904.7315675984303,2944.0413222694588,2344.7759364173644,1777.2620940167321,1050.1737677491126,1014.0792213899975,673.3688200656263,975.4925690971528,514.0963517063374,0.0,0.0,0.0,167.1995884713348,20000.636969814863,1740.0148519152415,1870.1216118037592,1597.699403827586,1377.0754643659072,4749.510565175154
104,Mic,012_00108,831.1302357653511,0.0,129.11156654120262,105.81299956414964,297.98028438902463,830.172423863096,1384.0408771566085,0.0,0.0,734.631049688186,0.0,0.0,179.22399134559805,0.0,151.17211112704544,1198.2152671477886,356.1195316320945,546.3865998847341,0.0,214.1722090310065,0.0,0.0,0.0,0.0,0.0,0.0,229.46323804718392,138.52752680027848,0.0,0.0,0.0
105,Mic,012_00109,437.4736446927569,79.80269718383528,45.077745214816424,63.331425847508285,50.95651590889021,248.43829925952258,298.5150074548936,684.1585528153048,326.9856652656797,0.0,0.0,0.0,166.86371608038436,222.5715365785295,0.0,352.70085187383427,186.30489782920412,0.0,0.0,122.08268072844143,79.35148942593713,0.0,0.0,1797.5246803171087,0.0,0.0,109.87106767579446,110.54906079628134,48.24922166195965,318.83027992708196,52.363827483751415
106,Mic,012_00110,146.31771137530032,145.16082014622364,42.16950358805408,222.71929746970207,83.42074781858639,361.5267007145741,581.0075696171814,32.46474666234383,339.8775732152226,575.8559518523522,289.80057706998724,212.1971087725167,260.1638584049004,0.0,219.44338711990468,581.6825040939556,134.40640387404855,146.42618557705035,0.0,333.10193800905387,86.60404491110343,0.0,338.6967020503631,0.0,0.0,0.0,19.98550782991602,201.08834535524295,70.212129013461,57.99511364265021,171.44930611615382
107,Mic,012_00111,400.41346900049297,65.45433344775175,41.594464902762425,97.39605641700136,109.71092288868634,152.82719621116087,325.94672745813494,353.38614577112673,246.64297529004676,263.7158506778386,61.25330378979276,19.933667793781872,186.96320915370342,77.01481010018436,55.658822733139466,267.58950489135043,205.41622074596722,131.5339769302935,0.0,84.48676427684185,73.21978342484199,0.0,0.0,0.0,0.0,0.0,59.13893453306967,76.50497502833561,66.78130907303051,171.6128135516604,241.58765861821675
108,Mic,012_00112,0.0,0.0,90.15549042963285,24.62888782958655,0.0,144.9223412347215,435.3343858717198,0.0,0.0,307.78507771418833,232.34011782335182,37.80523202268976,208.57964510048046,48.68752362655332,140.74644829069746,288.03902903029797,303.9296002722186,410.8769259080163,0.0,42.72893825495449,555.4604259815599,0.0,0.0,0.0,0.0,0.0,32.04572807210671,225.70433245907444,84.4361379084294,0.0,91.63669809656497
109,Mic,012_00113,1052.5774117357132,136.36319468281616,59.420664146803475,248.90103306567016,0.0,382.06799052790217,1446.1016781593312,617.5680217359497,854.0711442082527,653.6546726202838,0.0,0.0,183.2972638761798,0.0,0.0,530.357577262136,169.96614009713602,0.0,0.0,75.09934602385943,366.09891712420995,0.0,0.0,2444.289541369006,0.0,0.0,56.32279479339969,56.670351872841195,0.0,149.82071024351305,241.58765861821675
110,Mic,012_00114,683.6327519520611,539.998250943952,279.27712148997637,142.84754941160202,485.8626585070395,687.722382950224,647.3026559379863,603.8442879195952,627.3831021940996,601.813095136606,0.0,558.1426982258924,483.90477663311475,359.40244713419366,278.2941136656973,318.2145463572816,314.6801679512689,247.593368339376,0.0,168.9735285536837,219.659350274526,0.0,0.0,0.0,0.0,1780.359730267611,50.69051531405972,136.00884449481887,59.36116362047157,147.09669732999464,0.0
111,Mic,012_00115,403.1514494324675,0.0,73.58718010233278,179.7419495907575,68.50445516228287,55.66553504380032,3.344290646431755,0.0,202.35095253012258,0.0,178.48644812919744,232.33943918580198,160.23336974606448,74.80467206198922,283.8231357915059,184.395846399087,208.01154099305123,90.18301495805086,69.8638731635418,254.3928178225437,160.0167452330984,0.0,312.90192010613015,610.4942657723914,26.021128007128265,778.1704781302141,270.7970133775376,210.54349271962852,54.05403972062809,297.65704021890014,0.0
112,Mic,012_00116,289.0439566229085,56.502059142117545,58.6212830147837,83.27435615922985,0.0,301.54244992336675,1068.8532867824395,473.8688358113415,264.58630811732127,506.994253574044,241.7170732512001,58.99650557800913,282.0969549879144,50.65249094780436,91.51674888857012,242.585080182681,166.7214309524245,412.192995497728,189.22771027255268,188.92705434701855,0.0,0.0,0.0,0.0,0.0,0.0,133.35621368123333,67.08956454901379,29.281291471981493,266.04933298848056,95.3350401722111
113,Mic,012_00117,877.906268251802,48.38694004874122,7.028250598009013,130.55958817189432,18.537943959685865,271.1450255359306,282.35881887937785,357.1122132857821,198.26191770887985,7.99799933128267,0.0,212.1971087725167,156.09831504294021,91.092786140003,109.72169355995234,504.69511384622615,255.027535555887,183.03273197131293,0.0,66.62038760181079,86.60404491110343,0.0,1862.831861276997,0.0,0.0,0.0,319.7681252786563,221.19717989076722,70.212129013461,96.65852273775036,228.59907482153844
114,Mic,012_00118,580.3581818706332,0.0,22.538872607408212,0.0,104.03621998065086,144.9223412347215,0.0,0.0,336.0686004119486,205.19005180945882,0.0,189.0261601134488,0.0,0.0,0.0,82.296865437228,221.03970928888623,0.0,0.0,85.45787650990898,138.86510649538997,0.0,0.0,0.0,0.0,1350.6177264099115,224.32009650474706,32.24347606558205,0.0,278.97649493619673,0.0
115,Mic,012_00119,395.60788729742853,45.71413764604884,269.75095152358404,172.32402786161512,120.40835981434059,106.73645449668376,48.09408453439953,306.7145589432864,230.79305685947972,0.0,0.0,180.98504727052747,92.17233840630756,197.22311157930812,103.66087620140257,55.56126999889044,152.6226564137548,194.53764655236688,200.94180662275832,39.33775267916446,51.13762651893725,0.0,0.0,1950.9975477593882,0.0,0.0,11.800966528140886,71.24272806871464,31.09394284881844,0.0,33.745577711750904
116,Mic,012_00120,125.74270174036458,51.52655066259084,127.23279613113262,139.0310118319027,62.512494230467404,352.90249506775694,117.57351581787366,0.0,456.4348249457102,119.23734880912255,154.30221565367643,58.583680157297884,184.6964796309598,43.11261634107012,15.578805345153537,385.62258957418663,188.38995070308508,110.44837757505563,120.79517001177267,132.4270910802407,92.22339133663304,0.0,0.0,0.0,0.0,149.49585521331082,120.599572057623,92.7922937154537,31.153282434407792,291.6357336801208,20.28598660152965
117,Mic,012_00121,291.47132835165394,151.74369454820356,70.30293694113084,70.593265697594,82.69324129691267,97.73832315830055,249.55796771483475,247.94478392047333,113.32545827844775,0.0,78.34724903345584,121.10862118896543,119.56949422620566,49.25365762221092,47.46101163290961,122.56810288470874,176.0928265424979,188.03420778680808,122.6679633452885,140.48380571614402,234.13302839339008,0.0,0.0,167.48661724496927,11.42206491010572,455.44086123124924,183.70399929707688,152.2192009607711,94.9088371838935,141.11020383400646,77.25186758140651
118,Mic,012_00122,1055.433020557568,0.0,0.0,0.0,317.58425046724994,0.0,0.0,0.0,0.0,0.0,0.0,0.0,191.01504340780843,0.0,53.70588158460826,1235.1748838868166,101.21291951649002,179.17941129823265,555.2339393523586,97.82677968897478,423.9040093017168,0.0,0.0,0.0,0.0,0.0,97.82380148327314,393.7098130113178,0.0,638.7093436697136,0.0
119,Mic,012_00123,705.3681624226992,81.57073277098972,189.57166567681108,43.156359338852575,0.0,101.57698841829423,0.0,136.82272384885087,155.97402831236352,175.27941736895616,0.0,39.74689046494271,233.9116745054331,68.25078840701131,24.662519640061795,216.3089816628047,271.12423556280305,329.1271361611041,191.22860751108422,217.13013336807694,243.328585399777,0.0,0.0,0.0,0.0,0.0,269.53264940406376,180.7972555218136,29.59091237878492,81.47349801762039,96.34311461511967
120,Mic,012_00124,193.5639709516775,243.24245538015853,0.0,102.95318876511855,0.0,151.4503746236729,200.17537887290615,0.0,170.85737464332814,482.4739056060249,0.0,39.508170402090194,174.3800996876089,50.880655321443115,0.0,57.33595429860929,225.2215416267841,92.01104904503839,0.0,200.94149341519145,0.0,0.0,0.0,0.0,141.59244429104027,0.0,200.93537601969618,168.47942448682517,147.06594590657372,194.362002478071,0.0
121,Mic,012_00125,115.8089119821526,697.019018948931,700.9109830422946,425.50333867285707,374.1509285140002,429.2168063802816,481.3501567017348,423.9757766243967,457.31612191767397,189.90994156832895,0.0,1343.6140334191696,885.4427827754864,865.1876538914327,1181.0723235287464,324.98506862020247,553.7279866313503,275.25007437728505,718.2600747366681,696.0271303828334,342.7309011375582,0.0,0.0,0.0,0.0,0.0,142.36485152033794,190.9911433331499,97.25126805907044,428.42347780272667,45.2334339540491
122,Mic,012_00126,326.9547944118553,678.2586726832247,843.0844956481246,610.725030093081,605.9086683345151,304.54694897151626,51.230655264903845,131.27049737382504,889.469460628099,10.779912142163598,97.65019444749569,1302.9107499993659,2051.335466162117,838.9777622024914,1212.6632392582558,294.0025700040102,578.3071524547274,518.0622109274988,535.1167676366935,790.1757277293035,817.0903367699759,0.0,0.0,194.83467358738457,0.0,567.6509284911223,107.74795525693852,67.75802941317968,11.829217388137451,117.25099062535804,38.51397456232441
123,Mic,012_00127,405.0413171071093,395.6285386093221,255.40192918626067,361.70909041241123,394.4436045098198,345.7273333311608,432.29040250521314,329.86352489180973,318.2529718345626,254.31170624327854,103.92591388499544,298.7488000970394,510.02817074441396,210.52034637496837,393.47496790779826,345.6186268276387,299.0854781084969,236.2957274961269,189.83576846751592,401.3664277213464,331.27716922293547,0.0,0.0,0.0,1050.477620112962,0.0,157.67486768640683,105.76523254417147,83.92966578729914,212.59905412447097,68.31527621594819
124,Mic,012_00128,327.74645250970485,76.27093939886328,720.0978790671948,338.9602867393946,306.8186826548008,284.9320607326728,718.965806090515,0.0,455.3783417400568,0.0,685.2064491739529,557.4669806735608,287.0621556298138,335.0361795318754,588.0338898924903,161.80400662234658,331.3722421457964,144.25461079095004,357.608299921858,273.0306732562347,136.51146062258675,0.0,0.0,0.0,0.0,1991.588850807836,252.02064110944946,253.57581177000128,27.66833897564353,0.0,180.16706744409385
125,Mic,012_00129,389.94531506545496,383.2871682351501,373.50131749419324,288.7753694304623,408.9340521996473,135.93793733068216,228.67376042771096,528.974106668109,45.43915803632087,60.14667960722008,0.0,330.9741067646802,573.9032391336132,152.23053209380558,440.06975745878464,240.16192177908044,210.792046216733,27.528912247976443,113.74064525816509,187.03988066319707,651.2810924581632,0.0,0.0,0.0,0.0,0.0,100.19688561629056,80.65214498345054,61.60120753067805,77.53524627157549,0.0
126,Mic,012_00130,0.0,471.02651172681163,452.041314163533,106.80190610213234,80.5620929089152,157.11207087128687,0.0,0.0,0.0,0.0,0.0,163.9404454068042,226.12372739865174,316.6964153652441,419.60857013768685,802.971285200617,227.65024265079683,95.45071442989965,394.3717700072827,208.4533249447313,903.2720945868358,0.0,0.0,0.0,0.0,0.0,208.446978861554,209.73326487518798,91.53824296614776,0.0,99.34445774954708
127,Mic,012_00131,605.7614315597873,39.64744867429897,86.38246329711518,0.0,15.189680953751413,444.3433898650492,760.8187557842674,548.6470677683546,350.4332423393077,478.40015383328677,0.0,38.63794638442302,95.92825968497868,74.63990406185268,152.83700221875299,690.3994012377143,381.22046778237427,322.44400667545386,46.473325320241464,223.80928451603924,141.92380928163206,0.0,0.0,0.0,51.92762549440134,0.0,163.75790556671276,8.23842119737339,50.33931276185365,170.28080723712054,280.9653827101728
128,Mic,012_00132,672.2103166646416,71.05240143999369,17.20071856881153,156.63108488114258,37.8076488651488,221.19725767404864,270.21281705511313,0.0,0.0,254.4626629347565,236.41626024130537,76.9369634145967,297.134511967702,123.85422676930233,89.50980264101375,530.357577262136,213.67171897925672,223.97426412279083,92.53898989205975,119.5660640643025,282.6026728678112,122.17782545134854,0.0,0.0,0.0,0.0,130.43173531103085,196.8549065056589,14.319578943534808,15.770601078264532,279.7330784000405
129,Mic,012_00133,1338.885145459226,872.7244459700235,703.9063291236719,719.2324166178563,393.83408216451505,470.23752680357194,557.9586450529288,154.83186869733208,601.7179880115655,433.45800571636846,502.5912105829149,1073.3513427421008,947.5058563445604,526.5969921380128,1027.5474966118054,830.7699112357934,685.8413916886631,420.59129878163236,98.36312212302855,577.687277106611,337.9374619608092,1493.4743978248757,0.0,501.39272643466796,0.0,913.0049898808261,381.2619955245517,183.0888291276408,114.15608388552226,326.8815496222103,148.6693283804411
130,Mic,012_00134,342.5240703362294,9.782577009854203,21.313933878744724,58.22590329277256,0.0,0.0,172.90346151905047,135.37270041675708,54.39888332167557,60.63700579967024,0.0,0.0,0.0,0.0,0.0,224.82549470894895,101.0295627782355,46.2555545470981,0.0,53.87561779972524,0.0,0.0,0.0,0.0,0.0,0.0,101.01370805337987,60.98222647186172,26.615739123309265,97.70915885446503,28.88548092174331
131,Mic,012_00135,736.2956061341133,62.20282228296063,25.410996762563904,0.0,0.0,399.3972082408308,191.96083848719294,146.72242417052797,270.8009433241806,311.6628594708465,0.0,28.415163593727936,41.8060282188436,48.7926802650556,26.446956806243367,113.402592114366,166.1378376512579,117.64695687832122,45.569956145549945,64.23183806792295,0.0,1383.8024118074984,544.2556076144064,0.0,0.0,0.0,112.40229457689269,96.93934920797022,28.206168458971373,100.95909631960275,45.917308765449405
132,Mic,012_00136,22.15010389240846,9.2783204629545,47.16898081756565,0.0,159.96143396141306,86.65459578983348,177.0060636987694,715.8978671211696,108.6206677285763,835.8321569197158,0.0,113.02595140804155,149.66127112364373,29.11212752927931,0.0,483.8829442030828,168.51429383415606,210.58198853606726,108.75716337829702,166.07020332080253,332.130976360108,7107.726484762473,0.0,0.0,0.0,0.0,229.93635812563173,154.23683396319663,16.829195871783178,176.07794812124214,54.79307721237905
133,Mic,012_00137,56.81648082631704,3.7578166384408624,32.74959360074346,0.0,53.98837541495152,70.19203166274612,107.53395519069288,507.4056907883864,233.1602725647644,208.08156089028108,168.7982484395124,36.62135210548653,60.61437703128786,35.372146601337285,42.605918584866664,272.37570773796546,204.75014407406852,149.25383112316248,132.1433592613129,118.99875497308831,0.0,0.0,723.3543344415897,601.4133228838145,16.40580513184287,0.0,77.60552100969475,171.78570129303844,54.527999985401856,187.66686043028776,133.15060934281675
134,Mic,012_00138,326.18403817797537,409.89966243270277,440.0659087307821,268.72311275449886,85.34795981439532,499.3363836602286,119.9971218086008,0.0,208.6377182113248,0.0,0.0,521.0384453028133,574.936368276968,167.75503190139167,404.12346538913147,236.2979304633279,304.6408666634947,775.2614132408679,626.6996939224641,318.9863311310465,318.9772743260443,0.0,0.0,0.0,0.0,0.0,699.294897731913,407.3532223730961,1486.967761978149,569.6153735990991,210.49221740993144
135,Mic,012_00139,553.9841314972402,225.7832408128022,27.329364694697066,238.90879344100682,108.12724107496214,410.0241849567731,545.4573002072142,305.0781245586805,484.5919963751536,611.6379418919583,0.0,61.120653862467066,134.88634888727935,196.78580977979743,42.66529965606509,493.39886107662124,462.3349738192279,438.8959099047301,220.54588531766157,414.48558920485476,505.139969272429,48.53056481342764,0.0,508.56795833362105,0.0,0.0,155.42736402917265,312.772952496796,193.38915674265127,357.06399235736217,370.37829195824173
136,Mic,012_00140,245.0112369151497,0.0,80.27001998778714,87.71340753343982,0.0,147.46483844936574,84.16464793519917,350.9182813567823,143.25541572799514,567.6474788544568,118.20813012065268,19.234240853649176,21.223893711978715,74.3125360615814,17.90196052820275,20.935167523505367,140.57349932845838,0.0,92.53898989205975,152.17499062729408,211.9520046508584,2993.3567235580394,0.0,0.0,34.46658183400323,0.0,179.34363605266742,164.0457554213824,42.95873683060443,55.19710377392585,93.24435946668015
137,Mic,012_00141,662.4726905821163,44.99985424532934,0.0,89.27971838225125,0.0,140.09159652689746,92.58111272871909,0.0,373.1572522592131,136.36588859836954,0.0,0.0,201.6269902637978,0.0,0.0,338.10295550461166,136.21572084927612,28.3700734555535,263.7361211923703,113.58776086108739,536.9450784488412,0.0,0.0,0.0,0.0,0.0,108.4213799772944,46.75304029509399,27.207199992716134,127.34760370698609,0.0
138,Mic,012_00142,503.89682600840615,87.94759787360782,51.097900113212106,32.57110247170078,5.615728951956956,273.79465119263347,269.765516508912,516.3163699638233,271.1270934215245,348.8899252265066,87.78975135996356,85.70827846186343,157.62370574368558,36.79317746371457,119.65740392140732,767.0318055517537,402.98346999670883,454.6604605906294,549.8082005313257,306.75758929615546,577.1722341632495,0.0,0.0,0.0,0.0,0.0,472.23085927755966,24.366405365521295,116.98209768855146,357.2272309389301,173.1247065016537
139,Mic,012_00143,122.57473955130679,193.6424045764783,76.70931704037221,80.32991776202557,67.44366897802583,493.23202689176617,424.7330888465797,1151.5856835630423,231.84802671649658,385.54658879112253,263.5838989487414,85.77813035955036,141.97695157939796,69.04343203765508,99.79577018166813,81.69322094746838,304.05119913429684,191.44597246290382,154.7595821177723,212.0776152996519,78.7694491611992,0.0,0.0,0.0,0.0,191.5301421314789,336.28426622367243,100.59333853223156,23.94765769530027,316.49167151685884,155.93922218877563
140,Mic,012_00144,386.7408139614517,0.0,65.36273056148383,0.0,258.6043182376178,672.4396633291078,949.3772287090466,1856.8211853527553,558.4188527926107,208.2679025866007,269.51453667508815,87.70813829264024,338.73334364318026,0.0,81.63294000860455,572.7861834431068,262.81621434448573,272.35270517331367,0.0,99.13113675149445,161.0835235346524,0.0,0.0,0.0,0.0,0.0,0.0,0.0,130.59455996503746,0.0,0.0
141,Mic,012_00145,371.17153803707765,87.65189000829366,0.0,96.88790307917354,17.989865616529933,116.94602840506224,0.0,181.15328637587857,221.7183960226609,432.05887865791703,140.61628000439381,0.0,117.8202934411062,0.0,7.098516522487351,237.96913901501057,236.33950134053438,189.46275142491385,110.08116362811978,159.4718286871867,168.08715499268072,0.0,0.0,0.0,0.0,0.0,219.8058287241546,32.52385411832625,96.5264138872016,171.96811958385845,55.46012336974715
142,Mic,012_00146,7.913665110731568,0.0,79.44641283716267,55.24490861222177,0.0,92.8784065371696,418.49824940154286,0.0,250.30762712480205,131.50301662926645,148.9030589365128,96.91506993661906,80.20521159664885,93.60916144773789,22.550535913979154,105.48548498031434,109.7871263263584,94.04444239410002,0.0,41.0764378804535,0.0,0.0,0.0,0.0,0.0,0.0,123.22556208942694,289.3005808315208,0.0,109.26151244278302,0.0
143,Mic,012_00147,332.77361470682337,0.0,0.0,0.0,17.41443220455339,0.0,147.92574485580462,648.065207994515,53.21315540238334,7.5132720990837205,136.11845286620613,66.44555931260625,48.87927036698129,85.57201122242707,41.228757580103306,458.0360894536629,139.21036236527328,17.19398391245667,213.12009793322855,87.61590369450266,325.42125966596444,0.0,0.0,0.0,39.6887912027916,0.0,37.54852986226646,151.12093832757654,0.0,127.12060263085955,53.686146359603725
144,Mic,012_00148,168.284304800065,9.836033714826083,0.0,0.0,23.55230585042057,91.86334198485079,206.96224902098157,160.86015866710528,178.48215730045297,296.7126637162735,147.27570310114106,11.981986105551945,118.99297786060197,30.862036834317955,33.45612295434612,134.7629909436575,131.35556494626437,297.6532296976105,0.0,148.9675552276556,44.01189167613453,0.0,258.1868302515063,398.7950930102438,1395.6140513112782,0.0,223.4445301639791,132.85016914452933,8.920393440234799,186.66186850011462,174.25995047871373
145,Mic,012_00149,210.42598697788034,13.917480694431752,23.584490408782823,33.13474084289737,0.0,43.32729789491674,5.206060697022629,0.0,192.80168521822293,38.340924629344755,69.4625094523423,0.0,162.13304371728069,14.556063764639655,0.0,110.7189787583325,97.47395427661968,70.19399617868908,54.37858168914851,134.13362575910975,0.0,0.0,0.0,395.9821053764222,1559.5239965921667,0.0,67.06477111997592,19.27960424539958,16.829195871783178,97.30623448805487,27.396538606189527
146,Mic,012_00150,1080.0744294980013,5.825223850528069,54.997766815488006,36.98318431368337,11.158762383500228,380.83152453913874,398.76066206191456,48.85471585109993,351.2068256557301,919.5369716606735,174.44306580911854,0.0,172.2638363418855,18.27751696013005,66.04606796812665,638.4887337913094,319.47033711461677,264.42010211001326,204.84358927562744,425.0768808923305,573.4364915473062,1893.1631982558472,0.0,0.0,0.0,0.0,276.69256471320625,278.3999810452198,31.69770872937803,168.73012027424772,0.0
147,Mic,012_00151,0.0,44.44430048921416,141.21577590444033,52.90649978207482,127.70583616672484,518.857764914435,801.1227599757847,689.5752670686735,195.11490314207225,670.3508328404698,0.0,175.95768484634618,89.61199567279903,69.72534247753316,214.16049076331436,908.482886976807,506.4811116545344,493.8494268188943,325.60014962021023,367.1523583388683,248.58568446705615,0.0,0.0,770.57628839455,0.0,0.0,263.88272375426146,380.9506987007658,80.61392590434411,149.82071024351305,0.0
148,Mic,012_00152,65.26401514581741,151.07864734642942,72.10277232202053,44.53280916908456,41.34361602519869,685.3401844481315,84.77014899948118,416.319503062071,581.133596408762,199.77736459146354,193.8953501259627,84.1325067555302,348.1329328295789,148.9814871642255,195.76244606379984,843.2303926254104,482.68287596752947,693.9442427977116,809.5497245233429,588.3682576977187,849.8411313578782,0.0,755.3667455799465,469.76582141418726,1337.9976660164132,1502.8456236311727,240.68877775021164,197.32698062197937,172.24702153662014,288.86295212418344,178.4388461736469
149,Mic,012_00153,496.5561068147034,131.99957245296605,0.0,0.0,0.0,224.14655444303597,242.3941860533736,110.70478611859245,330.13441611638626,228.10294092818174,89.83817889169606,14.618023048773376,48.39047766331147,150.60673975147165,0.0,599.3040623062136,177.34752675278307,351.7889108488634,70.32963231796542,49.565568375747226,107.38901568976827,3110.647435991334,0.0,153.64105688605184,26.194602193842456,0.0,272.60232680005447,112.20729670822556,10.882879997086457,203.75616593117775,248.0299961813692
150,Mic,012_00154,95.2030648668674,0.0,0.0,0.0,0.0,0.0,0.0,4.560757461628363,181.43917579193302,301.12105035179644,0.0,0.0,146.1947965658957,0.0,0.0,100.9441914426422,102.63988917734687,133.70789906544854,63.7428691703614,29.9489839128382,0.0,2945.5560335400646,0.0,0.0,0.0,0.0,0.0,0.0,49.31818729797487,97.76819762114447,64.22874307674645
151,Mic,012_00155,163.6998154334187,5.714267205756105,8.300029277648738,0.0,32.838643585729244,0.0,109.01325827797226,33.546904884421956,408.0688831428482,184.18249888610953,0.0,41.76578013935249,0.0,17.929373779937098,25.915219050350643,141.42868726990292,179.07725019213896,108.07647030687049,0.0,118.01325803749339,102.2752530378745,1857.1029468604977,199.9923383535477,121.93734673496176,0.0,0.0,177.01449792211332,118.7378801145244,31.09394284881844,148.39384633643195,0.0
152,Mic,012_00156,64.47983083792217,133.1185398897202,0.0,32.152181539588874,33.2610055611084,162.16390594753403,77.9402527502809,276.6810644004576,118.57465174871916,129.15097312444234,173.32124545021748,84.60592118261117,46.678917360107526,108.95985994881389,13.124266882412307,168.82765321206256,59.77311752795927,54.733260685955315,0.0,127.49985434275814,51.795345187991124,0.0,0.0,0.0,0.0,0.0,23.905494896233954,84.18553879502453,73.48568486778635,265.919717216782,0.0
153,Mic,012_00157,320.7631518627799,34.748922197165506,0.0,33.09209638878811,33.28240903959045,64.90730341014554,7.799040735308032,0.0,292.8983565314196,5.743736971500296,0.0,33.86414605893446,93.41791054693334,43.61199027552268,0.0,540.5961405297447,153.44764374572102,131.44435577862626,0.0,95.68642543580545,62.19441063113992,0.0,0.0,0.0,0.0,0.0,114.82021486839783,173.29312232930587,50.42261002511099,138.8300017700507,82.08383767723195
154,Mic,012_00158,342.71510439665116,4.417163606903492,49.72379502836806,0.0,35.9613366874397,123.76190122621617,266.4353272059066,166.70547826001095,215.89523883867577,127.77171937828265,66.13853660738359,10.761734759833159,118.74963843757416,20.789273892074306,10.01631165749749,216.69824935986657,194.27085124371683,213.0366252122545,25.888208215201992,152.04162078450068,118.5890970807257,0.0,502.43473960599874,570.2628185034438,0.0,96.11758052978513,68.41664643615422,45.892554890889805,32.047744776696305,136.7688446885567,247.81261669304197
155,Mic,012_00159,215.94942255410436,54.96165404009689,32.431889209896546,70.87855505155824,16.450656376438793,256.6563600492778,443.3099776739498,581.9491706095336,832.4406058481234,454.2375192728478,514.3407188455881,0.0,193.9313036125078,21.55630817053506,62.31522138061415,725.6992040018157,325.4008239416924,305.357279178095,40.26505667059089,425.6585070436308,153.70565222772174,0.0,1262.3562196648074,0.0,29.993819305926472,1046.470986493176,134.78775700557864,285.5147498937037,80.99853432946026,113.22328484051751,344.86177222600406
156,Mic,012_00160,687.9161651848434,189.47307050664983,0.0,56.38719055721132,11.342294659544642,221.19725767404864,478.4095777369216,0.0,374.31253786992283,0.0,0.0,0.0,31.835840567968074,0.0,0.0,900.2122035107308,177.12260915385755,268.76911694734895,277.6169696761793,65.21785312598318,211.9520046508584,0.0,0.0,1920.5132110756476,0.0,0.0,48.91190074163657,73.82058993962208,21.479368415302215,47.3118032347936,489.5328872000708
157,Mic,012_00161,549.8684558693626,238.86178556762488,61.95519484500836,27.0801041538582,0.0,159.3458917841488,0.0,565.2097007778202,619.1892850423296,28.201476315044108,766.3920474173121,0.0,137.60325401889517,0.0,38.688597160476085,686.1972445145173,170.12724544319966,129.07711145654676,0.0,199.67172094495325,76.34290214912436,7063.15220310687,0.0,0.0,0.0,371.2598489657577,70.4702266609361,159.53644081738233,15.473289095383585,76.68548202037636,50.378469095741885
158,Mic,012_00162,0.0,0.0,0.0,0.0,20.771431183744404,202.54206726780356,0.0,0.0,926.6782508265649,0.0,0.0,0.0,233.20712126897095,136.09042748626956,49.17646988470153,460.06922364908183,169.90763195940895,0.0,0.0,238.87020903974565,194.07653437909926,0.0,0.0,0.0,0.0,0.0,0.0,135.18951410629586,78.67142166568522,693.1464184760122,0.0
159,Mic,012_00163,325.53940569145766,268.8302980889804,135.81866090697935,371.03259587429096,33.58497639449582,545.8114150398603,163.95710636727114,0.0,0.0,289.7976381075149,0.0,939.7300531354313,1288.317911815435,916.8429773831472,1007.1596494568093,1053.827393780608,283.0456537127816,618.9834208484401,0.0,209.20532106646553,104.59969060691712,0.0,0.0,0.0,0.0,0.0,265.52174688316995,48.574587319578164,84.80166231495939,396.92759596982677,0.0
160,Mic,012_00164,446.58292605248465,49.884364983275006,57.362211578207514,6.59803923379224,59.723861024853996,116.47338279372536,503.82163382918304,763.5213571269708,197.0975949984813,233.6228534458735,124.48708391459036,81.02368433500253,268.2151186881005,117.38977982938032,188.52872981201972,172.70304478974867,176.16813781892526,212.28415241568905,0.0,251.83429659733,260.41216275809853,0.0,0.0,1055.6169612840743,18.148685122754586,0.0,77.26498870041436,17.275950224515096,45.24060968765732,153.6267790949649,122.74661638800852
161,Mic,012_00165,196.31513399058463,82.23323618435818,0.0,14.502289280365686,0.0,85.33498265597815,0.0,1210.7537752702544,347.6412741262302,234.0937266201821,0.0,0.0,98.25477698134308,28.668795637970486,62.157060920257265,363.4430097989257,152.93255013236137,138.25010414889016,0.0,12.580093496382544,0.0,0.0,0.0,0.0,39.890257147983434,0.0,18.869565768347105,37.97201242241135,0.0,164.27042341420722,0.0
162,Mic,012_00166,445.45660231882033,72.38582452331796,150.70227421682597,0.0,18.488244378024508,180.2787301150423,162.46259118858822,230.69118238215097,454.7798841601009,578.3003806023958,0.0,35.27136928658455,142.70650249233947,15.141428259196209,21.885506704719717,315.65518003269216,170.13539017919368,164.28782483644923,113.13077584659317,225.90205425943776,345.48744994027317,1306.9424223884198,0.0,0.0,0.0,0.0,169.42138272974384,210.57669623527585,78.77687933547836,159.05898460169215,0.0
163,Mic,012_00167,537.9218825923475,110.04331169163505,45.66828336173542,49.903074030253975,37.642549961807546,367.05221797440385,57.33486933576887,6.59218654934056,202.442362386709,324.80957982938355,0.0,114.90149121306584,147.91849067387787,98.65070289397705,106.94271616847759,236.22913921719592,366.69426008230516,104.06489826491242,276.4046684985541,183.97700052133246,211.02645004539616,729.8657869757416,275.09863135968357,0.0,0.0,342.0778521038204,243.49155827714276,65.33175936432347,42.77114409335289,188.4208058957719,46.41858942882767
164,Mic,012_00168,0.0,123.52901165384523,46.99281282198183,112.03729365615843,90.14529611768813,54.93788099094019,382.86663374443543,64.13378874963021,375.3092548673978,296.5532693226574,352.3065838890041,14.33139514585625,47.44164476795242,92.28354151438214,53.35486275072193,311.97504544831526,188.53386968757945,111.25519002177845,0.0,307.760065078169,105.28334871545907,0.0,0.0,0.0,51.3619650859656,255.9994383391336,48.59221511587425,24.446034141225613,42.67796077288806,182.1349810803492,0.0
165,Mic,012_00169,154.25559531225994,124.61498098706583,60.334828210600456,21.97654606332339,26.523519819242857,258.63063974196456,0.0,116.12390152299909,859.1059273732471,572.1645675456064,0.0,0.0,0.0,0.0,31.39728461869406,660.9071347420463,221.88986201692043,235.68984101536756,162.29915150299715,133.44576101162713,123.91040271896338,0.0,0.0,797.7516415237307,0.0,0.0,114.37859865736554,115.08440688023136,100.4573538192596,373.39930860690947,327.0725224369704
166,Mic,012_00170,157.89942827239207,80.31470049035157,10.293343395509263,33.74351560903985,18.100039771661788,308.8633624215062,127.24104254770268,305.09193024808945,243.3559106905846,937.088425586505,70.73872353676855,69.06152621467736,88.90638940765888,0.0,64.27790551858625,162.8657127025457,124.50163153122044,125.09638689062963,55.37766324249245,97.57001648769138,126.83742010602549,0.0,0.0,0.0,0.0,411.21169622978937,126.8371599284434,117.80293617661475,0.0,42.46886274619268,0.0
167,Mic,012_00171,539.4257216010793,183.82919181070704,125.16267554326689,148.92616853549998,128.3851225293138,536.521007975352,208.44180892887624,221.62370141729826,495.42579874414685,243.7177583460221,344.06111064904866,27.991959029566036,154.437694670143,36.0494855788097,112.89661916083607,467.1660361415411,407.7947487753048,130.38161417871396,89.78250934208351,258.37370749059727,171.3654505687791,29.634621492454755,0.0,343.2406590007541,0.0,0.0,134.45569310254137,230.78096486088944,62.518672323688136,145.357965683068,45.2334339540491
168,Mic,012_00172,510.2830184213599,56.24981780666166,44.93687726102013,84.8157324631387,5.3875899632837045,210.1373947903462,388.20943860110617,287.7695434616821,615.7094662277017,125.5186020053174,0.0,54.81758643290016,90.73214561870901,0.0,38.26544062903338,303.298239496784,218.34578783192794,202.13677337081873,0.0,38.72310029355251,0.0,0.0,0.0,0.0,0.0,0.0,46.46630570455475,81.81782051641447,0.0,219.11278873113784,132.87321224001923
169,Mic,012_00173,278.9109891666746,0.0,176.88923782315752,113.14657379136793,193.45537557929606,388.37274284684446,289.99304437078524,274.0217478182982,358.1614162627742,898.4683209181503,177.89738394395255,246.04593250410633,271.4977294641238,111.8366879342611,94.29547525746399,687.8895309043545,325.7964824040152,191.00643514630082,208.8998979741547,204.47841739169647,372.140153380385,0.0,0.0,646.5093977878417,0.0,2068.2726899478516,343.5132830963783,172.81651858252562,32.32538612995977,213.60576509966216,70.16407246997714
170,Mic,012_00174,487.7099562567728,132.51490820710478,32.07986776023746,65.7274000360132,132.21079664499888,360.9722119097971,563.8515064124999,842.7888067589442,174.52609127677383,0.0,82.67317075922949,13.452168449791449,59.37481921878708,51.973184730185764,37.56116871561559,107.37300643957353,462.08147816066247,302.84618289977357,453.04364376603485,456.12486235350207,691.7697329708998,0.0,0.0,0.0,0.0,240.29395132446282,262.2638113385912,126.20452594994696,10.014920242717597,237.13952909709428,0.0
171,Mic,012_00175,429.9967815932494,32.20665512588183,67.57180893036102,85.19734557352008,17.137463103884546,467.9003621574309,74.29245265055354,249.10077483760637,343.52635829546557,576.7145839873209,375.0699317545958,113.34053656106595,163.54634597938272,11.22813666139202,40.57303181342174,338.4588117318999,259.9743380025946,230.11908488798866,335.56882219307556,305.4736818386012,224.17190153927766,0.0,125.24371089735097,626.17130540041,328.0834867220824,0.0,88.68320770650608,237.94787903666122,162.26958246152765,193.00958297772655,126.79749875787122
172,Mic,012_00176,229.40354994819907,28.12490890333083,107.2357298274344,156.2395071689397,107.75179926567408,197.00380761594954,729.8653063130553,872.74369738379,139.93396959720494,0.0,105.2791158887063,0.0,56.70759101169313,0.0,15.943933595430574,590.4371465613623,190.3013747159005,292.5663825103955,247.25261361784717,503.40030381618266,62.923251380723585,0.0,0.0,0.0,2148.7759612136388,1529.9966431987282,392.05945438218066,102.27227564551809,12.753374996585688,316.02806066991036,0.0
173,Mic,012_00177,594.0463263547995,6.976721588423152,10.133756676199042,38.75708704965946,20.04684637500913,325.7944105276685,144.84148714429625,228.19696927194002,281.7822205842485,201.8099831265511,104.46299871127447,50.993103658511764,56.267997282920305,0.0,15.820337210969873,468.68809153398064,136.65051795185022,369.4707240723247,81.77864223019235,105.66303335915106,0.0,0.0,0.0,163.7646924173033,91.37651928084576,0.0,86.44894084568324,202.95893461436148,50.61804649807653,27.873620510421034,41.20099604341681
174,Mic,012_00178,288.78495666177696,609.6754446141393,168.6780143522163,218.87930958229342,528.3314028510472,406.7175383038958,537.5677513280463,1180.9051598427566,620.2765711177814,0.0,1086.752164012452,459.76040234045286,429.2703663680856,273.278358420009,230.4155564758999,1231.7982439636705,501.4392759916427,27.45490979569694,340.30467250628425,419.7084418914079,519.6242694666206,0.0,0.0,0.0,0.0,0.0,239.8260939589922,0.0,52.65909676009575,144.98778410662553,171.44930611615382
175,Mic,012_00179,929.7862323959528,1168.4172681243406,745.3644713151664,989.908456448821,438.56872683572607,147.46483844936574,956.8191554738432,278.0861852261294,157.1188430565108,678.5671011593507,0.0,615.4957073167736,594.269023935404,198.16676283088373,751.8823421845154,1395.677834900358,522.933417501865,477.8117634619537,370.155959568239,586.9606781338487,282.6026728678112,0.0,0.0,0.0,0.0,0.0,195.6476029665463,229.66405758993534,28.639157887069615,220.7884150957034,0.0
176,Mic,012_00180,242.17276504179299,32.198395420778056,33.19053831165941,22.255532799268636,25.86540594028876,378.32006448117727,305.38217323516005,349.30980879364927,332.56226249339466,589.7289962781085,186.6228759435117,48.080052728221716,125.65328879682724,19.55367365498045,23.552492789556993,552.6980868640609,269.2781501735122,300.5623477460833,12.174777666122116,238.81852044863777,250.96682835750804,0.0,18.175876105414755,250.4535405095767,4.534553178391654,271.2146386558853,212.35611147147927,131.65310827470205,79.12538255238853,334.04917736926393,208.54883859945315
177,Mic,012_00181,194.4780865169747,12.750844178133457,23.150908109144208,15.178606194857357,63.09904655935578,99.2384390981564,318.3748901822646,80.20363918648697,358.2558410466951,191.4420760831462,63.63979614523924,0.0,119.97639090077223,6.667948926422889,14.456837073542715,240.44546596063782,144.55005309930823,108.52306729160962,0.0,122.8898389481336,76.0725022595761,361.7733013364606,0.0,226.74300012699504,9.277899242211022,0.0,92.16457329829039,48.574587319578164,7.709242028632672,157.0729524158673,50.20003295962946
178,Mic,012_00182,0.0,97.29698215206342,0.0,0.0,0.0,0.0,343.9376964270842,0.0,0.0,0.0,0.0,0.0,0.0,0.0,0.0,309.6141532124902,138.59787177032868,147.21767847206144,0.0,80.37659736607657,87.07217488359588,0.0,0.0,0.0,0.0,0.0,200.93537601969618,202.1753093841902,17.647913508788847,194.362002478071,0.0
179,Mic,012_00183,0.0,0.0,30.167414105300228,131.85927637994033,0.0,129.31531987098228,0.0,0.0,0.0,205.9792443164183,0.0,33.73389934332317,74.44688871278689,86.88850370277211,31.39728461869406,232.54139926109036,182.44277543613458,52.375520225637246,0.0,38.12736028903633,0.0,0.0,11388.025266631823,0.0,1088.0834757442249,0.0,85.78394899302415,86.31330516017351,50.2286769096298,96.80722815734688,0.0
180,Mic,012_00184,680.0156474443783,0.0,6.602296016311498,50.50165888288959,0.0,169.80799579017875,413.17190804552325,0.0,537.4528695640718,525.9290469358604,136.11845286620613,66.44555931260625,24.439635183490644,0.0,61.84313637015495,353.5717181747573,223.38406984195018,189.13382303702335,0.0,162.7152497183621,325.42125966596444,211.03442577960203,0.0,387.98246688396927,6231.140218838281,1186.906486845074,56.32279479339969,94.45058645473533,32.97842423359532,108.96051654073676,107.37229271920745
181,Mic,012_00185,341.81637597603054,143.18135441695696,0.0,81.16338034750113,156.7298898409805,573.1019857918533,1055.883765005226,737.6506926290509,478.91839862145,388.81183112758254,918.7995568468914,199.33667793781873,329.93507497712363,0.0,324.67646594331353,307.3663231860106,269.5177364397442,348.17817422724755,239.7601101748821,253.4602928305256,366.09891712420995,0.0,0.0,0.0,0.0,1780.359730267611,126.7262882851493,42.502763904630896,0.0,674.1931960958087,120.79382930910838
182,Mic,012_00186,758.3153214930425,0.0,0.0,0.0,0.0,0.0,0.0,0.0,0.0,0.0,317.07592550010366,51.593022525082496,0.0,0.0,0.0,0.0,165.90980532506993,520.6742893019231,0.0,466.4994670658562,0.0,0.0,0.0,0.0,0.0,0.0,0.0,44.0028614542061,76.8203293911985,190.36043183881662,0.0
183,Mic,012_00187,354.0698255161023,68.76382221758189,73.44127029380205,48.1508593522254,120.10088187814462,226.66505505475544,322.28440467770645,254.42877299982945,411.97744492649684,163.80621551755115,363.39038652820875,68.98392899421144,206.6110282253748,25.383158385079486,91.72240450405005,1015.4261928704266,226.15590930164024,267.7624910411791,189.65294108215392,284.0274142879897,180.99272307264312,0.0,0.0,371.15536214046233,476.8006242025256,176.03556883544917,158.71637004701844,84.05040951927008,80.70450334918046,282.8076328192156,167.21123338069836
184,Mic,012_00188,240.84154261775097,39.822879863123305,31.813718414881507,25.282752108248143,0.0,297.53967403942823,761.9507507761837,0.0,114.21991896325731,69.11545439820821,59.62710988386905,29.106683061716893,32.117573670339475,74.97016912407327,36.12076991531174,693.4542658449609,268.03509880804984,158.16943607963458,466.7895950307439,241.248341651867,570.2071629545217,0.0,696.8759577584905,509.8707640023844,0.0,0.0,115.13774864845423,66.19899510809768,21.669451321632323,155.12409821673475,23.517382697348534
185,Mic,012_00189,637.8990783589697,0.0,42.34023032322839,52.049714360502755,13.959747273285712,68.06069466893804,0.0,0.0,89.57906889194733,415.5721595857562,218.23039406889728,88.77341932453466,195.9128650336497,45.73079142251163,82.62443320708962,225.45565025313473,225.7826666137085,399.7079175114421,341.68242421683607,361.2065711592915,391.2960085862001,0.0,0.0,948.5935698430325,0.0,0.0,30.09963122562251,0.0,39.65421861286563,80.06612855118917,0.0
186,Mic,012_00190,582.2656036757779,21.951148412355774,95.65277643143973,162.5907066473519,56.06597685368408,205.01209247838656,250.4411475144951,239.32852874862004,796.639872828851,435.40328066885166,328.6762642379124,89.13428688276447,78.68370351757963,0.0,165.92060977358645,181.09770930902206,250.1522563659591,124.55154199999099,85.76784429020174,110.81732766935355,65.48110712790748,0.0,0.0,1295.956069262429,0.0,0.0,649.7727301775134,152.04240746372025,79.63082924697407,263.09978384226685,259.26480437076924
187,Mic,012_00191,0.0,0.0,89.1309962202052,16.23267606950023,9.79561811506128,286.55099289592664,0.0,617.5680217359497,814.161277656465,447.9788489078668,153.13325947448192,199.33667793781873,219.95671665141577,192.53702525046089,162.33823297165677,904.0185976059137,349.64463105696547,154.74585521211003,119.88005508744105,281.62254758947284,366.09891712420995,0.0,357.9408328486792,0.0,0.0,890.1798651338055,126.7262882851493,42.502763904630896,18.550363631397367,183.8708716624933,60.39691465455419
188,Mic,012_00192,437.4313930369048,32.335224607422276,86.10659115884096,115.47556389560641,185.8234622066715,553.6554114236666,622.9191907060249,854.2407965329603,839.1109187822532,476.57539727900513,242.0789251572648,183.81945151152146,173.85800358075977,16.90943934335385,36.66150000386431,1357.6518819135517,318.58837141218515,295.59238211175506,63.170328429310246,378.41975855735154,530.514598467418,0.0,0.0,2438.0167709463312,0.0,938.1536303206572,233.7227352803951,212.76832709144566,195.50083827101415,183.01452029746505,413.73694829227543
189,Mic,012_00193,86.4829213610514,108.67889327173876,49.33036268791232,156.3237333183569,97.58653518400672,507.50163270121345,407.80153942941786,370.2818746676763,576.509317585821,656.8017413108432,406.81439498126514,132.38964270587206,36.52111521759356,21.31227449313278,184.82929813268953,498.3359876915919,341.0684419933041,398.2515971873926,0.0,224.4478567958365,486.2898823687619,0.0,0.0,0.0,59.30853326907725,295.6068986104712,1094.1499909298927,1524.3255401872152,1034.9002865153911,1031.2187754119539,2446.8727386086557
190,Mic,012_00194,436.8528798956335,26.392876390222483,0.0,58.647087734968565,5.055802898096145,147.89728665596215,589.3993526957643,0.0,151.40000988678096,187.5894388609935,158.07304203817486,12.860430834697983,42.5722677389837,66.24929901091127,11.969639297449346,69.98853658884492,184.22136475044417,239.60648548971875,123.74715363864883,130.8182156544648,141.7157098545329,0.0,0.0,1182.7207458237128,0.0,0.0,54.50593044522551,43.87382080478028,28.723143687324956,295.2478512716738,124.69040444811188
191,Mic,012_00195,0.0,0.0,19.22433251808348,0.0,5.070672906619957,197.77637156738464,395.07875913111144,177.60126115282213,278.89953802072677,214.39342913326544,79.26898137502592,12.898255631270624,113.85994744308582,0.0,24.009688237824864,70.19438522587093,103.69362832816869,70.09076971372042,0.0,51.02337921032802,94.75501384391316,0.0,0.0,0.0,0.0,0.0,43.73299360428682,33.002146090654584,9.602541173899812,26.438948866502308,31.264285232945696
192,Mic,012_00196,319.52944743253846,4.615369666187624,67.03869801177827,40.29033444942621,8.84117327308095,215.52553311830377,82.86980719773456,282.5681603726311,807.7756990081791,274.6389924218911,138.2125829103016,22.489266228882112,37.22344435639344,0.0,10.465761539564683,424.2860618097087,170.93737518340535,148.39730730597216,54.0997171676657,139.80032105979987,0.0,0.0,0.0,384.1026422151296,20.149693995263423,0.0,228.7571973147311,57.54220344011568,25.1143384548149,198.2243243221865,190.7923047548994
193,Mic,012_00197,992.9738200656345,160.8690441620469,56.83715700998593,13.801695595323865,12.492962233701343,243.63755917721298,383.0101369804716,966.2967167795454,152.6986198503174,517.4357828238527,65.1001296316638,74.14939227638668,303.9015505425358,122.77723349304753,187.32196378786065,219.0607384343605,281.7989337262661,279.5891297069041,101.92700335937018,197.54393193232588,116.7271909671394,0.0,0.0,1957.6245774732447,0.0,189.21697616370744,143.6639403425847,54.206423530543745,78.86144925424968,290.9561619221848,102.70393216619843
194,Mic,012_00198,616.5845697202442,65.56270154948645,125.53107193927356,52.03056435521928,68.50445516228287,333.99321026280194,729.0553609221226,344.9110584971197,711.7171433818105,98.51840235884613,89.24322406459872,87.12728969467574,48.070010923819346,37.40233603099461,94.60771193050196,516.3083699174437,309.8947447447498,236.73041426488354,139.7277463270836,90.26841922735422,106.67783015539892,0.0,0.0,0.0,0.0,0.0,160.01641699581765,173.38875871028233,97.29727149713055,232.17249137074208,175.99100958942944
195,Mic,012_00199,147.03170508713518,101.32417512193359,38.95791887770559,37.840410440159474,17.126113790570717,667.9864205256039,688.9238731649416,154.96004077406832,52.33214289572136,231.51824554328843,89.24322406459872,145.21214949112624,192.28004369527739,187.01168015497305,135.15387418643135,500.5030116546647,233.48234193097585,202.91178365561444,0.0,287.2176975415816,213.35566031079784,0.0,0.0,0.0,0.0,1556.3409562604281,307.72387883811086,185.77367004673104,151.35131121775865,363.1415890670581,246.3874134252012
196,Mic,012_00200,323.8409392269805,15.652123215766725,3.7891438006657285,16.562034714388638,24.985924467402686,292.36507101265556,468.394562421978,0.0,406.1783288018444,513.1238179669873,0.0,50.84529756095086,42.07867622896649,49.11089339721901,23.661721741624504,244.42566604254964,248.97400298452516,29.603554910142787,61.15620201562209,179.58539266575082,46.690876386855756,0.0,0.0,1658.8780779725887,0.0,0.0,118.52275078263239,205.98440941606626,0.0,328.3027737510025,30.811179649859525
197,Mic,012_00201,308.63293931853116,39.778876680954106,0.0,0.0,0.0,46.4392032685848,0.0,200.16937721091554,174.6332282266061,386.2901113484702,0.0,0.0,80.20521159664885,15.601526907956316,0.0,114.2759420620072,99.16256571413017,94.04444239410002,0.0,61.61465682068025,133.49463276352407,0.0,0.0,817.0139074741707,0.0,0.0,92.41917156707022,30.996490803377228,18.037922647104622,124.16080959407158,29.364245798899276
198,Mic,012_00202,8.475582160014282,5.325426537908797,11.602851578961625,0.0,10.201353776631866,149.209984466518,83.66663226694355,0.0,158.97823764889554,228.86582701824258,79.73802860209707,0.0,114.53367494274904,33.41865527029696,36.227636098493136,51.78047351967599,180.16698197955074,181.2998777041289,0.0,146.6436934193705,95.31569439920258,0.0,0.0,659.1110428543644,23.249646917611646,231.76280512359432,32.99382653577852,33.197425061605195,28.978082832478723,186.16774645643633,157.24640501777424
199,Mic,012_00203,64.89717602133913,17.47567155158421,8.461194894690461,18.491592156841683,0.0,54.404503505591244,29.416770152108445,19.541886340439973,293.24065054750275,486.2472991504085,174.44306580911854,0.0,15.660348758353226,0.0,52.83685437450132,180.2185942152889,174.2565475170637,99.15753829125495,68.28119642520915,120.30477761103694,0.0,0.0,407.7513694586895,37.29151866166307,76.29495784614308,0.0,72.18066905561902,12.10434700196608,63.39541745875606,40.727960066197724,0.0
200,Mic,012_00204,383.03020881357025,17.548689677844308,23.668955356526173,55.706565230151206,4.802308602369876,210.72273572290985,374.1692983414425,130.35635741996833,352.18511764920004,377.086731702759,0.0,97.72494517285821,101.09431266708523,47.19570535387342,68.21694151136869,585.0183860607405,234.8008165384868,293.97402020796386,29.385640244275244,214.0017576111649,269.2203735955193,0.0,394.8316707745876,0.0,0.0,763.719772872457,139.78721493292235,177.11458161929755,54.56597213023849,122.69439780387975,177.65777681116774
201,Mic,012_00205,270.7535057092367,109.75574206177885,26.570215675399925,11.613621903382278,7.00824710671051,239.18077455811763,580.9413503819845,0.0,209.86749337964355,45.35450840300538,328.6762642379124,53.48057212965869,108.190092336672,34.43751671146455,66.36824390943458,197.2671476401847,140.71064420585196,235.26402377776077,42.88392214510087,141.0402352155409,360.1460892034911,0.0,0.0,0.0,798.6159205439773,159.21916286946114,241.77589960093525,45.61272223911609,19.90770731174352,153.47487390798898,64.81620109269231
202,Mic,012_00206,370.1639084941069,20.22465359340644,0.0,0.0,0.0,0.0,0.0,0.0,0.0,685.3117179815914,302.8253221068406,0.0,0.0,0.0,0.0,0.0,165.65560235470465,0.0,0.0,222.76659944156054,0.0,0.0,0.0,0.0,0.0,0.0,83.53493160369392,210.12602379817523,36.68386515871838,0.0,358.3097858157822
203,Mic,012_00207,455.54169950529223,0.0,25.716484155337895,18.73410484086584,0.0,0.0,427.1700819793059,346.4680340522267,113.99828111448285,390.1974755720857,0.0,129.40544993996102,15.865730381413599,18.517222100590775,0.0,490.3633993046634,151.32161081809653,334.8598834098118,69.17668752586762,138.13355121109882,0.0,0.0,0.0,402.9929360945622,0.0,0.0,60.93941731744884,49.05237014567238,10.70447212828176,176.83755963168753,139.407960382971
204,Mic,012_00208,606.566280400614,0.0,66.6966638382488,204.06792773086002,175.92130492354954,0.0,1009.97577522239,631.5718317526379,236.52704584977735,789.3535666547549,137.50741667096332,22.37452507465312,74.06705764792572,57.63013000694067,62.47418878209531,966.0084442988905,343.40097693094833,104.21659636733939,0.0,214.95271999686292,82.18547119114916,0.0,0.0,0.0,0.0,0.0,132.76087344158498,19.082873589834275,0.0,467.8075238215816,813.5094626939953
205,Mic,012_00209,428.769664601512,0.0,25.801077853217297,0.0,0.0,221.19725767404864,232.56021139989244,317.81278311557645,169.82698477431683,200.634022698558,0.0,0.0,63.67168113593615,18.57813401539535,26.85294079230413,198.88409147330097,156.03658425458877,100.78841885525587,69.40424241904482,130.43570625196637,0.0,0.0,414.4578064563654,0.0,0.0,0.0,158.96367741031887,86.12402159622576,0.0,112.36553268263478,34.96663480000506
206,Mic,012_00210,232.00413983081347,0.0,69.04513791706037,0.0,78.91681072978947,118.38726467061757,206.26265832006555,0.0,103.87807519394832,691.432674583282,0.0,0.0,85.19450292836527,0.0,43.11598944116437,386.56344539881036,187.3389367106863,179.81032471829684,0.0,87.26332460518877,56.719550540370555,0.0,0.0,0.0,27.670354430115268,275.83038074568617,418.851206350916,39.50961151698083,114.95999996922312,246.88764927452152,37.42907387042795
207,Mic,012_00211,0.0,0.0,0.0,32.91418189207419,0.0,232.41002188794045,18.61706498105788,0.0,4.855393903074608,0.0,372.6007419471264,40.4184969090508,22.299759291848602,26.026510325715144,0.0,153.97478049545882,100.43555454324509,282.39335789859706,0.0,22.841275749192267,0.0,0.0,0.0,0.0,0.0,360.9945996855985,68.52174113114063,0.0,105.3181935201915,207.1254058666079,48.985516033186805
208,Mic,012_00212,299.7257083238531,63.43591787887836,60.467724307980625,28.317796138863834,0.0,259.200310754612,462.7201789565135,462.19359042303824,334.1879926944392,212.9863698572852,59.364435390988575,0.0,213.17391041106376,12.43998401030878,17.98082379044153,315.4108939664685,251.3231232046764,247.45702837883672,46.473325320241464,398.4897016992893,461.25238016530415,2485.000088585358,0.0,575.3079222605465,0.0,690.1835077689417,417.58265919511757,304.8215843028154,143.8266078910104,356.4016895660663,234.137818925144
209,Mic,012_00213,315.122144709331,122.39960354729578,0.0,14.284754941160202,3.4480575765015704,268.9758653316431,10.099757752223901,516.2868661712539,573.1695394701514,514.7192449640274,107.80581467003525,17.541627658528046,116.13714639194752,0.0,0.0,432.77178304590296,217.94515335884182,306.3967933199778,42.197779390779246,188.34915982783943,128.8668188277219,0.0,0.0,1313.6310363757432,1053.0230081924665,0.0,111.51913369093138,104.72681026101053,111.00537597028185,197.76333752143722,63.77914187520922
210,Mic,012_00214,93.7066700495037,0.0,32.57955417394832,84.55150899752144,0.0,366.59483203300266,182.4878347753851,0.0,164.11533909146263,157.5680615919988,0.0,0.0,30.14983031982023,87.97122649034557,101.72328973034833,198.26451486434988,183.7177396830992,169.69015898648823,0.0,131.24838978001603,150.54534909780597,0.0,0.0,0.0,0.0,0.0,138.96465257436932,256.34065706967414,20.341831770255055,140.0193553677692,33.11481924984903
211,Mic,012_00215,156.90309164775556,31.80201713450836,9.238548489255663,40.38093269585922,0.0,118.80559422775755,42.82582792462431,0.0,230.82851438857168,425.78748383429223,0.0,30.99227501506722,153.89197843455946,99.78361732650505,0.0,326.0855775392638,249.1578348521368,156.3862706383868,223.66314164723983,175.14335115105024,113.83994596088506,0.0,0.0,515.7561980273824,0.0,0.0,157.62421723099843,26.432814301113204,46.14648762015457,190.58464907302016,0.0
212,Mic,012_00216,251.3363861318034,9.19928877246937,35.63215294663513,82.73963679718004,2.9370166750439273,114.55530891466914,320.0263955559873,241.7434542778618,143.59393212500035,235.68891385439116,45.913890404614676,0.0,107.16800845367106,38.485538266985934,20.86020613507782,238.525383981608,243.5202384959501,179.78990332991313,0.0,113.99236338544932,54.883653674498255,308.4625848703553,0.0,117.78275229765472,1245.024533574454,400.35346575012716,215.31235352025365,114.6922964649665,22.247795564742326,82.69490650578915,0.0
213,Mic,012_00217,282.98581084735105,34.10002486790856,33.610064429450404,27.061782026555182,39.65966089345515,432.2176455768961,420.93712959201105,418.7688735572294,590.2555852021877,247.6024745616846,109.41050203318868,47.4739584804548,72.02912778030124,38.212129503925475,93.89445061882796,437.060574496131,286.24492799656855,239.55244704012702,57.10118997399086,238.1025273801118,196.17749821540886,1243.932285109535,0.0,176.71840101913946,382.8169197476299,106.00247379130565,256.5392791266351,172.08155561929044,70.6871772476522,216.5203227876481,201.37753411207242
214,Mic,012_00218,411.4593093102398,27.213734748795275,112.9377633891729,89.47254714765569,26.06523005994708,181.544185564014,191.96083848719294,234.75587867284477,411.8905104342579,289.1717252822287,174.63144924951712,66.3020483853652,41.8060282188436,12.1981700662639,17.63130453749558,412.3730622340582,245.05331053560542,227.94097895174735,45.569956145549945,171.28490151446124,173.95628891431141,0.0,0.0,970.6265472822929,50.91823320617323,507.5755602490812,128.4597652307345,121.17418650996281,49.3607948031999,170.85385531009698,275.5038525926964
215,Mic,012_00219,334.03173801384355,14.229202923424294,0.0,50.81533378278333,6.814343036564369,398.6796422899848,223.55195024685312,292.3751986962467,241.5414532177748,223.43817894666367,0.0,17.333624168505978,57.380013039499765,44.64626672474456,96.79795257937296,817.547253487087,276.16858540006695,228.75474248746698,0.0,166.5246368355144,445.6856382381686,0.0,0.0,0.0,0.0,0.0,88.15741793749515,118.26856043027728,12.904600787059037,85.27344772753311,336.1219598166494
216,Mic,012_00220,31.919184067797524,50.13911336526945,0.0,11.937121120746685,9.604617204739752,93.65454921018215,78.77248386135633,117.74122605674559,325.77123382551,261.06004502498695,150.14737419224966,12.215618146607277,40.4377250668341,15.731901784624474,34.108470755684344,57.615447112042624,155.34350599884678,208.626724018555,58.77128048855049,186.38862759682104,179.48024906367954,0.0,0.0,513.5634213461342,0.0,872.8225975685224,134.60991067614745,41.6740192045406,27.282986065119246,185.29358035687963,88.82888840558387
217,Mic,012_00221,240.51045644368887,80.59675387223163,29.26689428126141,26.65066220365709,6.432943239741736,250.91032213772678,263.7996427819675,878.7286279426945,0.0,55.50850282158868,0.0,0.0,126.39303867282847,0.0,60.92010448403323,1270.4834500085497,318.115730868371,393.79355692036955,78.72720035593143,342.15037871318043,300.52896181838133,0.0,9167.55924131841,1719.8625770826698,29.32231588862961,0.0,429.98670950483495,83.73678858822802,60.911641774737625,254.91882041433564,198.31822722390928
218,Mic,012_00222,384.12018095122374,0.0,49.14491019660438,25.060973580982807,47.529615716187074,168.53124394213228,227.8140846366293,866.4181825412738,488.520772528647,149.13562662842875,202.64250877826177,32.97298432054145,48.51175705595134,14.15476877363455,102.29691730401572,346.92563324666037,178.32752486238718,179.17941129823265,0.0,142.85815446643934,161.48724163874923,0.0,0.0,279.17234647214934,315.12303391088665,0.0,214.28070801097925,46.870215834680685,73.64354885246473,211.77664305098085,159.84747337145168
219,Mic,012_00223,0.0,0.0,0.0,61.045961287009405,103.14702151927777,0.0,621.5235539830093,451.5929503672186,234.1378837704867,0.0,0.0,0.0,165.43753047285972,0.0,0.0,0.0,87.66019240174633,29.09751123646513,180.33239055888566,148.27306779069684,0.0,0.0,0.0,1050.537141101209,0.0,0.0,95.31549888113793,63.93578160012852,83.71446151604964,230.49340037463546,0.0
220,Mic,012_00224,297.933664088822,0.0,10.45803688983741,0.0,0.0,201.73189899873233,0.0,0.0,661.6736595353954,720.0118917993912,0.0,0.0,58.06857319597376,0.0,65.30635200688363,260.93592801297086,284.6107296803699,231.4997993973166,84.39555878155849,109.04425042664388,257.7336376554438,0.0,755.9710389764105,184.3692682632622,0.0,0.0,148.6921782545752,104.72681026101053,91.41619197552623,179.78485229221567,255.11656750083688
221,Mic,012_00225,453.9521804903649,0.0,0.0,109.88273031661694,68.96115153003142,155.17838384517873,599.770229593604,418.04604548279667,204.24027707363993,466.8862871172148,82.92754974618096,13.493559737329267,0.0,34.755401481108834,0.0,176.241902597879,303.74256667205105,209.50208090254898,0.0,236.38963379202522,346.94912761309746,0.0,0.0,0.0,24.179632794316106,0.0,91.5028789258924,287.7110172005784,10.045735381925956,154.89156505175504,98.12175673109111
222,Mic,012_00226,305.5062114950603,0.0,9.141640637969767,0.0,0.0,352.6781451026789,360.2011506037895,353.6500637291336,408.92263266908424,301.68677197859245,94.23585198429656,46.00077183180432,67.67898973889717,39.494774410350956,14.271493008497298,522.9399887689592,253.26822634254552,119.03527324008463,0.0,173.3061831319833,168.9687309804046,0.0,330.40692262955,0.0,27.476855448086493,0.0,155.970816350953,143.8555086002892,91.32486710841782,314.3091823290484,37.167332095110275
223,Mic,012_00227,40.49112042522724,69.96443769591839,18.477096978511327,10.095233173964806,24.367898067148907,237.6111884555151,224.83559660427764,144.026464433119,70.73777053843325,699.1325351847021,0.0,15.49613750753361,68.39643485980419,0.0,0.0,191.15361441956844,212.91669523728052,84.20799188220828,74.55438054907994,218.9291889388128,170.7599189413276,0.0,1224.3347215460121,719.3441709329281,55.53625906821721,0.0,183.8949201028315,39.64922145166981,0.0,158.82054089418344,0.0
224,Mic,012_00228,454.8046879514234,0.0,14.313006692295728,0.0,6.292075869528414,245.4159355215722,235.90675041690864,11.019056348897724,284.55443538529954,575.5056745093764,0.0,96.0308083496061,17.660758271281562,41.22447255970939,14.896521899380392,580.6834787541635,107.61568328152343,149.09819626276294,0.0,108.53774096878954,176.36882138830552,0.0,0.0,0.0,0.0,0.0,203.50206877907186,81.90313628337633,11.915562040605609,65.61490959569915,0.0
225,Mic,012_00229,0.0,82.68524454972174,4.619274244627832,20.19046634792961,6.091974516787227,237.6111884555151,189.1474066670907,330.7274368464214,271.78196048976986,0.0,190.4696372262107,0.0,136.79286971960838,19.95672346530101,0.0,354.19640318920034,124.5789174260684,372.9211069069224,223.66314164723983,87.57167557552512,113.83994596088506,0.0,0.0,285.023162067764,2971.189860149621,0.0,39.406054307749606,13.216407150556602,80.75635333527052,215.99593561608947,37.561332081984226
226,Mic,012_00230,480.72805388409773,0.0,188.02977284810416,29.352236180466164,11.808416357882091,460.57511186925194,0.0,1416.552524742886,938.155219217361,845.7062580571361,0.0,90.11110098558929,232.00913948163034,193.41618974932146,0.0,43.591033747572816,324.8980932424314,186.54294874884494,144.512943119107,101.8470583063299,551.6559025159328,0.0,0.0,2157.288812441139,0.0,0.0,432.83682026160585,76.85431281385311,223.62082185794085,566.4454250302684,145.61447916714434
227,Mic,012_00231,286.4746770084828,0.0,0.0,0.0,149.91554680441612,146.18253550632778,535.7262807701374,315.0491936971801,284.01943292159035,336.33325883550424,0.0,266.9378121949921,126.23602868689949,0.0,70.98516522487351,636.4290927145632,133.77707623049113,88.81066473042836,0.0,150.85172983923067,280.1452583211346,0.0,0.0,0.0,0.0,0.0,96.97315973124468,195.14312470995748,113.56048692611952,625.3386166685763,369.7341557983143
228,Mic,012_00232,225.18399552085228,97.87202341773755,128.25311197643396,162.0965099706122,30.567886316503287,278.1960782094418,329.4956429803542,836.8882122762711,343.73434000348044,116.05607540286769,63.71502049056458,62.204353399035625,131.55803620049215,73.4341372901679,48.24641844480173,327.24190937450936,198.51769635661435,213.2785664034519,49.879171856713064,228.4937549236574,95.20302809376618,0.0,0.0,0.0,882.4422724876005,277.78662458076195,250.45668323022417,145.8960122683784,54.02848225503914,312.3921192311549,37.69452829504091
229,Mic,012_00233,719.9363610684384,28.272159735285445,82.13117976312103,52.35250501995885,36.10531493718922,440.0783136970601,111.04445696162402,189.689305105632,93.77773878765566,186.92706290495204,282.21417452888807,0.0,126.67664309767402,147.84693038429808,85.47951833361732,291.5578304320643,248.35142205965963,356.4825983943896,0.0,129.7527967951498,0.0,0.0,0.0,0.0,0.0,0.0,116.77396198003287,156.659402035917,51.28058637370581,291.79740424391025,55.65370146178815
230,Mic,012_00234,984.7567022166594,0.0,136.17235533642463,0.0,395.08993064080494,1050.6869739517308,2125.1573603637794,0.0,2326.745219969211,0.0,0.0,0.0,403.2539805275956,0.0,170.06862501792614,1756.8094746808251,627.6606745015665,709.2518363888375,0.0,206.52320156561345,0.0,0.0,0.0,10962.929579890157,0.0,0.0,309.7753713636983,623.3738706012532,68.01799998179035,299.6414204870261,0.0
231,Mic,012_00235,365.4767142247396,171.6489285646583,119.6070585016843,259.55546993602945,188.84335953777935,238.30013842204207,313.6651569956134,134.2308500852193,301.4223529467992,400.66266237665275,173.65627363085576,146.93373683045402,274.3789970600135,101.89244635247759,126.23650516794517,205.0351458487639,220.5554728123513,188.64636473022688,27.189290844574256,213.97506966334174,228.34004624757424,0.0,284.13859927163196,98.99552634410556,0.0,0.0,134.12954223995183,77.11841698159832,79.93868039097009,194.61246897610974,27.396538606189527
232,Mic,012_00236,678.9821890136118,0.0,0.0,166.9646681434309,0.0,545.8114150398603,0.0,666.5813567943584,246.30089071960288,0.0,0.0,0.0,345.64626902365336,0.0,26.50420130149498,51.65820557748078,79.08628559621839,0.0,0.0,193.11260406135278,418.3987624276685,0.0,0.0,0.0,0.0,0.0,48.27668125148544,145.72376195873449,0.0,373.5789138539546,0.0
233,Mic,012_00237,0.0,0.0,0.0,35.27099985471654,0.0,207.543105965774,0.0,2068.7258012060206,0.0,0.0,0.0,0.0,179.22399134559805,139.45068495506632,50.39070370901515,0.0,237.413021088063,210.1486922633593,260.48011969616823,122.38411944628943,198.86854757364492,0.0,0.0,7065.591813586951,0.0,0.0,91.78529521887357,0.0,40.30696295217206,0.0,131.23280221236465
234,Mic,012_00238,216.46800352731012,17.363287811702637,0.0,59.71119428780791,49.89150834166259,162.16390594753403,519.6016850018727,0.0,132.12604052000134,287.00216249876075,346.64249090043495,56.40394745507412,46.678917360107526,54.47992997440694,52.49706752964923,301.8433799852028,123.66851902336401,98.51986923471955,0.0,135.4685952391805,155.38603556397337,0.0,0.0,0.0,0.0,0.0,23.905494896233954,120.26505542146363,10.497954981112336,98.2746781018542,205.07762660838978
235,Mic,012_00239,0.0,263.9991449059321,8.715030741531177,0.0,0.0,784.5129405506258,653.1176679771455,2606.594509519586,407.3999177606468,0.0,359.35271556678424,29.23604609754675,96.78095532662294,0.0,81.63294000860455,1071.3223060695148,162.3905064242351,45.392117528885606,0.0,132.1748490019926,214.77803137953654,0.0,0.0,0.0,0.0,0.0,470.8585644728214,24.934954824050127,21.765759994172914,551.340213696128,0.0
236,Mic,012_00240,47.156325433495105,37.036917074345126,0.0,0.0,0.0,415.086211931548,120.53208840102597,1031.2567057063045,888.8567809805514,1126.4342761885518,0.0,54.14082610656805,19.91377681617756,69.72534247753316,0.0,510.714704030205,358.75745408862855,112.07930254045829,0.0,214.1722090310065,198.86854757364492,458.54393749641923,0.0,0.0,2651.799234438372,0.0,198.86813964089274,92.35168453351898,0.0,236.753714952712,174.9770696164862
237,Mic,012_00241,309.80085936031844,32.06096485672319,0.0,21.808786169710228,52.64210040460413,299.4324200574908,164.47442649932051,195.90368119528853,281.50165415153936,185.48032036974618,0.0,33.47638866131307,110.8178877785759,0.0,10.385870230102359,198.37802508278367,223.4582099248715,199.24021052755128,53.686742227454516,271.1602341166833,368.89356534653217,0.0,0.0,273.6609155731203,699.855783804951,199.3278069510811,170.25821937546777,123.7230582872716,116.30558775512242,283.6300468732156,135.23991067686435
238,Mic,012_00242,251.93517694363024,40.85093151349046,12.97983301930175,40.52412749265305,22.008878147882367,214.6084031901408,174.77594975479659,389.7151078062635,493.184053048472,267.9840286575308,114.68703688301623,12.440870679807128,61.775077868057195,8.010996795291044,5.7895702133762095,349.8103169175791,151.84330667887602,197.9868956047138,59.85500622805568,116.00452173047222,137.0923604550233,0.0,0.0,0.0,11.146639231422322,0.0,232.00198025536554,63.6637144443833,78.72721700019989,198.91090040840882,135.70030186214728
239,Mic,012_00243,269.56104294156125,53.13635925647744,57.88581304338051,89.60916383753631,101.78767753510172,310.16589636951466,417.40696245353394,0.0,334.35926575342563,159.19265089645285,99.45185855169304,48.546940014376524,71.42505928164054,83.36166406908023,45.18428413760399,410.97819640239317,215.24863203445415,87.93675905042414,155.7113630656061,274.34816444140534,118.88082917686522,2775.375252688198,0.0,0.0,1246.9017280463752,0.0,315.4907841194861,110.41308409173487,60.237343157305105,232.1944586799833,78.44912899779732
240,Mic,012_00244,608.2681498125319,228.08145302427195,76.10728900994691,29.352236180466164,0.0,690.8626678038778,567.246668275589,398.082278851103,407.73669142908386,244.5415685948345,0.0,45.055550492794644,99.43248834927014,38.683237949864285,27.956486304316623,653.8655062135922,263.43088641278223,209.86081734245056,216.76941467866052,203.6941166126598,275.8279512579664,0.0,0.0,0.0,0.0,0.0,432.83682026160585,38.42715640692656,55.90520546448521,338.6358519202692,109.21085937535825
241,Mic,012_00245,64.33828443452923,85.10610731977178,37.085237198005,30.393095619489785,20.378590877668856,119.22689066118932,489.46816529690295,103.49577038811029,378.6059397139785,14.067403079135477,63.71502049056458,31.102176699517813,148.7177800527303,53.4066453019403,0.0,293.389298059905,215.1871212415209,177.06145135380908,0.0,181.62324109316356,342.7309011375582,0.0,0.0,372.2980692865322,55.7331961571116,0.0,246.06270633144828,132.63273842579852,77.18354607862733,318.7674686032193,0.0
242,Mic,012_00246,761.7515881302232,120.39112718163148,31.98828575602797,0.0,42.186675079546134,329.0895579098407,260.32002036727187,687.0822036279244,360.94665605727556,223.26552130001477,43.96648232872563,35.770040086721146,157.8808406633327,27.639899220294552,26.633911911453357,524.3012917142812,177.76929311487913,266.5768729265713,68.83813929980302,137.4575305689564,183.94529604283306,0.0,0.0,18.797845459141744,12.819544303674936,511.1636419691672,345.6547373780908,201.35077712732155,42.608339303437994,278.62252802219393,346.814257070197
243,Mic,012_00247,467.81218299365025,36.36351858208431,114.43979761606595,24.04840899185219,0.0,169.80799579017875,289.05030604007794,213.4803038099579,159.63946620715,0.0,272.23690573241225,44.2970395417375,130.34472097861678,19.016002493872683,27.485838386735537,251.78592051838777,211.513418787547,57.3132797081889,213.12009793322855,100.13246136514591,162.71062983298222,0.0,0.0,0.0,52.918388270388796,263.7569970766831,87.6132363452884,151.12093832757654,131.91369693438128,169.49413684114606,71.58152847947163
244,Mic,012_00248,231.02796532942156,58.06432805848946,138.00928446999515,37.701699258194076,146.6182840447882,246.4954777599369,0.0,0.0,386.2245150172984,100.33853706518259,79.03652101908743,90.02301584288588,141.90755912994567,16.562324752727818,23.939278594898692,377.93809757976254,208.65889272754393,269.5572961759336,61.87357681932441,188.95964483422694,94.47713990302192,0.0,0.0,0.0,23.045104569362863,0.0,239.8260939589922,142.5899176155359,19.148762458216638,268.8864359795601,93.51780333608392
245,Mic,012_00249,1097.5328534740572,420.7778578784042,611.1839740814072,482.3423746365782,850.8194019938942,436.64913203188814,0.0,0.0,205.25074226633572,0.0,0.0,398.67335587563747,188.53432855835638,0.0,212.03361041195984,640.5617491607616,349.64463105696547,840.0489282943115,2192.092435884636,1319.602794419244,836.797524855337,0.0,0.0,0.0,0.0,1017.3484172957775,1158.6403500356507,194.29834927831266,0.0,373.5789138539546,138.050090638981
246,Mic,012_00250,397.259806007857,84.3747267099925,86.8098765269707,83.69973598336055,74.07936199515093,394.0076152318991,0.0,200.4951737233031,242.82659430103212,46.48837111308052,0.0,17.130495760281296,37.805060674462084,66.18460242984592,15.943933595430574,267.2504979172482,300.47585481457975,252.67096671352337,329.67015149046284,116.16930088065754,314.61625690361797,0.0,0.0,480.1283027689119,3837.0999307386405,917.9979859192368,246.8522490554471,219.15487638325305,0.0,210.68537377994022,207.61439412503003
247,Mic,012_00251,1621.5547755197138,169.81077073709181,24.66518134395616,0.0,195.17307036801344,317.1885204382584,0.0,0.0,874.7037921991767,0.0,0.0,82.74352669117005,365.21115217593564,213.1227449313278,0.0,60.04048044477011,350.7441424753836,64.2341285786117,398.09225840357783,327.31979116059483,911.7935294414285,0.0,0.0,0.0,0.0,0.0,0.0,352.8531343025961,0.0,305.2950321943285,0.0
248,Mic,012_00252,0.0,29.50810114447825,21.43040346278158,281.01157261298755,56.52553404100936,0.0,1225.2165142042109,470.2066176423078,846.3508749408576,438.97216001859636,0.0,71.89191663331168,475.9719114424079,277.7583315088616,401.4734754521534,156.49895722489256,493.89692419795404,502.28982511471776,0.0,609.4127259313183,1584.428100340843,0.0,0.0,0.0,0.0,0.0,60.93941731744884,245.26185072836188,53.522360641408795,29.472926605281256,0.0
249,Mic,012_00253,0.0,0.0,168.35854841594315,10.821784046333486,0.0,127.35599684263406,405.5205764150505,983.5342568387346,0.0,349.36715260739294,0.0,166.11389828151562,146.63781110094385,85.57201122242707,0.0,0.0,63.130280607507665,103.16390347474001,0.0,18.774836505964856,122.03297237473664,0.0,0.0,1076.6513456030145,0.0,593.453243422537,56.32279479339969,255.01658342778535,222.60436357676838,81.72038740555257,0.0
250,Mic,012_00254,959.642894929406,124.75207117517043,103.54491970136051,127.28989551528892,108.10741576490074,388.37274284684446,356.65811204223013,572.9545636200779,288.6155101923326,0.0,533.6921518318577,347.3589635352089,335.3795481615647,93.19723994521759,215.5325148742034,666.8852704187254,222.13396527546487,247.18479842462457,69.63329932471824,212.6575540873643,372.140153380385,0.0,0.0,114.08989372726622,0.0,0.0,147.21997846987642,357.9770742066602,53.87564354993294,41.53445432493431,35.08203623498857
251,Mic,012_00255,332.46577602531846,121.85647184421869,144.12671729224672,212.75166933642853,140.05649730470597,325.16424725778904,168.0037072903782,347.47326045663357,295.5028417025968,316.51656928054825,52.130471310461914,220.54270750567179,308.875389340286,185.7094711635651,150.00250098292904,664.7421858140505,264.09328516004837,316.076640433246,244.8613891147732,297.20166724335854,218.10148254208255,0.0,548.3348928745723,0.0,1276.7968574174658,151.51997704405196,129.4225922912163,151.92477310591468,63.15017406433145,198.21540774963816,143.92456258106532
252,Mic,012_00256,145.81046434563493,156.28691893587433,19.56967980882749,21.384363684371557,10.323525678148414,301.99386077654543,326.578993185683,85.87605891072087,233.43687214243135,71.26361080807551,80.69297505242159,0.0,115.9053357205065,0.0,0.0,85.7464346471717,115.15242340199464,173.27829296206332,63.170328429310246,111.29992898745634,144.6857995820231,0.0,0.0,0.0,0.0,0.0,89.03723248776956,134.37999605775516,58.650251481304245,134.56950021872427,31.825919099405795
253,Mic,012_00257,1121.3437357189182,174.85657649613682,164.34057969744504,89.7898882015784,88.66433768146895,192.12561809403078,750.2677187366326,802.2502682360335,295.0137335508132,773.5664953216599,154.00830667147892,225.53521275250347,165.9102091313536,64.54574560777355,46.64739429063116,0.0,161.16952517292503,58.36129396571007,361.695251920965,198.2622735029889,184.09545546817412,0.0,0.0,0.0,0.0,0.0,148.6921782545752,21.37281842061439,93.28182854645533,102.73420130983753,0.0
254,Mic,012_00258,1157.6716399657864,147.94472628601423,53.722792242315464,58.70447236093233,70.85049814729254,230.28755593462597,83.0117075525252,599.708368139324,317.52945881202993,0.0,0.0,0.0,132.57665113236018,77.36647589972857,223.651890434533,196.15965186407766,245.86882731859674,373.08589749768987,0.0,135.79607774177322,0.0,0.0,0.0,0.0,0.0,0.0,50.921978854306566,461.1258768831187,223.62082185794085,0.0,291.2289583342887
255,Mic,012_00259,0.0,66.31557467732743,96.32402398534458,45.109752445769054,0.0,619.3523214873361,728.2456905550918,0.0,232.90557911906308,93.95544477591011,0.0,0.0,76.40601736312338,178.35008654779534,42.9647052676866,0.0,290.14370261393805,161.26147016840937,333.1403636114151,208.69713000314619,169.56160372068672,0.0,0.0,1576.842425935795,0.0,0.0,117.38856177992777,157.4839252045271,17.18349473224177,217.63429488005053,0.0
256,Mic,012_00260,0.0,203.22514820471312,231.93226973429742,0.0,0.0,0.0,0.0,0.0,0.0,0.0,0.0,0.0,312.19663008588043,91.092786140003,0.0,718.5489756454745,299.8296701805699,0.0,0.0,119.9166976832594,0.0,0.0,0.0,0.0,0.0,0.0,599.5652348974805,120.65300721314576,157.97729028028724,318.9731250345762,342.89861223230764
257,Mic,012_00261,118.30812619819346,79.64575972624661,26.993458048990366,126.41376054124072,0.0,247.9497283661902,691.1928609191579,503.2035732663294,481.7438758994527,193.0844440330896,159.00562635698415,12.936303582985287,199.8426806154456,16.66003758312739,24.080513276874495,314.45980244746113,215.56261914721472,210.89258143951278,0.0,80.41611388395567,190.0690543181739,0.0,0.0,0.0,0.0,231.07913903178428,263.1719969107525,242.72964872969146,77.04693803247048,525.0354093489484,62.71302052626275
258,Mic,012_00262,967.8198547583876,111.19655103092963,5.047315101272882,0.0,39.93889084750854,64.90730341014554,339.25827198589934,0.0,504.4360584707783,0.0,0.0,0.0,56.05074632816,0.0,31.51850965583187,970.6157977693143,200.4719216677968,302.3220182908404,81.46289457679393,239.2160635895136,248.77764252455967,2204.861606793834,0.0,0.0,30.34123806236578,0.0,272.69801031244486,231.05749643907453,12.605652506277748,270.71850345159885,574.5868637406236
259,Mic,012_00263,537.1400193909052,192.85651819426857,0.0,0.0,277.07605525459047,600.3925565438462,342.67035230759666,0.0,489.18093573476676,743.8139378092883,0.0,0.0,172.82313451182668,100.85272751214617,72.8865535791112,0.0,343.40097693094833,243.17205819045859,0.0,354.03977411248013,0.0,0.0,0.0,0.0,0.0,0.0,132.76087344158498,667.9005756441998,174.90342852460375,481.5665686398634,0.0
260,Mic,012_00264,0.0,70.12964297973402,0.0,0.0,22.38998426299721,218.32456601594407,0.0,705.7920248410853,561.0186955279843,0.0,0.0,0.0,0.0,0.0,0.0,537.2453380058,241.42129287266664,0.0,0.0,289.6689060920292,0.0,0.0,0.0,0.0,0.0,0.0,0.0,0.0,42.40083115747969,256.8355032745938,0.0
261,Mic,012_00265,86.0284315340789,5.405387897336857,3.9256895232122417,60.0560267796525,0.0,151.4503746236729,1404.2606123962962,435.203090392501,354.37085111208796,714.7761564533702,566.547074091777,39.508170402090194,145.3167497396741,16.96021844048104,24.514396398980345,162.45187051272634,177.09728059541993,132.904848620611,0.0,253.0374361524633,96.74686098177321,0.0,0.0,1603.311329366457,0.0,0.0,279.0769111384669,134.7835395894601,39.217585575086325,464.30922814205843,351.1364167303811
262,Mic,012_00266,306.34575287034284,145.66426807736661,7.55638503600969,8.257083781017457,0.0,97.17336175276125,788.1313852891482,541.0165585406778,334.96604759072517,412.7522429461947,311.57749904634466,0.0,55.942748743712684,0.0,23.59333526260247,450.6506581360346,292.71790403516667,354.21594603465644,121.95889997335043,229.2049404658831,0.0,0.0,0.0,466.25176222645786,0.0,0.0,214.87308996325893,670.2169938256247,37.744092475444354,41.56875197507877,0.0
263,Mic,012_00267,324.9365549401772,208.33265854319134,248.13629194637375,26.45324989103741,933.8489269691754,155.6573294743305,682.6688110299488,160.74558590452187,424.3749143340071,330.5839723596837,124.77524846068896,162.42247831970417,336.0449837729963,130.73501714537468,132.27559723616474,346.2056407127832,483.72903046692835,189.13382303702335,97.68004488606307,80.31457838662743,74.57570534011684,0.0,0.0,0.0,0.0,0.0,292.56562851015946,138.52752680027848,120.92088885651617,432.8153851479266,246.06150414818373
264,Mic,012_00268,667.5767360152427,773.7531499196899,431.8080842523366,478.31306137821485,452.4600439753192,152.13567043644971,493.56282228062497,0.0,438.6112392804592,255.79121843215347,243.90455807700283,357.1824636351865,832.0534620840887,511.10884531042404,812.6356018956109,467.9625681724729,298.7536704280105,200.25934203920121,668.2906238358704,302.7760964129355,291.55388875050204,0.0,0.0,0.0,0.0,0.0,67.28152862197972,186.1659523062566,192.0508234779963,187.10640736293936,0.0
265,Mic,012_00269,242.40164977640848,1301.53424586491,1246.919783019076,1472.428586242667,1246.6054315044141,193.97297980647343,0.0,116.12390152299909,713.2200151777902,572.1645675456064,0.0,1163.8195273446495,1340.0439968301637,1086.1062962846513,941.9185385608215,630.3095822076923,421.59073783214876,497.5674421435537,243.44872725449568,629.1014447690993,309.77600679740846,0.0,0.0,0.0,0.0,0.0,157.2705731538776,28.77110172005784,150.6860307288894,228.1884663708891,40.8840653046213
266,Mic,012_00270,425.63062594883127,58.615820997986646,106.42507011367786,170.56423810340536,65.49905844100677,250.91032213772678,409.74593865874436,702.5732386581451,108.6501441648663,335.0695079412262,73.1382731818421,160.65941206928676,328.29360694241154,183.9159644183507,193.8366960855603,412.34042302741375,262.6683546746358,249.44108004340123,229.0245828536187,248.83663906413125,437.133035372191,0.0,0.0,0.0,0.0,0.0,373.2435953473054,152.24870652405096,44.299375836172814,187.83492030529996,14.423143798102492
267,Mic,012_00271,323.917065446827,117.63008444007103,130.909841180969,67.15916756539822,88.3493831308583,245.01210111897444,210.8271011747725,315.83299027294294,361.11392934136416,197.23134034999464,38.01333380466687,152.5717497333187,209.30531006227812,108.86594375547138,170.78823838189479,260.3165541427691,270.93212321911386,292.90400239019976,158.7128514932929,247.01223544095933,219.6249263048857,0.0,0.0,120.99142937665106,7.389168460886447,184.1462814569226,94.37444317991371,94.95680962614291,66.00336246469924,181.7289292093388,109.94680467439296
268,Mic,012_00272,636.1019185971103,333.5452455244858,263.95684162848414,404.3544050437041,451.66249404653166,257.804343768348,274.2745715460165,50.15958941185136,408.6566322805651,231.93687006449375,51.66412843611913,521.2049112597791,519.4632745965705,324.7908924352823,427.72530867128256,432.0804543189926,380.922745017333,291.49570681488836,283.11609175922183,362.6362670302273,380.836445417389,0.0,0.0,299.4282578290467,979.159251335325,250.2742112836258,187.64667862797825,90.81740734638063,39.63732650696025,175.7641047968626,108.675854100463
269,Mic,012_00273,512.6388956993902,329.6831426815707,210.53679528225314,184.94998502765313,152.44044022427997,212.34936736708664,238.1416564734899,449.7050881085406,524.5920901110326,140.93316716386514,170.21970737373985,304.670375121803,280.15539699811904,202.1300980875014,236.3058789722763,323.2389865629229,321.8570840624383,279.51988162524293,199.88421816684908,226.9581288784215,203.47392446482402,0.0,795.7589883962214,0.0,173.71157244337627,0.0,105.649705601935,129.92423829373487,13.746795785793417,198.7095735861331,100.70390822401455
270,Mic,012_00274,529.3755358312093,107.18411884971647,69.38179813646178,76.74010745089298,92.61772778305189,261.14161682683795,258.21387133517413,338.0746336896116,277.55568551821773,119.39537642505081,87.22153290455927,275.3297545108771,216.11281286527452,325.3398018903149,179.6453048733045,254.36567297815063,259.72523510876636,209.33258083709381,327.74974284100387,192.48764417765912,344.0618949283837,0.0,0.0,156.6243783789849,401.82011132302017,253.5140068989478,187.66973954460943,82.30955961336934,46.48997280308777,190.83958431018362,137.60332659160565
271,Mic,012_00275,514.6332143257453,77.67329438218196,120.17912936257814,171.52426195764593,76.01252631124476,252.3225753580142,183.8042217571704,135.94993349034038,156.16513636099066,142.34338021866304,101.13115822704997,394.9334557267103,404.01055459988004,259.605895209502,421.18308634833494,347.76730441485273,354.7832482113361,300.2011525127988,336.47385067694523,371.9742467223056,302.22049443649604,0.0,0.0,0.0,0.0,293.94306991285134,48.82013357326577,66.66474788793889,110.258071265041,197.3248378817001,9.971723245029585
272,Mic,012_00276,752.3577375980354,75.7573303793423,39.61377609786898,117.83720406007572,258.31407770087526,254.7119936852681,533.8929182152028,203.3145750571028,415.06261213859005,235.41585910462322,45.372817622068716,310.0792767921625,553.9650641591213,256.7160336672812,343.5729798341942,270.53593587614006,319.42842837303016,395.4616299865034,319.6801468998428,250.33115341286475,298.30282136046736,0.0,1060.5654306627532,1086.350907275114,740.857435785443,0.0,68.83897141415518,94.45058645473533,43.971232311460426,181.60086090122795,161.05843907881118
273,Mic,012_00277,281.64645211508133,485.39168624175466,514.0888920566143,389.2194464304886,242.1388747543238,424.9969782276665,150.3615620415356,1670.74894269888,301.8800242995882,363.54950892925893,0.0,578.9722612014173,231.07812367311655,269.69605784146955,515.9385253352815,728.4967844977092,435.74625836780996,133.88124552058954,355.5992645290387,320.2269866972433,542.9781692179295,0.0,0.0,873.941405040042,0.0,0.0,386.34905866708436,283.67013212753653,100.88062918647556,262.60708761784315,298.5914881798185
274,Mic,012_00278,499.0749786466678,81.49579902697438,82.3467471640741,112.47838536346615,186.6566601452622,496.38754674884933,538.7862895379286,89.15023935820797,493.6253415712426,134.7064611780601,53.0540426525764,34.53076310733868,104.78253037331224,55.58811752637978,88.3821200880561,241.16653611723112,185.49060643671692,174.24139602623413,124.59974229560802,97.57001648769138,126.83742010602549,0.0,0.0,0.0,0.0,154.204386086171,146.3505691482039,58.901468088307375,64.26897636074678,176.95359477580283,20.92491531338885
275,Mic,012_00279,269.62322541974845,95.29380899010918,0.0,0.0,0.0,395.5527431347693,0.0,0.0,235.51516543972485,481.2913715236571,158.53796275005183,0.0,56.92997372154291,0.0,72.0290647134746,290.1367922669332,218.69928883759212,280.3630788548817,124.11111585523308,160.35919180388808,189.51002768782632,0.0,0.0,0.0,0.0,2303.9949450522026,87.46598720857364,0.0,0.0,475.9010795970414,0.0
276,Mic,012_00280,131.9934518639767,0.0,53.53943800258061,34.12740088331789,0.0,172.12619368492523,0.0,226.69922072066717,186.99066485424535,436.6416290211522,183.96896701371205,14.96725909430721,16.515521386795726,0.0,27.86107167529165,249.79298860810502,72.19624634452701,255.62113966778585,0.0,42.29144059364097,164.93193535971236,0.0,0.0,0.0,0.0,267.3577751937709,126.87045926158291,89.35734663908748,0.0,233.1680678192558,72.55875071127329
277,Mic,012_00281,172.22084688193243,26.392876390222483,3.8335912352776433,0.0,15.167408694288435,0.0,106.62500852787696,119.52929452953865,207.01634004927197,623.8439478400481,158.07304203817486,0.0,42.5722677389837,0.0,0.0,4.665902439256328,140.98573832942157,139.7704498690026,0.0,123.55053700699453,47.23856995151096,0.0,0.0,0.0,46.090209138725726,0.0,65.40711653427061,120.65300721314576,57.44628737464991,79.0842458763412,93.51780333608392
278,Mic,012_00282,457.4353713522547,17.419298417546837,33.73560287044326,76.0317601706914,5.561383187905759,271.1450255359306,219.9140800887462,521.0591839306185,288.8959372329392,43.18919638892642,304.2906059234866,35.36618479541945,39.024578760735054,36.4371144560012,39.49980968158284,402.9006756297839,184.03338376600496,302.0040077526663,34.030467250628426,107.92502791493345,103.92485389332411,0.0,0.0,0.0,38.024422539448715,0.0,275.80000805284106,72.39180432788744,63.19091611211489,211.6821647956733,120.01451428130768
279,Mic,012_00283,75.83153214930427,0.0,0.0,16.805594048423764,5.070672906619957,197.77637156738464,106.93861149413543,0.0,368.76716693851654,0.0,79.26898137502592,51.593022525082496,71.16246715192864,0.0,24.009688237824864,252.69978681313535,124.43235399380242,260.33714465096153,186.16667378284964,80.17959590194404,0.0,0.0,0.0,0.0,0.0,0.0,87.46598720857364,66.00429218130917,38.41016469559925,163.92148297231427,0.0
280,Mic,012_00284,616.1606181467366,20.111666701823165,51.12168870730577,115.71449533342063,91.49873457196904,234.7903852406103,42.31742074954148,92.76937384239591,41.20303541212475,577.5985327122407,0.0,36.74921995501686,81.10135921225387,94.65507386614837,22.80249720910741,346.6583046908934,256.04795374888585,85.58569645809436,117.87089215301467,159.21900455896454,314.96778344764425,0.0,0.0,0.0,0.0,0.0,51.917660005089104,229.84734893677486,127.67624577587459,246.0742391709097,237.5387034458444
281,Mic,012_00285,952.7840820148199,68.30335019380345,0.0,15.942806853973439,26.93794981641852,187.62267391995195,401.2850178338961,266.20367603598226,72.90677407585467,259.0066390585915,180.4784843806394,0.0,21.602891813978335,12.606590939018272,0.0,248.60511434162623,145.945415195653,53.19388772916282,0.0,143.82865823319506,35.956143646127764,0.0,0.0,8.573719692302,0.0,0.0,149.35598262178308,100.18508634662997,72.87642855191822,164.53524428528667,0.0
282,Mic,012_00286,37.55286028201084,0.0,39.16867749002776,173.87810321636948,161.42591650288253,157.40628823246908,272.3530180374985,441.00987319970443,94.70745860379236,133.71935960616418,151.4126610534203,49.27423499586531,226.5471800716829,52.8815799689156,45.86120225202502,277.09693643471144,145.24875278927,44.62708184019652,0.0,167.07494958117044,120.66181538176208,0.0,0.0,244.55973474371547,1604.0514826566443,0.0,83.53493160369392,70.04200793272507,12.227955052906129,161.60436161098036,39.812198423975794
283,Mic,012_00287,197.2729811735061,50.29923827821242,18.26503448823899,17.107490947497244,55.05880361679155,67.10974683923232,328.5949128967057,367.60979603887534,222.92169772160108,0.0,161.38595010484318,52.519843289006126,115.9053357205065,0.0,0.0,44.46111426149643,70.37092541233005,122.31408914969175,42.11355228620684,84.09327967941145,128.609599628465,0.0,0.0,0.0,156.85390535235,0.0,103.87677123573116,74.65555336541954,0.0,93.30152015164883,106.08639699801932
284,Mic,012_00288,0.0,22.594069077152803,16.409053697443635,35.861309475715984,21.640528722813205,0.0,0.0,44.21453991043061,119.0282547201428,0.0,0.0,91.74491453205047,283.4588649733726,47.26152921071286,51.23406276690662,479.31898196075883,217.24781469439068,56.97755338353842,0.0,103.69365768984774,202.19689146609085,0.0,0.0,0.0,0.0,0.0,139.9821761810854,46.94865971055463,27.321037649589428,60.17903005597177,44.47638903431606
285,Mic,012_00289,433.04311640817156,62.79049429580837,21.280889020017987,69.76275668938703,56.131169850025564,273.66730484324154,439.22202317810917,365.1151508351041,235.22689718337267,356.33877020631024,0.0,10.198620731702354,180.05759130534503,91.94016089479372,56.953213959491535,366.31674522524276,248.9523981595526,63.33783841239852,49.06718533811541,155.6128309471134,37.461284542942415,0.0,0.0,71.4609566911869,0.0,0.0,328.5059752135963,60.88768038430844,37.96353487355739,397.1990922734997,123.60298813025042
286,Mic,012_00290,456.763029905166,144.89117156390867,32.37782318835112,79.60544549253363,122.76365984448319,156.13924071109315,196.9921790681442,888.0063057641106,202.24293985128725,161.19806701749283,0.0,13.577111190811184,44.944716095954924,34.97060520545007,88.45674613935476,862.0363097913975,144.87339460203472,284.57906500307536,0.0,214.8352808855917,199.48423967139615,0.0,0.0,1082.1467628971143,0.0,0.0,69.0520951646634,115.79700382685816,50.53969038894638,256.04034691770653,230.36841750591566
287,Mic,012_00291,278.5170470915804,6.24997975629574,0.0,0.0,5.986211070315227,175.11449565862185,206.90475950736464,524.1703888190931,204.87064829917583,563.0258279250862,0.0,106.58975139730583,201.6269902637978,19.610252571806203,56.689541672642044,292.8015791134709,255.9609133605679,212.77555091665127,0.0,111.86673418137394,223.72711602035054,0.0,0.0,106.69517839309155,0.0,271.99940323532945,167.79499282200325,155.8434676503133,68.01799998179035,237.21612455222896,701.2752868223236
288,Mic,012_00292,634.5162802161569,0.0,5.73357285627051,0.0,7.56152977302976,73.73241922468287,243.63450718083968,258.22288628140586,221.81483725625057,508.925325869513,0.0,0.0,0.0,0.0,0.0,62.8055025705161,199.61436904641084,149.31617608186053,0.0,108.69642187663864,0.0,0.0,0.0,1078.1828553407145,4411.722474752413,0.0,16.303966913878856,16.40457554213824,0.0,134.0501091652485,0.0
289,Mic,012_00293,32.982281892424,153.94686978665297,12.900538926608649,0.0,45.36917863817857,0.0,215.94876772847155,432.02675204773664,97.04399129960962,352.3329179096629,177.31219518097905,14.425680640236884,111.42544198788825,0.0,40.27941118845619,266.92338592469343,94.88711204670939,111.98713206139541,0.0,138.58793789271425,0.0,0.0,0.0,0.0,0.0,0.0,110.0517766686823,172.24804319245152,21.479368415302215,100.53758187393639,104.89990440001517
290,Mic,012_00294,289.2292412104874,129.8072718615269,43.99414557022949,0.0,33.154399774053566,161.64414983872786,92.25740254435293,174.1858522844986,0.0,0.0,0.0,21.083687089576983,23.2646527227459,27.152657407116283,98.11651443341891,504.85961681684097,234.217076573416,16.367350070511637,0.0,95.31840072259082,309.77600679740846,0.0,0.0,0.0,0.0,0.0,53.61496812064008,53.94581572510844,109.87523073981517,250.66157290741603,51.105081630776624
291,Mic,012_00295,202.8360912385236,18.881057725313006,9.141640637969767,19.978678239384898,3.014036343095779,205.7289179765627,625.0549378124582,372.12432078961075,265.24711308264926,148.24263795499803,141.35377797644483,30.66718122120289,126.89810576043219,9.873693602587739,21.407239512745946,272.59637712424467,191.63215356006762,208.3117281701481,36.886170796135715,121.31432819238832,197.13018614380536,2167.1612185828358,0.0,0.0,13.738427724043246,0.0,285.9464966434138,39.233320527351594,17.123412582828337,72.29111193568112,37.167332095110275
292,Mic,012_00296,155.5023093853385,93.57767855297844,161.90768120734523,78.63167857519376,100.1729265344493,591.212242223604,183.77235053740736,339.31617096399276,214.26838445968852,209.26875314512088,164.84069521412115,40.23309095992672,207.17635696830598,155.44273598202346,106.09785780934843,214.08929724343102,192.10851798135008,244.65934906624122,161.3064961421225,215.9967429218342,221.67457367153995,0.0,240.8164624670013,0.0,901.1904424487083,0.0,68.20742121769504,62.909289693704444,64.89790823950639,175.93624689146483,32.50720788746647
293,Mic,012_00297,198.03647179563677,0.0,24.758610061168113,0.0,6.53041207670752,95.51699763197554,131.98547062565325,514.6400181132914,323.26991906947876,538.1381140968715,306.26651894896384,8.305694914075781,27.494589581426972,53.48250701401691,15.460784092538738,298.32613720995147,110.4779910631384,90.26841554039751,79.9200367249607,183.05465593315736,122.03297237473664,1450.8616772347639,0.0,7.274671254074423,788.814725155483,0.0,133.76663763432427,141.675879682103,30.91727271899561,255.3762106423518,40.264609769702794
294,Mic,012_00298,52.27640091395671,70.0727657348194,9.542004461530485,0.0,71.31019318798869,204.51327960131016,122.86809917547325,55.09528174448862,448.6218575894362,79.6297159698508,0.0,21.340179633245803,23.54767769504208,0.0,0.0,174.20504362624902,93.57885502741169,165.66466251418103,0.0,72.35849397919303,39.19307141962346,0.0,0.0,971.9385593764835,0.0,0.0,45.22268195090486,172.90662104268335,39.71854013535202,271.20829299555646,0.0
295,Mic,012_00299,480.08118949223757,0.0,21.548152932357304,78.48766451186923,132.61759909621426,92.3680856221302,327.4097293303352,0.0,769.9534254760235,416.862756354656,148.08491026103744,24.09564238808798,319.0580944833724,0.0,201.83968683446176,131.13236800437426,443.77972403384086,168.34988643954824,0.0,122.55222950047389,265.5222915406358,0.0,0.0,0.0,43.17791570413591,1291.2499142600254,142.9732483217069,41.10157388579691,35.87762636402128,237.07892609962505,292.0290378901521
296,Mic,012_00300,0.0,0.0,14.688254058760409,0.0,19.371109980345903,0.0,0.0,0.0,0.0,0.0,0.0,49.27423499586531,0.0,0.0,0.0,0.0,79.2265924305109,0.0,0.0,83.53747479058522,0.0,0.0,0.0,0.0,0.0,0.0,83.53493160369392,0.0,0.0,0.0,0.0
297,Mic,012_00301,567.1814075000161,1389.2572451578185,807.1639210277198,1054.5792238440417,2024.8660264690432,451.30178746919984,488.0419853423629,0.0,56.570226951258526,0.0,0.0,853.5355739887809,811.9207661629441,189.52190404967067,712.2337047730597,501.8820026440347,236.6163330978346,913.9352522594417,708.0164327311954,665.3096426274794,324.32924201607864,0.0,0.0,0.0,0.0,0.0,174.63846439295742,0.0,65.7355167609249,12.066097469276219,71.341322008064
298,Mic,012_00302,0.0,429.3564074783716,395.77433184017724,39.31583928759688,142.35100086474375,616.9171223202824,611.5449648135572,0.0,48.33121453977936,723.3419945668309,0.0,0.0,44.39493363606557,207.25698130936465,187.23151378120306,306.53694832582164,29.404364997145414,249.8648671314804,1354.974567593829,136.4189955295795,738.9152455717999,5239.074827152322,0.0,0.0,0.0,0.0,102.31113182654255,0.0,29.952880725926022,148.4462083146735,0.0
299,Mic,012_00303,707.6266922121885,193.6248708563971,302.07477072239533,261.7923216308244,103.02960885960869,267.90424833828996,832.9282289682659,565.35222175739,348.40836489353296,432.65671282930714,0.0,891.0587754829986,732.6048411178629,472.52114563459725,715.5078407128684,437.3865278616022,638.461311691006,420.4648336839005,504.35592897345714,770.1422974717696,705.9437286379188,443.92899128139385,0.0,0.0,31.308289474712094,1248.3797311836634,162.90975705182538,238.4218787956984,26.014852582676784,315.16069724531826,169.40011122233525
300,Mic,012_00304,503.2663244743616,681.078875064444,706.6241141782034,617.7191325907114,535.8467855374063,567.9389048387734,0.0,530.4037664158607,199.33360375054949,30.154619100376557,0.0,1155.6139842611385,1307.8507476570667,686.8888468394821,827.3608784655866,193.50884575780634,619.3592394736562,713.0856300990474,285.1201310187787,1205.6489604911485,217.6804372089897,0.0,0.0,0.0,159.29149982742035,529.2961360255059,50.233844004924045,252.71913673023772,66.17967565795817,170.06675216831212,359.1167898378897
301,Mic,012_00305,710.0654387389743,0.0,111.73116335296379,158.71949934622447,58.941155153873,431.05106623660754,440.2458507379648,0.0,297.1750063240793,432.3021177011248,0.0,74.96422076294037,165.43753047285972,96.54278189196899,244.20110258984266,312.7749814622853,136.96905062772865,116.39004494586052,0.0,84.72746730896961,0.0,0.0,0.0,0.0,0.0,0.0,95.31549888113793,255.7431264005141,0.0,230.49340037463546,0.0
302,Mic,012_00306,748.5770454493017,36.18078733292811,45.98383054576752,93.3174945904938,147.27884120735354,253.43203391800546,466.9234739721602,584.1207307764928,386.5039940633411,149.51033925814838,270.8688810804906,66.11166202962833,48.633645892775355,198.6646692701573,123.06473368131338,47.97204216441431,206.15562836189594,188.18340181573177,212.04914266723242,136.99026435508026,161.8929884770376,0.0,0.0,0.0,39.489350040968525,0.0,168.1192970215046,244.3374970195867,0.0,280.06685532958215,480.7473005669037
303,Mic,012_00307,119.98939351140638,301.56970384304475,287.4591291709236,142.09965648274544,36.10531493718922,176.03132547882402,216.80108263936125,379.378610211264,353.0456048476448,241.4474562522297,0.0,229.60245626345613,430.7005865320916,206.98570253801728,235.06867541744762,258.2369355255426,251.70752235776308,374.30672831410897,331.39617322601504,363.3078310264194,337.3476932662877,0.0,0.0,2574.0910054207634,0.0,0.0,564.4074829034921,137.0769767814274,17.09352879123527,56.47691695043424,55.65370146178815
304,Mic,012_00308,106.10173222536397,166.66612683455307,153.3199852676781,61.72424974575395,361.83320247238703,311.314658948661,380.29952029978887,0.0,45.52681073315019,330.5839723596837,0.0,297.7745435861243,328.57731746692974,278.90136991013264,277.1488703995833,333.9288449428263,443.1709726977176,420.2973845267186,781.4403590885046,183.57617916943414,696.0399165077572,0.0,0.0,0.0,0.0,0.0,160.62426663302875,392.49465926745563,181.38133328477426,0.0,0.0
305,Mic,012_00309,0.0,0.0,166.00058555297477,22.67421419231778,27.365536321441038,533.682272483419,0.0,2180.548817487427,0.0,1936.277552392433,0.0,139.219267131175,384.05141002628153,179.293737799371,129.57609525175323,707.1434363495146,590.1409381331852,270.1911757671762,669.806022075861,668.7417955457959,255.68813259468632,0.0,0.0,0.0,0.0,0.0,177.01449792211332,534.3204605153599,155.46971424409222,1341.252072656212,168.72788855875456
306,Mic,012_00310,925.5335718735597,83.07665399137724,130.72546112296766,65.92963818997016,79.57055945772856,258.63063974196456,295.22368814192936,0.0,510.6006926840998,11.44329135091213,0.0,0.0,148.89377742557377,86.88850370277211,125.58913847477623,660.9071347420463,162.7192321457416,183.31432078973032,0.0,190.63680144518165,123.91040271896338,0.0,0.0,0.0,0.0,1205.1665866426906,200.16254765038966,0.0,0.0,0.0,0.0
307,Mic,012_00311,771.2779765612997,193.8455259798802,113.96578662002307,153.83582244326368,35.3646930923238,344.840852989286,543.8331097351331,131.6070883927323,243.14318699242844,457.73165403648517,0.0,314.8497272043496,521.1282209895081,405.4796839462698,272.1098000286818,220.30237824734877,433.9179523886443,279.33610787006523,216.3988686706628,381.2736028903633,247.82080543792677,0.0,0.0,2836.450280973265,0.0,401.72219554756344,171.5678979860483,95.90367240019278,0.0,92.19736014985418,0.0
308,Mic,012_00312,565.9621667728562,298.5356184080385,274.2046257701272,146.33163598261672,16.819793056105222,164.00967398270922,694.6662649090586,0.0,565.3573291043459,551.5108221805455,657.3525284758248,406.452348185406,472.10222110547784,192.8500935842015,557.4932488392506,279.40789436249116,384.6090941626621,763.9161242666114,617.5284788894525,265.96158640644853,314.3093142139558,0.0,15979.875620639568,0.0,0.0,0.0,90.66596235035072,127.71562226952504,127.40932679515848,210.47982707381345,155.5588826224615
309,Mic,012_00313,0.0,469.56369647300176,56.83715700998593,310.53815089478695,49.97184893480537,0.0,0.0,0.0,0.0,0.0,0.0,254.22648780475433,280.52450819310997,327.40595598146007,473.2344348324901,299.7673262785986,65.03052316759987,148.01777455071394,0.0,502.8390994641023,0.0,0.0,0.0,0.0,0.0,0.0,161.6219328854078,0.0,0.0,0.0,0.0
310,Mic,012_00314,0.0,0.0,233.43832343387078,289.0962309520516,82.09660896432311,0.0,0.0,89.85778094041596,0.0,478.16610287739957,0.0,835.3156027870499,921.7233840630756,1210.2327301457542,971.8207143881493,322.00281476629675,396.81890667576243,1013.2169091269109,502.3545165568958,1003.1126933186936,575.2982983380442,0.0,0.0,0.0,0.0,0.0,0.0,0.0,0.0,149.82071024351305,126.54591641906592
311,Mic,012_00315,0.0,161.79722874725152,646.283178585458,818.5646089878318,426.16441956760985,0.0,0.0,254.42877299982945,698.4675072029687,0.0,0.0,542.0165849545184,271.8566160860195,761.4947515523847,687.9180337803754,393.29887752023564,345.71603969677494,420.76962877899575,0.0,501.2248487435113,542.9781692179295,0.0,0.0,0.0,0.0,0.0,41.76746580184696,0.0,0.0,0.0,0.0
312,Mic,012_00316,0.0,69.23054499281436,237.0296822559303,133.4290296701777,113.67222779675508,277.1042568663906,0.0,0.0,156.3063344951326,286.0822837728032,148.08491026103744,168.66949671661587,186.1172217819672,310.31608465275747,156.98642309347028,375.91278827920627,77.48534864082934,224.46651525273103,347.78389607785095,354.03977411248013,354.02972205418104,0.0,0.0,0.0,0.0,0.0,20.424749760243845,61.652360828695365,35.87762636402128,118.53946304981253,58.405807578030426
313,Mic,012_00317,0.0,392.7260006865106,190.14612526977112,415.5565073792058,814.9954271730985,1222.617569689287,0.0,0.0,1111.0906848017642,757.3378275876389,0.0,1355.4894099771675,1847.6364198718925,616.1184808014749,890.5411637302315,405.00033172744924,1072.2435352413609,1609.356894205944,767.2323525596227,1937.5631274155733,292.87913369936797,0.0,0.0,0.0,0.0,0.0,270.3494150083185,544.0353779792755,59.36116362047157,392.2578595466524,0.0
314,Mic,012_00318,1030.303662925245,1073.6807328710156,1307.2546112296764,1102.6828375632435,1149.3525255005236,0.0,442.9718312378904,3363.518621306517,0.0,0.0,1418.4975614478324,1769.5501585357242,3141.13626937285,3368.834968125023,2076.627421271519,976.9744844302504,1608.1608323175635,3882.2205781283737,6662.807272228302,4826.121131322756,3673.8347472815453,0.0,3868.2728602594098,0.0,0.0,0.0,130.43173531103085,328.0915108427648,171.83494732241772,0.0,186.4887189333603
315,Mic,012_00319,0.0,417.389952420446,284.1857850499297,41.4050867859716,49.97184893480537,0.0,409.84524211923076,0.0,824.572547191714,0.0,781.2015555799655,762.6794634142631,1823.409303255215,1309.6238239258403,1301.3946957893477,876.242953737442,2257.4881613895377,3453.7480728499913,4280.934141093548,2083.190554922709,1400.726291605673,0.0,0.0,3562.6911741693175,0.0,1135.3018569822445,430.9918210277541,216.82569412217498,47.316869552549804,547.1712895850042,0.0
316,Mic,012_00320,1017.2588053008225,435.66737868089547,199.83509980581042,186.52068553744212,318.4511774475973,695.9964668215288,588.6164549862974,687.4978755772462,664.3848867500117,0.0,85.83265499206628,363.1228655427781,261.9866625083742,143.8917895714697,272.9763917485184,699.261264288294,453.20179885409226,336.1040549511434,201.5817486820665,355.16728931666006,307.80291121271154,0.0,11837.126141084984,0.0,75.08006998235098,0.0,698.4744042213325,357.34807868861645,72.7835923372024,177.4945993967734,236.97133393124446
317,Mic,012_00321,2022.817375823256,796.9439835814051,459.0359703554589,1003.2041638066706,579.0631044506454,0.0,478.0038020136503,241.99866500594464,450.402646642463,726.7800308365565,0.0,468.6694412583831,480.2108470404955,517.3513960928415,436.20654966429913,631.5708553655969,322.95420120528877,233.8906819236472,161.06022668236355,321.6086497662988,245.92904356435477,0.0,0.0,0.0,0.0,0.0,255.38732906320163,171.30884993622223,24.92262594752623,109.79227620898666,324.5757856244744
318,Mic,012_00322,39.788149584511494,0.0,72.62525617942647,0.0,0.0,0.0,0.0,0.0,1697.4996573360283,330.5839723596837,0.0,0.0,0.0,0.0,113.37908334528409,0.0,160.2537892344425,0.0,0.0,0.0,0.0,0.0,0.0,0.0,0.0,0.0,0.0,103.89564510020885,0.0,249.70118373918842,0.0
319,Mic,012_00323,385.63898828064987,7795.359366190896,8758.605895238832,8026.933449628867,4237.132291124046,258.63063974196456,582.6783318590712,0.0,664.5913777793045,337.57709485190776,310.9783115481786,7961.200245024267,8207.769480584751,7298.634311032856,8335.979066263271,771.0583238657207,2172.055204854521,2068.8330489126706,2515.6368482964554,1954.0272148131116,1486.9248326275606,0.0,0.0,0.0,2962.0050173037234,903.8749399820178,71.48662416085345,201.39771204040485,87.90018459185214,179.78485229221567,0.0
320,Mic,012_00324,1554.8439718676013,2027.5027265925335,908.7606405202583,1237.304052524285,493.49522935059656,499.9551400216415,897.3390716659895,454.5667966680968,0.0,0.0,0.0,782.5261409008796,989.3963834506062,755.8330805371253,637.2831747883625,502.75532417042626,467.05937085428604,1037.7751777050055,235.30360255081365,396.15602976898333,239.5294030255054,0.0,0.0,599.7141625663733,0.0,0.0,110.55180539373619,111.23399921509349,48.54816355577601,307.43878087144685,316.1295755896368
321,Mic,012_00325,1232.35728172568,770.2677753705021,288.5381799560997,495.46222093213305,209.67917694941983,302.9007492473458,9.098880857859369,217.6015451962505,0.0,361.8554292045186,121.40294444823789,395.081704020902,806.5079610551912,305.2839319286587,478.03072978011664,473.0216229635267,366.7068690589946,230.02762261259593,855.3603930563362,569.3342313430423,290.24058294531955,0.0,0.0,0.0,0.0,1058.5922720510118,150.70153201477214,151.63148203814265,117.65275672525895,259.14933663742795,0.0
322,Mic,012_00326,353.5219418402553,84.25504624657407,205.82306644892776,316.0881944426938,396.1598066618826,429.2168063802816,90.25315438157527,0.0,538.0189669619695,576.0601560905978,0.0,111.96783611826415,267.6920040949145,0.0,17.368710640128626,704.1343153437721,280.95557942378855,14.48684601985711,179.56501868416703,221.4631778490833,137.0923604550233,0.0,0.0,0.0,0.0,0.0,47.45495050677931,47.74778583328747,27.786076588305846,344.2688660914768,0.0
323,Mic,012_00327,97.79256042458246,108.43338372368514,68.25024074693088,0.0,13.847620789162935,270.05608969040475,214.97476340074968,0.0,118.47941106458362,0.0,0.0,52.83622788713268,174.90534095172822,45.36347582875651,98.35293976940306,594.2560805467307,172.4819900194,68.36162278446628,84.73449676863304,199.05850753312137,64.69217812636641,0.0,0.0,0.0,0.0,0.0,119.43146847757042,60.08422849168705,78.67142166568522,259.9299069285046,0.0
324,Mic,012_00328,0.0,68.18159734140808,79.22755219573796,216.4356809266697,13.06082415341504,0.0,0.0,0.0,0.0,0.0,0.0,332.22779656303123,256.61616942665177,0.0,61.84313637015495,253.1252073296558,155.39761380309577,0.0,0.0,168.9735285536837,244.0659447494733,0.0,238.62722189911946,0.0,0.0,0.0,112.64558958679937,198.34623155494418,0.0,136.20064567592095,0.0
325,Mic,012_00329,471.1754556060572,183.552037053317,73.103053917449,117.47331366085692,90.73835727635714,221.19725767404864,272.4276762113025,0.0,239.14412141689513,484.4577621257865,0.0,216.38520960355322,31.835840567968074,18.57813401539535,0.0,68.03929445139244,120.19034192583189,44.79485282455816,69.40424241904482,146.74016953346216,0.0,0.0,0.0,0.0,0.0,515.3672903406242,146.73570222490972,172.24804319245152,128.87621049181328,165.59131132177757,69.93326960001012
326,Mic,012_00330,232.8653807261936,501.0510086731406,496.9096475434443,492.8658137593286,598.873158023957,157.29582767932348,189.0013146614999,482.0160543919576,194.70413492493105,255.7675996677553,0.0,553.9461365850963,650.866073834014,548.261377165445,544.2196000573636,193.53399310618295,294.64205459244874,230.94235233994428,271.4477036833753,368.1185487555495,207.24196010306156,0.0,0.0,0.0,0.0,91.62085161611097,113.04083726956007,87.4910695580706,38.18554384942615,157.7060107826453,12.432581262224021
327,Mic,012_00331,103.7012405460571,689.590526595092,504.76196150044814,715.3150287277808,689.0914462842507,228.2035056546746,48.7469454104321,248.18637776484118,162.09545799495234,271.4976967569348,0.0,542.3881855200981,445.22158936078426,809.2556717415049,369.37981904345946,614.35085872899,286.1847457821719,318.3610052930891,159.11681519901677,280.3482374193847,291.55388875050204,0.0,0.0,0.0,23.705522347368735,118.15358692575396,196.2377918141075,112.82784988257974,44.31942080261452,8.135061189693015,0.0
328,Mic,012_00332,0.0,128.57101212951238,166.00058555297477,0.0,478.8968856252182,266.8411362417095,1619.1675126581174,0.0,259.2240856030389,0.0,0.0,487.26743495911245,345.64626902365336,134.47030334952825,421.1223095681981,391.4544022649099,284.8956253056756,270.1911757671762,167.45150551896526,413.0464031312269,383.5321988920295,0.0,0.0,0.0,124.7362009230593,0.0,472.0386611256355,326.5291703149421,155.46971424409222,185.49230792054,0.0
329,Mic,012_00333,527.716510278784,246.31499165864477,27.52114971009845,165.40242563448655,145.1813716421714,0.0,0.0,0.0,998.1667676531275,250.54785273576027,0.0,369.2974243900642,865.9348634487316,535.0502596433861,515.5764632122392,334.96268037608587,519.559653517982,322.52294033681875,0.0,495.6556837574723,339.12320744137344,0.0,0.0,1900.2972825380095,0.0,0.0,313.03616474647407,118.11294390339533,137.46795785793415,189.2472129391744,783.2526195201133
330,Mic,012_00334,35.46454048248067,49.51840907326475,16.183344568180313,0.0,11.857144348354785,161.86649392378797,0.0,182.73142137869453,152.17352143267536,141.1916415648993,0.0,24.128786325348074,113.15517472851376,7.76857323339778,84.21555021520413,153.19819975935152,123.44170835115241,98.33918171663663,203.15299569150943,173.8544695435425,199.41564123959716,0.0,0.0,0.0,10.809326902548467,0.0,40.905688653253144,56.59240090740399,80.83569736487875,180.52674301694282,14.621536422560574
331,Mic,012_00335,446.081997056066,113.14249067397088,37.350131749419326,53.0576612100236,177.3286753629379,288.1884271410462,343.3917635756126,715.9867985332343,276.9516682313757,0.0,385.0207666786973,50.11893616722299,235.03946293608428,112.95505481360372,69.97109143594675,68.18883136227463,247.24870339028277,165.35699956951183,180.8476259604825,191.1814780207393,276.14318320226124,0.0,0.0,0.0,0.0,0.0,95.58782887794118,170.98254736491512,130.59455996503746,138.69117176828067,121.48407976230327
332,Mic,012_00336,323.914098820164,31.71795893943918,30.713764727863175,102.78311191143169,73.41679127646516,222.1716949325246,143.8585171755827,625.1251438815192,318.71632636599287,176.9425226506677,0.0,64.3965773073717,156.32753430144678,41.466613367695935,143.84659032353224,219.61943728035584,231.55613598633107,104.98176961526406,154.9110844008049,272.9381518488283,307.5015867768695,777.2016737962435,0.0,129.72629619600556,11.539472332089186,0.0,169.2165024189365,192.22982793871245,100.6786255237073,285.12135165285304,31.218375856685864
333,Mic,012_00337,379.7959733067006,0.0,9.903444024467245,0.0,65.3041207670752,382.06799052790217,719.2251732644294,0.0,814.161277656465,0.0,0.0,33.222779656303125,183.2972638761798,0.0,30.921568185077476,361.6074390423654,237.9525961359904,0.0,0.0,131.423855541754,122.03297237473664,0.0,0.0,0.0,0.0,0.0,112.64558958679937,0.0,0.0,354.1216787573945,0.0
334,Mic,012_00338,601.9483243889898,66.25745410355239,52.12978511038587,105.1638400576211,5.288431865799955,206.26983537702694,892.2485376197802,0.0,74.33518702529256,86.70223814954895,82.67317075922949,107.61734759833159,163.28075285166446,34.648789820123845,50.081558287487454,273.3131073007326,182.86628710187918,355.06104202042417,323.6026026900249,212.85826909830095,197.6484951345428,0.0,0.0,0.0,24.10546214157281,0.0,159.63884168435985,172.09708084083675,40.05968097087039,391.5559666486905,97.82076974725341
335,Mic,012_00339,41.28792462428243,15.96447157262238,8.695706948312704,0.0,49.694843120310885,111.82477771548356,203.7866863530765,328.03071073237436,350.42809655228046,191.3135627181318,119.51864154105904,9.72374038721067,21.459191868430807,75.13640009774085,18.100430157118524,109.36420107622759,143.55328348273787,120.77725284847611,0.0,137.37685248266968,107.1509025729395,0.0,209.52634117971465,51.10012978471791,0.0,0.0,41.21180106834123,165.86444450587663,0.0,95.67264866991522,424.2514980612587
336,Mic,012_00340,270.4911113384816,123.60474985841535,0.0,55.17716500877331,0.0,216.45053540636516,255.74493879021895,0.0,189.92300443185403,146.84738686363633,231.342949935698,75.28595561600021,41.53689069812144,0.0,0.0,655.5492800493354,121.05007255477203,73.05598314734807,0.0,63.81832838079041,69.13455945693235,2211.785698514112,0.0,527.5229420980321,0.0,0.0,79.77048189623132,80.26273012033302,98.08604289219552,115.74132121816457,319.3519264137801
337,Mic,012_00341,0.0,111.62754541477044,152.00635014298564,0.0,0.0,521.2710568442697,994.3172360716554,362.77466909898163,228.69281670605676,403.6199662531022,0.0,0.0,262.5839873202948,0.0,126.56269768775898,382.3508115145632,218.64082872296035,369.4707240723247,327.1145689207694,268.9604485505663,124.87094847647471,0.0,0.0,0.0,0.0,0.0,115.265254460911,376.9237357123856,25.309023249038265,306.60982561463135,0.0
338,Mic,012_00342,209.477530618851,0.0,31.002085641810506,56.46148198087036,95.40080251190116,0.0,834.3278143141482,149.17101974298302,599.6891252303375,47.03961662035025,0.0,34.667248337011955,114.76002607899953,44.64626672474456,64.53196838624865,503.1060021458997,159.6203750477451,309.49171042422006,83.39482093039378,146.93350309015975,191.00813067350083,3688.514746234783,0.0,0.0,0.0,0.0,264.4722538124855,162.61927059163125,90.33220550941326,355.3060321980547,126.04573493124352
339,Mic,012_00343,251.6331622371808,413.51217414626956,370.97765994355683,463.2893494430336,23.297686327713315,227.1755619355094,0.0,20.400144862148487,199.33360375054949,301.54619100376556,0.0,177.78676680940592,326.96268691426667,0.0,165.47217569311732,0.0,112.61077081339205,184.02209809007678,0.0,133.96099561012764,0.0,0.0,0.0,0.0,0.0,0.0,251.16922002462022,0.0,308.8384864038048,242.9525030975887,0.0
340,Mic,012_00344,0.0,103.84581748922152,0.0,0.0,33.154399774053566,0.0,407.8748323013498,0.0,0.0,786.7262803752087,518.2971859136311,0.0,465.293054454918,0.0,0.0,0.0,154.09018195619473,196.4082008461396,0.0,333.61440252906783,0.0,0.0,0.0,2548.3732993119174,0.0,0.0,0.0,0.0,125.5716922740745,34.57401005619532,0.0
341,Mic,012_00345,112.34301059156185,171.42801617268316,131.82399440971525,0.0,48.29212292019007,235.44806138974363,565.8127592282297,477.83196453021185,123.95535023143415,4.167024861676685,0.0,49.13621192865,189.76657907180967,47.46010706453938,11.433184875154698,213.92574545027333,276.5163422084498,257.4762969075444,177.3015940789044,187.43282158896005,180.4857406550727,0.0,0.0,645.5506591850917,0.0,219.42809000497164,114.53879277313216,83.81497419848782,36.58110923390405,241.72753249373534,89.3265292369877
342,Mic,012_00346,365.1702898625917,195.65154019708405,124.00834256724202,90.33837116939257,143.10120376785176,33.22330352416541,580.835870730663,253.5907335630711,587.1956017880387,194.03841855894478,106.5274848518135,43.334060421264944,57.380013039499765,11.16156668118614,40.332480241405406,223.253288452243,279.96907052025136,396.95675902236917,0.0,171.42242027185304,31.834688445583474,0.0,373.5034777551435,690.7774790825453,15.530396557614104,464.44166876546365,191.00773886457284,206.9699807529852,83.87990511588373,309.11624801230755,126.04573493124352
343,Mic,012_00347,452.5355474721911,34.61527249640718,68.23581761913145,0.0,142.09028474594385,46.1840428110651,374.57892762368857,497.673863669996,109.99334649657479,290.16917354098615,148.08491026103744,12.04782119404399,53.176349080562055,0.0,44.85326374099151,157.35884160524913,133.8383294705234,93.52771468863791,115.92796535928365,68.08457194470772,0.0,0.0,0.0,0.0,1014.681019047194,430.41663808667516,255.30937200304803,41.10157388579691,89.6940659100532,123.4786073435547,87.60871136704564
344,Mic,012_00348,255.78096161471674,32.142753032378096,0.0,44.63985919112562,53.87589963283704,300.1962782719231,333.6527114573967,0.0,211.6648279621587,405.1129482711302,0.0,0.0,0.0,25.213181878036544,36.4432767895556,205.98709474020458,208.90226096632685,349.55983364878426,188.38294370883594,143.82865823319506,215.7368618767666,0.0,984.3372903338677,0.0,35.08205650961043,0.0,82.97554590099061,183.67265830215496,14.575285710383644,321.04437909324224,237.2735932857486
345,Mic,012_00349,6.394524040367918,32.142753032378096,58.359580858467694,0.0,92.35868508486351,225.14720870394237,0.0,667.1940234825886,404.5150045499033,431.6777317643191,240.63797917418583,0.0,43.20578362795667,0.0,72.8865535791112,326.7381502775659,97.29694346376867,91.18952182142198,0.0,44.254971764060016,143.82457458451105,0.0,0.0,0.0,0.0,0.0,132.76087344158498,116.88260073773495,14.575285710383644,224.73106536526956,0.0
346,Mic,012_00350,145.53526372088695,24.064093179320494,31.45799866595478,42.01398512105942,9.219405284763559,89.89835071244757,0.0,60.54588448391664,188.7501923978656,79.55229281382762,0.0,0.0,64.69315195629875,0.0,32.74048396067027,250.99810474705365,111.40637754266058,72.82157892334588,56.41414357056049,33.13206442229092,86.14092167628469,670.3446465940299,0.0,0.0,0.0,0.0,69.57521709772902,20.001300661002773,8.729582885363467,115.36995869019188,85.26623245348827
347,Mic,012_00351,610.0012838508701,0.0,16.49532632466468,27.037391055823722,76.14007266722712,106.06303837998544,293.1159978563403,0.0,312.43004679784184,61.00682139760724,85.02035857258299,0.0,137.3862141860578,17.81625470246115,51.50343218208487,145.55554959560197,181.99168493501358,182.57081971397207,0.0,203.26573781852173,101.62998330261978,0.0,1391.1138992731003,351.3872752125791,1908.8180147563428,988.46470828738,152.4446622483815,283.17298853810865,51.496277588737165,130.44326822463597,201.19603115207954
348,Mic,012_00352,231.38339296838993,221.53774397700596,80.44643761413394,43.95309212664678,132.61759909621426,387.94595961294687,1250.816152390806,534.1699470057957,510.6006926840998,846.8035599674976,207.31887436545244,371.07289277655485,186.1172217819672,260.6655111083163,156.98642309347028,1052.5558071817775,754.4255308575295,864.1960837230143,324.5983030059943,1334.4576101162713,619.5520135948169,0.0,0.0,0.0,4352.3339029768995,0.0,85.78394899302415,28.77110172005784,100.4573538192596,387.22891262938754,735.9131754831833
349,Mic,012_00353,46.41950784859674,39.583205123206355,27.234471067284925,18.186609300088218,19.954036901050756,194.57166184291313,439.52649477270677,295.2826523680891,245.11309707222821,127.41257268029476,93.58143634551672,35.52991713243528,33.604498377299635,13.073501714537468,23.62064236360085,296.48461784445794,241.86451523346418,102.44748747838764,73.26003366454731,226.60184616227028,130.50748434520446,0.0,364.5693667903214,240.06415138445595,9.095347983973074,181.33293549021963,172.09742853538793,82.25071903766535,41.56655554442744,235.13528135440242,147.63690248891024
350,Mic,012_00354,411.70013462296924,0.0,0.0,0.0,0.0,201.32924051769692,0.0,0.0,182.96403492244616,383.04190809340594,0.0,0.0,0.0,0.0,73.32300000772862,257.23930394151506,84.44511049479605,40.771363049897246,0.0,44.519971594982536,0.0,0.0,0.0,391.002689680072,0.0,0.0,0.0,22.396666009625857,0.0,96.89004015748151,63.65183819881159
351,Mic,012_00355,479.99746413655356,0.0,6.953481974625937,0.0,0.0,89.42016799589199,1289.3307768796467,0.0,89.66982782699489,878.3334797535213,143.35879610377026,0.0,25.739615778357162,30.04123798234141,0.0,253.89458485953315,187.5310299551987,144.86846019857106,0.0,105.4586561186111,85.68272528438955,0.0,0.0,0.0,0.0,0.0,237.27475253389656,139.26437534708847,0.0,57.37814434857947,113.08358488512272
352,Mic,012_00356,346.54194799413233,290.3216402924473,0.0,0.0,27.806915939528796,271.1450255359306,651.5972743370259,0.0,212.42348325951414,0.0,0.0,0.0,0.0,0.0,0.0,384.936951238647,191.27065166691528,219.6392783655755,0.0,259.81951164706203,129.90606736665515,0.0,0.0,0.0,0.0,0.0,0.0,150.8162590164322,78.98864514014362,159.4865625172881,0.0
353,Mic,012_00357,794.4255748974731,52.94100499450511,38.44866503616696,60.01997874437059,14.487636876057019,282.53767366769233,199.44899762795094,1274.9233389899016,270.04558443276716,412.5354613059918,566.2070098216137,110.55647683946249,40.66426694395922,23.73005353226969,0.0,514.7588249897202,347.44098842425353,529.2568325321746,177.3015940789044,281.1492323834401,67.68215274565226,0.0,0.0,0.0,0.0,329.14213500745745,406.09208346837755,314.3061532443293,246.92248732885233,339.92934256931534,223.31632309246928
354,Mic,012_00358,1048.2368863264937,212.72658370519318,29.710332073401737,97.39605641700136,7.836494492049025,229.24079431674133,243.3123458490303,631.2917555523042,0.0,459.8122524639237,122.50660757958552,19.933667793781872,0.0,25.671603366728117,148.4235272883719,173.57157074033543,270.97458906914824,634.4580063696511,0.0,123.91392093936807,219.659350274526,0.0,0.0,1047.552660586717,1821.7155162081342,0.0,168.96838438019907,136.00884449481887,74.20145452558947,228.81708473554718,0.0
355,Mic,012_00359,852.8003390714949,62.427543461728554,79.34204287810174,41.28541890508728,134.53403838951218,291.52008525828376,151.78826679642856,148.34324992244393,630.345198648001,313.86368474033554,311.57749904634466,0.0,83.91412311556903,32.645969599307435,35.390002893903706,542.620180204613,340.8866730536118,334.53728236606446,0.0,322.31944753014807,419.00338491672585,0.0,0.0,0.0,1885.1028746435754,226.4041275484823,333.05328944305137,259.4388363195967,28.308069356583264,197.45157188162415,215.05490998384613
356,Mic,012_00360,518.2930011666629,592.1033453332807,825.6344913029535,723.6356121508786,362.95342910542854,0.0,531.5661974854685,0.0,277.26854657031316,39.14810198996255,0.0,894.3921996946867,1432.6128255585634,334.4064122771163,1074.117631692165,586.1846906581502,3601.4930527951033,7570.330127350328,8467.317575123468,7043.528137606184,6040.632132549465,0.0,0.0,0.0,0.0,4122.938322724994,391.2952059330926,172.24804319245152,128.87621049181328,366.66647506965035,0.0
357,Mic,012_00361,418.26881216114566,79.33858599727486,111.63882354853986,27.546359390667053,90.23842142359483,138.93381473741897,684.4463931259172,66.53931547323363,153.8343947087082,340.1463186676084,0.0,60.40505392055113,53.32284040034322,0.0,44.976826451021786,284.90283076065157,137.73879405274397,93.78536679521818,58.12366307269869,150.19869204771885,44.375626318086056,0.0,0.0,0.0,2273.0853143417007,863.2047177055083,204.81016288508977,154.5555051077487,53.9646942004287,208.0155315777702,117.1334102391354
358,Mic,012_00362,309.70235352268406,0.0,0.0,0.0,0.0,227.1755619355094,696.0643856262418,0.0,355.9528638402669,0.0,364.2088333447137,118.5245112062706,326.96268691426667,0.0,0.0,1118.0511088228814,207.896807655493,368.04419618015356,0.0,267.9219912202553,653.0413116269691,7528.7957305155305,0.0,0.0,0.0,0.0,301.4030640295443,202.1753093841902,0.0,170.06675216831212,574.5868637406236
359,Mic,012_00363,264.8208199108038,14.708838977022864,9.347070764665714,11.672935600539489,14.08807998570611,34.34319015981143,188.7901602305387,61.6797025454132,113.00321765225225,197.53996305456073,0.0,8.958951817430055,108.74264643440779,11.537799265945221,20.846001023647737,219.40226638525542,143.39358464695775,100.84561350901551,21.551470577517488,116.44617698081574,16.453883915694828,0.0,0.0,90.23861870222655,8.026946535396052,160.03233530495376,91.12901629493881,84.05040951927008,46.688555656550676,156.09512201060602,108.57872297447945
360,Mic,012_00364,842.572579436714,0.0,115.34599510850086,525.1748140132427,380.30046799649676,494.4409289184617,2524.939438055975,799.2056751876995,263.40511924179754,1487.6278756185766,0.0,0.0,71.16246715192864,498.33112417766347,60.02422059456217,1286.8970624743004,518.4681416408434,150.19450652940088,0.0,36.44527086452002,947.5501384391317,0.0,0.0,0.0,0.0,0.0,1475.98853414468,440.02861454206106,288.0762352169944,475.9010795970414,0.0
361,Mic,012_00365,0.0,115.78909864295265,19.1119095209017,66.82926288262082,15.12305954605952,98.30989229957716,428.20610352996067,684.1802969849215,705.4944129400192,835.1595091192008,78.80542008043513,76.9369634145967,141.49262474652477,198.16676283088373,95.47712281708132,451.26916661778233,213.67171897925672,228.95146999218616,123.38531985607968,188.40713125284032,329.7031183457797,773.7928945252074,0.0,0.0,758.2648003480709,0.0,369.5565833812541,120.30022064234707,95.46385962356538,346.95322372181965,124.32581262224019
362,Mic,012_00366,469.2257640656183,299.99902830219554,71.37309659012601,0.0,4.954105713364325,241.53723539120253,391.8009472845479,0.0,454.14675731344397,436.0288600951,232.34011782335182,0.0,13.905309673365364,16.22917454218444,35.186612072674365,731.5276927753599,285.5096244981448,225.00403085438984,0.0,277.73809865720426,138.86510649538997,3682.1868773958145,0.0,0.0,0.0,450.2059088033038,245.68391521948485,75.23477748635813,56.29075860561959,227.31418105912323,213.81896222531824
363,Mic,012_00367,352.0917817981352,0.0,14.606196773515936,0.0,0.0,187.8323081924882,394.9625936623872,0.0,114.77988436234753,99.7292430582286,0.0,36.74921995501686,67.58446601021156,0.0,57.006243022768544,22.22168619813419,78.78398576888793,47.54760914338576,0.0,48.45795790925007,89.99079527075551,0.0,0.0,0.0,0.0,0.0,259.5883000254455,52.238033849267026,9.1197318411339,35.15346273870138,0.0
364,Mic,012_00368,321.881659560093,6.741551197802147,0.0,96.3017187044508,6.4570366601153015,251.8500611719505,128.61114740659647,294.00658213313625,363.0452579812041,468.0177586215746,201.88354807122707,98.54846999173061,36.247548811469265,42.30526397513248,15.287067417341675,506.5212816548489,247.28300061644316,293.2636806641486,0.0,111.38329972078027,422.31635383616725,0.0,0.0,187.01626774519417,0.0,0.0,194.9148404086191,56.03360634618006,110.05159547615517,134.67030134248364,238.87319054385475
365,Mic,012_00369,49.54750702976903,0.0,0.0,98.82534864953598,0.0,105.7295068127528,190.56146702309246,104.43847747037024,139.15742148623264,84.20535145010811,84.75299895443024,27.58117556372335,30.43426268132797,0.0,115.51831133293095,545.3676973733285,82.64660828442948,181.99669763939983,132.69741946785928,109.10659705353163,0.0,0.0,0.0,24.15739888145469,24.711888862115522,1231.6954108769635,93.51709324187118,35.28531343025961,30.800603765339027,56.536117073023796,33.427223205036285
366,Mic,012_00370,15.346857696883006,0.0,4.668766468677416,137.74585121833053,0.0,0.0,357.0985776679165,215.6586742569983,237.06460731761777,47.816610287739955,96.25519166967433,31.324335104514375,17.28231345118267,40.34109100485848,14.57731071582224,34.09441568113731,123.62435169514139,121.58602909522929,0.0,159.31789835061605,57.52982983380442,0.0,0.0,137.179515076832,0.0,0.0,119.48478609742646,93.50608059018798,34.98068570492075,77.05065098237814,0.0
367,Mic,012_00371,221.32883209110182,62.97355696139382,53.35733107059903,49.97581903612898,10.052645995631401,343.0814608821978,85.391537846791,228.86226655844715,264.17306419585526,585.5095137274282,235.72700000736572,51.14177159920714,56.43204392222912,0.0,35.69953644691161,937.0165942298962,192.4914319667356,347.388654557798,0.0,274.5614574749846,234.8156319747119,812.1441458573605,0.0,0.0,0.0,228.38433857660314,130.05146786114446,119.94949113610117,0.0,172.9708491441142,309.9083667405696
368,Mic,012_00372,163.28643206111212,15.584365106607562,5.65911087112414,26.796798590921014,12.438880146109563,194.06628090306143,413.90060629604443,324.5771966090177,279.7491598296724,470.1161684855242,427.8008518652193,44.2970395417375,55.86202327655004,0.0,47.11858009154663,160.71441735216243,148.9227132279668,152.28957179604478,0.0,200.26492273029183,139.46625414255618,60.29555022274344,45.45280417126085,66.51128003725188,90.71723703495222,0.0,193.10672500594177,48.574587319578164,56.53444154330626,181.60086090122795,92.03339375932067
369,Mic,012_00373,519.9362465278513,96.08509803273168,51.17366805525423,55.91896952055595,55.21800389415327,358.95355693724616,650.5537911574826,145.05156382410203,813.6499768750188,68.82264193253201,0.0,171.67073331299693,344.4162111267721,20.098764201708846,130.72890748708912,549.2315123960198,371.83441487849296,278.6526787805255,225.25505012871486,246.9458922635093,286.62548671646334,0.0,0.0,533.09619382171,0.0,278.7751890810494,992.1631111292828,665.5237052682417,1103.779643832612,761.366456326465,226.9720351430933
370,Mic,012_00374,159.15259833804598,0.0,13.833382129414565,98.25492816671036,0.0,177.8940908278063,379.4088891047073,335.46904884421957,685.6895167564253,456.52072373480127,0.0,0.0,76.8102820052563,0.0,0.0,311.4798469634767,135.66458347889315,72.05098020458033,0.0,91.78808958471707,0.0,663.2510524501778,0.0,630.0096247973024,0.0,414.475281120502,78.67311018760591,98.94823342877034,34.548825387576045,152.19881675531485,0.0
371,Mic,012_00375,447.6166828257543,119.11726123763646,52.86691442472956,52.51748140132427,6.338341133274947,185.4153483444231,467.8564252868424,160.95114291974502,635.2711699360999,43.7537610476052,198.17245343756483,48.36845861726484,106.74370072789294,83.05518736294393,15.006055148640543,549.8560176026557,195.60388980086367,125.16208877450075,0.0,173.11503660647008,177.66565095733716,0.0,0.0,1044.9851295558672,0.0,0.0,218.6649680214341,110.00715363551527,120.03176467374767,72.70710938288133,234.48213924709273
372,Mic,012_00376,780.1319329248861,0.0,0.0,0.0,0.0,300.1962782719231,432.84676080959576,471.75334993718377,4.703662843603527,624.2724120899385,0.0,0.0,21.602891813978335,75.63954563410964,18.2216383947778,63.927029402132455,157.39211442668463,75.9912681845183,0.0,121.70117235116507,215.7368618767666,0.0,0.0,0.0,0.0,349.7135184454236,49.78532754059437,0.0,0.0,88.28720425064164,47.45471865714972
373,Mic,012_00377,124.11666334091173,0.0,4.5922293134531955,30.10838277996295,4.037538145786383,236.22002224675916,66.2279196867141,144.95091220552342,223.30832123075106,78.38788571760651,31.559079235958798,15.405410707138214,101.99398102337312,26.45317442941539,9.55889227267032,238.47460148555058,163.63150376163216,215.26706790630763,49.41191966133402,177.01988705624007,113.17343573863164,48.9283563282918,627.0251591822296,121.43760351063816,0.0,275.1844079570546,60.93941731744884,56.93578677622687,49.69933488130817,88.41877981584376,87.12997523935687
374,Mic,012_00378,319.0930808262803,98.01948449477676,58.24401733201529,134.36155637724943,8.534795981439531,0.0,44.998920678225296,343.77273817204673,208.6377182113248,765.9074211105543,133.42303795796443,21.709935220950555,95.82272804616133,0.0,20.20617326945657,165.40855132432952,63.4668472215614,252.80263475245695,0.0,122.6870504350179,79.74431858151108,0.0,0.0,0.0,0.0,0.0,239.2324650135492,18.51605556241346,145.46423758481896,373.81008892440883,0.0
375,Mic,012_00379,113.49406602795082,100.81934557696735,46.43254083602675,31.223508068109727,25.90753643546262,229.65835496212702,293.8863936097938,641.3783249419198,306.58628633061676,113.80759704185833,220.9135546517116,0.0,26.44288396902266,15.431018417158977,33.45612295434612,397.76818294660194,186.52490222369536,204.63659541710723,28.823619802444842,206.52320156561345,198.05351254260538,0.0,0.0,246.62328120370339,1116.4912410490224,321.04847594989707,111.72226508198955,153.28865670522617,35.681573760939195,216.13479510539588,159.73828793882092
376,Mic,012_00380,130.68165051370858,64.40050697005987,285.3042264222192,158.43556464256397,92.52390634619601,330.80663222809414,796.7787421700787,748.0539702760638,855.7132317407949,1064.4922186895003,433.92322541606313,62.760742964322176,346.264598664125,111.13645822447593,51.11185868159497,552.179087596714,269.47864379315916,213.1561869648027,37.74398872162723,274.8716672000293,288.1637272534032,1270.7368106871922,0.0,6.871245835691047,688.838376117145,420.40694882884543,265.99674106364074,234.18338609349402,52.56489444031024,398.8071857644856,228.19013193277002
377,Mic,012_00381,0.0,0.0,217.8757685382794,0.0,0.0,560.3663861075898,33.665859174079664,0.0,0.0,0.0,0.0,0.0,161.3015922110382,376.516849378679,0.0,0.0,192.30454708133104,453.921175288856,0.0,247.82784187873614,2147.7803137953647,0.0,11549.557539917381,0.0,0.0,0.0,0.0,0.0,0.0,299.6414204870261,0.0
378,Mic,012_00382,85.34867320200911,191.19109057601065,54.18671963646327,77.71498802185603,17.8655832979356,217.75895833196495,122.97632496231174,246.38724183247734,204.7190045920706,223.5295771654856,279.2896753109722,11.361157809927493,137.90032494726066,29.26296756829112,31.72264508106394,581.1949616110971,229.17122191039448,149.935103236604,0.0,199.03272275235284,292.1203794669862,0.0,0.0,3224.0739916503103,834.6984636897985,0.0,211.86709336791796,106.58724212353032,84.58196888927296,284.11595828562577,137.69244791711836
379,Mic,012_00383,289.36836061462907,0.0,0.0,0.0,8.707216102276695,424.51998947544683,51.00887753648435,0.0,148.99683512667335,713.7608494129533,136.11845286620613,0.0,0.0,57.04800748161804,61.84313637015495,739.286319819947,197.4844675414342,240.71577477439334,106.56004896661427,100.13246136514591,162.71062983298222,0.0,0.0,0.0,0.0,0.0,37.54852986226646,226.68140749136478,82.4460605839883,163.44077481110514,0.0
380,Mic,012_00384,57.29493540169655,0.0,0.0,0.0,0.0,155.17838384517873,0.0,0.0,191.27264043404375,402.8038555521069,248.7826492385429,0.0,74.44688871278689,0.0,0.0,132.18142694840927,67.06004718733595,62.85062427076468,0.0,99.13113675149445,247.82080543792677,0.0,0.0,0.0,0.0,0.0,183.0057578517848,126.59284756825448,0.0,44.25473287193,32.707252243697035
381,Mic,012_00385,149.46504887399098,39.13030803941681,14.209289252496482,0.0,33.730998030993625,73.09126775316389,0.0,160.8063592829357,84.74773401692616,388.07683711788957,175.77035000549225,0.0,31.559007171724872,61.388616746523766,35.492582612436756,235.2020560032081,71.06907174744843,96.21155345796404,0.0,64.65074135967029,70.03631458028364,0.0,0.0,668.0045951567471,0.0,0.0,105.05425637551507,24.392890588744685,0.0,101.61752520864363,23.108384737394644
382,Mic,012_00386,368.8515154615657,231.75890598452872,491.85688519800414,314.7142004204107,409.42600693795475,144.3003569375768,410.3478113922157,103.66425543684038,251.72334714380648,23.410452978260864,192.7857916130816,294.86999282933414,256.1441593050822,355.5094715163493,239.40990989647975,366.4702572498021,244.85128312215252,180.20475843012525,332.0283070805234,297.8188657770219,437.85220989390484,0.0,0.0,1088.016068077191,0.0,0.0,212.72128505661684,133.7712168672217,28.024583683484433,133.7455267409902,30.41446918226477
383,Mic,012_00387,220.97220265117127,0.0,3.601252372533544,0.0,0.0,231.55635789569828,331.09398691863476,0.0,182.85975220091728,131.14074936582495,0.0,0.0,93.31497070060064,46.675642484960214,22.488413225510893,214.77290318879886,215.43760095429187,84.40683011569637,0.0,122.8898389481336,44.375626318086056,2071.974362199729,5553.50625510678,571.3923603200275,0.0,0.0,225.29117917359875,0.0,17.9882314001429,118.86601804444011,117.1334102391354
384,Mic,012_00388,237.71302985810271,283.40333737484,228.07420876773077,255.3020032037142,190.74361061498053,357.68067198356795,193.39961653194703,115.62975726119907,309.3609060031324,924.2283822992008,229.37407376603247,317.24220233508174,535.384008189829,408.56083655984327,243.16194896180073,771.8395379729809,362.7873015860571,289.7369203971421,179.56501868416703,590.5684742642222,205.63854068253494,0.0,0.0,441.3094187152553,0.0,0.0,79.09158417796552,127.3274288887666,13.893038294152923,267.76467362670417,180.9337358161964
385,Mic,012_00389,440.73027232074276,56.24981780666166,25.139511754416855,0.0,82.88599943513391,202.0551872984098,650.6574705759629,123.38164536818653,473.6226663290013,736.6618807149682,64.78714823920389,31.625530634365468,93.0586108909836,27.152657407116283,58.869908660051344,141.51368047138723,127.89485102364164,139.12247559934892,101.4369696893732,65.53140049678117,116.16600254902814,0.0,0.0,720.192454153368,18.890338120559463,941.5363958146019,80.42245218096014,44.95484643759037,62.78584613703725,146.9395427388301,0.0
386,Mic,012_00390,207.49334082390104,0.0,116.0646617446909,86.77654870798253,8.05620929089152,314.22414174257375,212.37808357480165,0.0,177.24456621877965,97.32144980682276,0.0,81.9702227034021,180.89898191892138,79.17410384131102,19.073116824440312,750.9268500487252,272.58121159503304,111.3591668348829,295.77882750546206,208.4533249447313,75.27267454890298,0.0,0.0,0.0,2497.055536235449,0.0,138.96465257436932,87.38886036466165,61.025495310765166,33.60464528826461,0.0
387,Mic,012_00391,723.9432270972488,90.97443457539505,0.0,59.304939286405165,9.33589596525696,242.75800120184397,322.6817910006553,79.02294381619251,391.7794553343703,448.43656178393917,243.24416667426726,63.32717566255613,61.143202823678756,40.777998127654776,44.2055631815548,384.8443069663874,914.0829855249791,878.7553438579389,1637.6394528912524,424.97554112779653,494.2996209547095,0.0,0.0,194.13129931450592,1035.4905921392597,0.0,187.87820357076288,121.52414805945006,47.146050528894385,246.6362594622453,287.8120120722438
388,Mic,012_00392,0.0,0.0,0.0,67.52793244912095,0.0,366.7852709067861,488.4610112893741,49.405441738875965,241.37487290521082,292.116019212375,294.01585819100524,15.9469342350255,70.38614932845304,0.0,29.68470545767438,376.07173660406,508.1501971361232,297.1120420072512,1381.0182346073207,225.29803807157828,644.3340941386095,0.0,0.0,1578.312675283987,0.0,284.85755684281776,270.3494150083185,149.60972894430074,142.46679268913178,202.66656076577038,38.65402537891468
389,Mic,012_00393,0.0,20.074284421708253,24.298412848135246,0.0,12.818057905210301,374.96635501623115,304.11909960228104,0.0,665.8568070052875,414.7661363248819,400.76511029752885,16.30262793543499,17.989025153647386,41.99072669650696,15.173408923532442,449.5224074935576,943.6505656035574,746.6918961536014,470.6072051016273,423.7948225435636,239.5294030255054,0.0,0.0,0.0,0.0,0.0,179.6466837648213,55.616999607546745,24.274081777888004,173.7697457099482,0.0
390,Mic,012_00394,51.29711847259333,49.586616248296785,32.41127135280189,0.0,0.0,185.24508631655863,214.23728565323424,611.329960910334,409.2575406401482,323.75372499688035,148.4928576722249,24.162021568220453,173.29923130111547,15.558547494986739,0.0,306.8184331268555,395.5575624078802,300.1131737446982,988.1022722358776,320.8790239201266,399.38063686277445,0.0,0.0,105.81340005926434,0.0,215.80117942637708,276.4937198948712,123.64440408619896,71.9529256005716,366.5035556370237,527.1003460761093
391,Mic,012_00395,56.0981743489196,0.0,3.4131974183542466,7.459402058047102,4.501380648174375,438.9292841573811,514.2174312489975,634.5883182444832,46.76644414736875,190.32314857783356,211.10799217369828,11.450148602172355,101.07671574582031,29.492181413473556,10.657041776580227,236.7915031640346,686.2042149986572,204.4423047972002,661.0618181323119,336.4764432818349,420.58361236201665,2327.439724524906,657.9382410586688,0.0,41.035930329779305,0.0,378.52447466895774,253.90685068876107,34.09779633551892,122.04715821403674,166.52517460890135
392,Mic,012_00396,62.94050826418063,59.919912443847316,13.925481877280173,0.0,55.09546060987863,179.07847225808462,488.17737204491027,176.89180205367634,112.23653549583916,330.8040682134518,107.66226498339074,11.678846643494039,45.104306743432794,7.520309907696652,43.47959521097445,222.45357767985732,224.48333724984494,131.4618583559603,393.32151229754294,138.59879306134377,321.73806298532435,1149.8706661652882,0.0,0.0,41.8555561020119,0.0,178.19302320787972,109.56771094456113,26.08413314880908,169.9697005692052,99.07989194994775
393,Mic,012_00397,643.9109712575988,330.27415959874736,263.8495545601181,104.84223810025836,94.90066724316249,925.3756834804235,157.51915760349203,235.44387373011742,1082.6192056910577,0.0,247.26104282118177,160.93236383970688,221.97466818032785,207.25698130936465,187.23151378120306,1153.1628056066627,435.18460195775214,499.7297342629608,0.0,318.31098956901883,591.1321964574399,0.0,0.0,0.0,0.0,0.0,272.82968487078017,68.62831602949576,179.71728435555613,247.41034719112247,0.0
394,Mic,012_00398,563.4001981166828,0.0,40.67014346047882,0.0,0.0,186.78879536919663,388.27957580771886,16.773452442210978,416.7654331114663,644.6387461013832,299.4605963056535,77.96278959345798,64.5206368844153,0.0,18.140653335245453,261.6430714493204,116.80720637532698,166.43776427258058,0.0,170.72584662757376,178.98169281628043,0.0,0.0,341.42457085789295,34.9261362584566,0.0,214.77759081216416,124.67477412025062,87.06303997669166,255.69401214892892,165.35333078757944
395,Mic,012_00399,0.0,0.0,0.0,63.842480183956205,0.0,0.0,378.03562536257056,253.0073832065343,0.0,257.6338779004239,0.0,48.99895994002248,0.0,0.0,0.0,0.0,78.78398576888793,38.038087314708605,0.0,0.0,0.0,0.0,0.0,0.0,0.0,0.0,0.0,125.37128123824085,18.2394636822678,60.26307898063095,0.0
396,Mic,012_00400,150.7761457939383,310.04684264724517,193.89900932114816,102.52216464947514,494.9364942346753,321.7414657077071,304.4424585598592,28.89207119232513,120.98991123068211,270.47779556701397,515.817295071939,272.77650665175196,69.46001578465761,81.06822115808879,331.9999952503055,137.0301874265806,214.6940717016455,260.62459825197476,302.8548760103774,237.15582954902976,154.14691247335156,0.0,0.0,0.0,0.0,374.8125747931812,498.0120802784814,214.7508070970824,15.62135884749252,206.45150502455385,152.5816791272948
397,Mic,012_00401,64.37633191201859,0.0,14.688254058760409,96.3017187044508,193.71109980345904,0.0,283.70106045572754,542.7813823996361,307.7992404623252,16.714919950770522,908.4759663205219,49.27423499586531,0.0,0.0,45.86120225202502,697.2116465131451,122.44109739260776,38.25178443445416,0.0,306.30407423214575,361.98544614528623,0.0,353.91902573801985,0.0,0.0,0.0,208.83732900923482,0.0,146.73546063487353,202.0054520137255,238.87319054385475
398,Mic,012_00402,0.0,0.0,23.76826565872139,0.0,0.0,305.65439242232173,771.2542283516433,0.0,0.0,243.43001601031256,0.0,0.0,0.0,0.0,0.0,665.3576878379524,186.47713656371494,0.0,0.0,135.17882284294697,0.0,0.0,0.0,3072.821137721037,0.0,0.0,0.0,204.0132667422283,0.0,228.81708473554718,193.2701268945734
399,Mic,012_00403,192.21186968400036,33.08812812156569,28.836498777125215,18.381118490463493,6.338341133274947,185.4153483444231,213.5059083650273,285.82702966782307,387.36046947323166,185.95348445232207,247.715566796956,40.3070488477207,80.05777554591971,20.76379684073598,7.503027574320272,298.32613720995147,195.60388980086367,87.61346214215052,38.784723704760346,159.44806003227507,88.83282547866858,998.5342131556906,0.0,0.0,1560.1196894862048,143.99968406576266,102.49920376004722,103.13170653329556,84.02223527162336,89.23145242444527,97.70089135295531
400,Mic,012_00404,38.367144242207516,0.0,42.79702596287631,0.0,0.0,100.06542609064104,243.4763029553976,224.6444523510399,285.35554584528063,79.69435047956661,0.0,65.25903146773828,144.01927875985558,84.04393959345516,97.18207143881493,170.47207840568657,160.2537892344425,50.66084545634555,0.0,88.50994352812003,47.94152486150369,0.0,0.0,0.0,2525.9080686919506,0.0,33.190218360396244,44.52670504294665,9.716857140255764,160.52218954662112,0.0
401,Mic,012_00405,336.11649829515125,162.45434745606255,23.596653632304626,10.313902484592203,52.90341046978945,515.8607525539185,958.9300681714388,634.9084796266501,252.94498815277308,206.76416321774443,243.24416667426726,229.56101177676598,401.79818998417466,173.3064920425328,250.49819136214393,333.1488030455294,185.13073124556536,288.8216864428191,114.25391531799436,277.3524584202462,174.45868974872099,0.0,0.0,402.1291200086194,0.0,0.0,167.74839604532397,108.02146494173338,41.2527942127826,288.8240406860504,95.93733735741459
402,Mic,012_00406,263.48005410479186,30.10023695339755,8.744178001536296,38.220080110127626,23.063930277602477,224.8962084712735,256.7162505581995,590.7172381822127,599.048431720476,815.9564267606908,90.13864102845756,14.666912757966594,242.7615936286529,0.0,0.0,580.0231697816671,259.40747153668957,375.7374277056585,635.0836363160756,256.9452541217665,215.4963525547189,0.0,0.0,2839.019529416175,0.0,0.0,348.1087785224168,275.20184253968364,54.596387945249774,348.74653621901365,35.5513611344533
403,Mic,012_00407,44.44117901086248,73.03078970602374,15.599697031380385,51.13874083947566,12.34388153878844,200.6084914466312,151.85793279000137,471.97853053381243,218.77083889294877,216.57589597311022,64.3232784427418,0.0,115.49040015110135,107.83298788888183,29.224202867042198,193.66279074249832,192.76350781422204,105.6260491423949,201.42138134023506,106.46542133215394,384.4475502020343,0.0,0.0,1650.0829498501985,0.0,0.0,186.30881523544622,98.19254286320454,54.54426728850013,283.19332341971915,25.3695870625335
404,Mic,012_00408,352.0239675104237,68.64384545897695,188.3332914483432,48.4228981056278,131.4937211377718,284.9320607326728,650.4928721771325,0.0,156.25727412649005,69.33858742289976,114.20107486232548,222.98679226942437,225.5488365662823,119.65577840424125,121.06580086021859,323.60801324469315,157.5376233152147,274.08376050280503,89.4020749804645,189.0212353312394,273.0229212451735,0.0,0.0,1188.1141051569687,0.0,0.0,94.50774041604355,31.69697647125016,27.66833897564353,137.12403988389332,0.0
405,Mic,012_00409,1432.3733850424137,412.0468581500035,252.00088891174485,103.26328873127856,353.11433012365484,202.54206726780356,1216.83828340047,1727.867691336191,1713.7200528984417,286.7716386734606,324.71630924709416,52.83622788713268,116.60356063448548,0.0,98.35293976940306,230.03461182454092,780.0304921772864,861.3564470842749,254.2034903058991,298.5877612996821,194.07653437909926,0.0,0.0,0.0,9751.966358912432,0.0,268.7208040745335,90.12634273753058,236.01426499705568,1277.9887090651475,256.1411320289527
406,Mic,012_00410,153.75759500455288,0.0,7.385619272484047,0.0,185.06523715686396,379.9094143102304,855.9116739172798,1031.993768902133,398.82809015142226,504.2806358029074,0.0,0.0,136.69626458562564,0.0,46.120305089607086,818.0091445907522,304.210582953518,96.16974052730001,0.0,294.0330327374835,0.0,0.0,0.0,0.0,0.0,0.0,84.00688036981649,338.10108236000167,73.78223726838274,142.2027080277412,60.055689148031284
407,Mic,012_00411,170.0534612379121,8.219151460334125,11.938398276070103,19.568157453644112,0.0,345.4313339019389,419.6702992933219,124.077593408136,663.925232061517,509.4616012392386,61.5329992408877,100.12344553954367,132.57665113236018,103.1553011996381,186.37657536211083,232.48551332038835,247.33233224311223,365.31327463315466,48.17098103970233,215.01045642447428,36.77706016772885,0.0,0.0,0.0,0.0,894.2446133764256,246.12289779581508,102.4724170851375,7.454027395264695,258.5946505572965,24.269079861190722
408,Mic,012_00412,70.1739122355073,31.12381849821049,18.836521775643753,20.58322037631153,4.968382675074309,290.6799697388074,590.850381470159,300.18195869201776,94.12747776940316,0.0,155.3397905908289,12.638060272714734,83.67229567143194,0.0,0.0,339.30657680747606,221.67671133294644,107.92074052256663,60.80371670141103,171.4083056221806,0.0,0.0,0.0,0.0,0.0,0.0,182.11578028298115,97.009190237659,28.226489905987922,145.0713505527965,30.63359360000443
409,Mic,012_00413,197.7350464199965,24.24234572138954,0.0,0.0,0.0,283.0133263169646,102.0177550729687,218.56316818638544,493.10857339541894,185.3273784440651,0.0,0.0,32.586180244654194,0.0,109.94335354694215,85.7143559211533,123.02311092745083,57.3132797081889,71.04003264440952,125.16557670643238,325.42125966596444,0.0,0.0,0.0,26.459194135194398,0.0,62.58088310377744,62.96705763649022,65.95684846719064,278.45465338188285,178.9538211986791
410,Mic,012_00414,333.3195927457189,15.09429073218594,27.405757048840176,50.9100280921852,65.05769012267115,458.16119618859545,105.86748167949581,155.0753150317619,112.65124596504548,611.2684771933775,113.00399860590697,36.77490075163113,30.43426268132797,0.0,68.45529560469983,226.81959279135376,104.82008855586179,199.83951113345861,44.23247315595309,140.2799104973978,506.55196080079367,1401.5871297060362,0.0,0.0,0.0,0.0,303.9305530360814,70.57062686051923,54.75662891615826,248.75891512130468,356.55704752038696
411,Mic,012_00415,267.49141527900497,0.0,0.0,38.72373327422946,103.85715591872201,253.17758408475444,97.3470626720376,100.03444528788475,136.46289310117223,0.0,0.0,0.0,0.0,0.0,12.294117471175383,143.77163239033808,79.16151034472462,225.59335518873868,127.10174515294955,44.788164194952316,97.03826718954963,0.0,0.0,277.66456063744306,0.0,0.0,55.98350084886114,33.797378526573965,29.50178312463196,216.60825577375383,128.07056601447636
412,Mic,012_00416,710.8816059099386,126.66625639426034,101.67535865119706,190.46339921546934,606.602721791943,249.0517271589288,549.8756998433013,972.8602416482366,39.02298062841445,374.6618353409749,299.4605963056535,227.39146964758578,322.6031844220764,146.4232192028196,241.8753778032727,530.357577262136,220.79410961189856,315.22303839503894,234.43210772655138,247.82784187873614,238.6422570883739,0.0,0.0,1223.4380455741164,0.0,0.0,206.51691424246553,13.852752680027846,24.184177771303233,66.58698233045024,118.10952199112819
413,Mic,012_00417,327.58315083929637,0.0,5.86212830147837,0.0,92.7728495919705,150.77122496168337,425.7296989726666,189.54753432453663,746.5113693310136,333.5488510355553,241.7170732512001,0.0,21.699765768301106,0.0,36.606699555428044,713.4855299490617,224.2115795567088,259.5289230911621,94.61385513627634,144.47362979477887,144.46952783376895,0.0,0.0,0.0,1515.2931313926797,0.0,233.37337394215837,0.0,58.56258294396299,330.546140985688,333.67264060273885
414,Mic,012_00418,0.0,0.0,51.15344130898733,49.68610414316591,127.4282147837537,292.36507101265556,320.5575286575412,85.32582329298627,82.45725471917139,90.55126199417424,0.0,19.066986585356574,147.27536680138275,0.0,0.0,145.27185811962855,64.10151569377702,0.0,0.0,290.9283361185163,0.0,0.0,0.0,1503.010339102681,0.0,1021.77167128402,0.0,0.0,28.39012173152988,0.0,46.21676947478929
415,Mic,012_00419,201.7427302876639,101.40812224299567,61.37345592627589,70.41780604797282,8.094031869721997,118.38726467061757,0.0,194.90279246231066,136.03081275397994,0.0,0.0,679.4292402951005,238.54460819942273,371.213795162078,172.4639577646575,156.86632566908247,103.82639865893458,127.86511979967774,0.0,104.71598952622654,37.813033693580365,0.0,0.0,0.0,0.0,0.0,34.90426719590966,149.25853239748312,22.991999993844622,67.52482715200587,0.0
416,Mic,012_00420,157.2802148281866,49.411604661538085,41.011909371911415,16.805594048423764,101.41345813239916,65.92545718912822,376.26548488677275,0.0,483.4258659025931,180.84887899676812,105.69197516670123,171.97674175027498,113.85994744308582,22.14804996345171,16.006458825216576,74.87401090759566,70.38597801669631,66.75311401306706,165.48148780697744,97.18738897205337,0.0,0.0,247.0493591426178,0.0,30.81717905157936,0.0,14.577664534762272,14.667620484735368,12.803388231866418,155.1085000168135,83.3714272878552
417,Mic,012_00421,0.0,33.707755989010735,14.688254058760409,0.0,0.0,0.0,393.39880383194213,0.0,915.5054331699928,105.8611596882133,302.8253221068406,114.97321499035237,0.0,63.45789596269872,15.287067417341675,369.4625819129487,220.8741364729395,165.75773254930135,79.02205878423081,64.97359150378848,180.99272307264312,0.0,0.0,0.0,0.0,0.0,97.45742020430956,224.13442538472023,85.59568537034289,114.46975614111109,79.62439684795159
418,Mic,012_00422,216.102754416457,3.4816134812633908,0.0,13.815043463404448,0.0,65.03284945155781,171.91077025061955,122.63762133763538,177.3017050215581,241.703561996055,104.26094262092383,8.482411827141222,37.43944113215587,0.0,7.894868472785738,129.2554250193987,73.15260011475519,85.60409011733745,40.81023151912886,38.34860222494949,31.157354648868928,0.0,0.0,0.0,0.0,0.0,71.90144016178682,28.938052020174222,0.0,149.53092163569193,82.24260718918016
419,Mic,012_00423,145.24065792388112,6.29368590843767,15.99787111644709,12.48667389961556,105.49127200835224,58.77969085044649,340.7785395418204,226.96944388586184,117.88760581451079,540.9555911340279,141.35377797644483,222.3370638537209,50.75924230417287,39.494774410350956,35.67873252124325,236.43563322000813,121.03083382741114,113.0835095780804,36.886170796135715,86.65309156599164,56.32291032680154,1193.1561765231345,0.0,221.59767820103625,700.6598139262055,136.95074848212394,266.45014459954467,196.166602636758,34.246825165656674,88.00657105213355,55.7509981426654
420,Mic,012_00424,152.11044796910588,103.5394876441206,127.25487365952603,28.443096121779163,15.25689193142288,185.96229627464265,788.7642669325302,410.801147201937,247.0879879613322,404.81909004664806,178.88132965160716,38.80891074895586,171.2937262418105,37.48508456203663,117.39250222476318,334.4068794683822,158.835614108474,180.76506980529666,46.67895950307439,142.55583824883053,71.27589536931521,0.0,0.0,424.8923033353203,0.0,173.3093542738382,304.2926214280576,182.04723654726862,28.89260176217643,270.4727866343068,117.58691348674266
421,Mic,012_00425,122.63470762349432,80.13672673825772,134.30698060578865,53.81243299752131,129.89257993670302,287.85944491828246,166.0234151050504,165.436791210848,663.925232061517,448.32620909052997,461.49749430665776,0.0,16.572081391545023,19.341618974932143,55.91297260863325,321.4838738883495,254.6498568656895,209.86081734245056,72.2564715595535,246.13039090696395,165.49677075477982,0.0,0.0,1591.6582091791324,0.0,0.0,114.57445242218976,166.51767776334844,78.2672876502793,178.55344919432378,364.0361979178609
422,Mic,012_00426,407.2434133944118,26.470502497252554,51.264886714889265,105.03496280264854,59.157850577232836,164.81364297282053,762.4326930600396,377.402679949747,779.8857452061063,65.63064157140779,396.34490687512965,85.98837087513749,355.8123357596432,166.11037472588785,80.03229412608287,257.3794124948601,197.9605631719584,116.81794952286737,0.0,121.4842362150667,394.8125576829715,0.0,0.0,0.0,0.0,1151.9974725261013,72.88832267381136,128.34167924143446,0.0,79.3168465995069,208.42856821963795
423,Mic,012_00427,229.8524805743208,119.76477842201153,161.1683767269464,109.02259152744577,26.99066596087335,263.1857782110011,268.7998149319864,35.45074097375314,459.7991513966407,320.2330064932357,105.48514155580749,25.74602885302551,75.75808636134867,55.261768499806124,63.90054012415228,414.11482060194174,137.98760716860022,159.89395607043852,82.57882463948972,213.3938364513579,252.18555543585498,0.0,0.0,0.0,0.0,0.0,138.21679974740354,95.1529587219134,159.72915846995775,31.66465108864855,83.20827380979676
424,Mic,012_00428,272.00625897775126,294.5445005148829,385.5740873525914,190.46339921546934,254.25071018647944,373.57759073839327,499.88699985754664,594.6951320420256,148.99683512667335,676.1944889175347,108.89476229296491,141.75052653356,205.29293554132138,148.32481945220692,148.4235272883719,102.85722710538394,236.98136104972107,199.45021338449735,127.87205875993713,325.4304994367242,162.71062983298222,759.7239328065673,763.6071100771824,1427.7754781330068,0.0,158.25419824600985,120.15529555925268,166.23303216033418,98.93527270078596,308.72146353208745,85.89783417536596
425,Mic,012_00429,41.261784754308216,0.0,75.31508048236819,170.47649929779664,0.0,484.2672472534727,498.75346924562473,0.0,73.71007452033841,140.80428452356898,0.0,108.2816522131361,119.48266089706536,92.96712330337755,134.37520989070705,229.1668543725279,197.84418424005247,182.1288666282447,260.48011969616823,173.37750254891003,464.02661100517145,0.0,10888.471754804266,0.0,0.0,2256.5876416560664,91.78529521887357,61.567789689012656,0.0,88.78264310726699,43.74426740412155
426,Mic,012_00430,229.31267649170894,16.705282318451726,21.231513407442538,0.0,52.000868323109536,234.02772505653402,239.0197890317489,21.015462456598442,337.35412023543444,227.803804619086,187.597125295885,10.174958038589356,123.50237918710584,0.0,9.470178655290551,310.0930614154484,156.16378533286743,94.78632430625764,48.95334036053278,143.75164842154066,37.37436740943211,323.1617656949822,0.0,0.0,36.46580351811015,363.50732311728484,146.62221753641404,104.13670228141584,15.15018097042198,166.85369122247394,24.66324125104765
427,Mic,012_00431,1110.0893734078707,0.0,98.04409584222573,0.0,0.0,420.2747895806924,555.4866763723145,415.14294794472175,256.8199912607526,0.0,0.0,0.0,151.22024269784833,0.0,76.53088125806676,258.5493189152913,240.38068385166378,0.0,0.0,201.36012152647308,100.67720220915774,0.0,0.0,0.0,0.0,0.0,255.5646813750511,397.4008425082988,0.0,258.44072517006,66.43660612000961
428,Mic,012_00432,302.61409543149585,21.126692133957434,6.137345592627588,20.119373156563665,4.047015934860998,157.84968622749008,49.78753821518824,407.52402060301324,118.71780022165522,314.2875793560373,63.26632316316623,20.588764857427286,68.15560234269222,13.257635541502783,38.325323947701655,250.23913856734586,154.98723278072842,175.8145397245569,99.05582016614846,145.4388743419813,75.62606738716073,2452.1605812418543,0.0,441.80820348688604,18.446902953410177,367.7738409942482,191.97346957750315,52.67948202264111,30.65599999179283,143.4902576980125,49.90543182723726
429,Mic,012_00433,82.75935113578392,103.99966314476113,0.0,0.0,0.0,0.0,242.3941860533736,13.418761953768781,398.03440240982735,0.0,119.78423852226138,19.490697398364496,64.5206368844153,0.0,18.140653335245453,190.92872781436895,227.9165002445405,166.43776427258058,0.0,143.18941975215864,71.59267712651216,0.0,0.0,17.071228542894644,0.0,0.0,0.0,149.60972894430074,29.021013325563878,23.97131363896209,47.24380879645127
430,Mic,012_00434,0.0,0.0,0.0,23.227243806764555,0.0,136.67472831892437,0.0,0.0,0.0,0.0,0.0,35.653714753105795,39.341851758789815,45.9166889486194,66.36824390943458,0.0,109.4416121601071,0.0,0.0,40.29721006158311,0.0,0.0,0.0,0.0,0.0,0.0,90.66596235035072,0.0,26.543609748991354,0.0,0.0
431,Mic,012_00435,194.31421890110263,0.0,40.53502670479617,0.0,60.140539125027395,0.0,101.78050447977574,784.0613816010248,726.9164531013947,121.08598987593065,104.46299871127447,0.0,0.0,0.0,0.0,135.67286860194176,99.38219487407288,118.75844702324721,0.0,76.84584244301895,0.0,0.0,0.0,267.9785875919509,0.0,0.0,86.44894084568324,57.988267032674706,0.0,285.7046102318156,206.00498021708404
432,Mic,012_00436,76.01981652459736,15.083750026367374,14.606196773515936,63.842480183956205,0.0,187.8323081924882,358.2874956794512,168.67158880435622,179.52751143854357,378.1400465957834,0.0,0.0,0.0,0.0,0.0,204.43951302283452,105.64216273555428,228.22852388825166,0.0,110.76104664971446,0.0,0.0,0.0,686.6639413901758,0.0,0.0,124.60238401221385,104.47606769853405,63.838122887937296,246.0742391709097,0.0
433,Mic,012_00437,112.26710315197298,72.97273661404758,10.599361712673051,73.35414699514698,9.319074531085327,318.0457867097131,204.72481930183582,420.24298416025886,532.5054843050394,832.2674871703929,291.36706667577096,0.0,65.39253738285333,0.0,0.0,236.51081148176334,194.03702047846014,92.01104904503839,0.0,207.63954319569783,304.7526120925856,1882.1989326288826,0.0,0.0,0.0,0.0,301.4030640295443,202.1753093841902,17.647913508788847,301.26110384101,143.6467159351559
434,Mic,012_00438,240.39833035676875,9.440528862656503,1.1427050797462208,14.984008679538672,54.25265417572402,161.64414983872786,218.06295146847057,172.86626249446454,176.83140872176617,353.7017326645567,94.23585198429656,23.00038591590216,42.29936858681073,0.0,28.542986016994597,194.71169794588906,175.3826434628689,136.89056422609733,55.32925619420356,114.81534632493893,98.56509307190268,158.2758193347015,0.0,124.22900141573245,384.6759762732109,342.3768712053098,100.73115222665714,107.89163145021688,65.6397482341753,133.58140248984554,83.6264972139981
435,Mic,012_00439,690.6085963597353,144.6423886457014,466.87664686774156,127.54245483178751,15.393114180810583,450.29441740788474,0.0,350.4453456676222,0.0,1925.9468032561929,240.63797917418583,313.24335104514375,129.61735088387002,100.85272751214617,255.10293752688918,170.47207840568657,354.84767616197985,486.34411638091717,376.7658874176719,265.5298305843601,575.2982983380442,0.0,0.0,0.0,70.16411301922086,699.4270368908471,398.282620324755,66.79005756441998,29.15057142076729,272.8877222292559,284.72831194289836
436,Mic,012_00440,111.79499590574936,26.341378094826926,12.753703524191964,0.0,8.409896528052611,328.01934796541843,0.0,0.0,195.30525914513765,464.43016604677507,0.0,106.96114425931738,0.0,0.0,0.0,178.510599176036,209.5025147064907,116.24810586665826,102.92141314824207,48.356652073899724,0.0,135.88558147759738,0.0,0.0,0.0,382.1259908867067,217.5983096408417,72.98035558258573,0.0,350.7997117896891,103.70592174830767
437,Mic,012_00441,9.810776609879547,49.31490876200475,40.2920941817366,4.892039363411028,29.52104089470523,57.57188898365649,138.35284592087535,579.0287692379679,108.24867914046473,61.135392148708625,0.0,75.09258415465774,16.572081391545023,0.0,0.0,239.75068561165054,155.86327446089615,198.20188304564778,144.512943119107,101.8470583063299,275.8279512579664,0.0,970.8532178635407,0.0,0.0,0.0,63.65247356788321,204.944834170275,0.0,203.18151115216153,182.01809895893044
438,Mic,012_00442,538.4098539521129,89.36141268576038,37.085237198005,0.0,36.68146357980394,238.45378132237863,0.0,867.2231794589932,224.17456956748725,422.0220923740643,0.0,248.8174135961425,102.95846311342865,40.05498397645522,202.6349574681673,710.9048376066928,1850.3061622246273,4804.803929919274,2992.7503114027836,4200.769802058009,2513.3599416754273,0.0,0.0,0.0,0.0,0.0,316.36633671186206,291.7920245367568,23.1550638235882,242.26327613844666,0.0
439,Mic,012_00443,7.57869515895457,0.0,0.0,22.67421419231778,0.0,355.7881816556126,390.096463445685,39.93679152907376,172.81605706869254,338.4550193206286,0.0,0.0,25.603427335085435,0.0,64.78804762587662,176.78585908737864,234.0214065010907,288.2039208183213,223.26867402528703,78.67550535832892,170.45875506312422,4790.14648991795,0.0,0.0,0.0,0.0,19.66827754690148,79.15858674301627,86.37206346894011,104.63668651927895,0.0
440,Mic,012_00444,122.69333776259718,21.51387453959968,23.43683565949619,42.68353070067789,3.4343202953202896,33.488031042286245,635.7616433670822,475.1364416897213,71.36074943602483,80.01185785199516,214.75261886461206,0.0,28.918612149389325,0.0,0.0,98.25349538920048,214.52300072817803,115.28874471977919,84.05932149557619,143.16747837616228,128.3534052068943,665.8934869220908,0.0,0.0,0.0,0.0,111.0748343535173,171.36572538440825,26.014852582676784,150.41760550344736,84.70005561116763
441,Mic,012_00445,27.025912925328562,9.703472613548104,28.188778678807036,0.0,37.17582292724065,135.93793733068216,435.56906748135424,341.7986535393935,122.11773722261233,316.77251259802574,0.0,23.641007626048584,117.3892989136936,91.33831925628333,121.01918330116578,240.16192177908044,198.69742061413356,155.99716940519986,56.870322629082544,93.51994033159853,43.418739497210886,1877.1256201420124,0.0,0.0,0.0,0.0,250.49221404072637,110.89669935224451,26.400517513147733,227.759785922753,0.0
442,Mic,012_00446,469.6784419385512,362.93161468738117,431.3141487152904,288.02255380343377,256.3219990678357,308.14444857240176,676.7454787131697,0.0,51.5007972448321,636.25632154766,109.78188866602369,384.0580393669583,315.3758218382825,322.0714393870574,315.89121388258377,349.9711915130999,237.60643291787,208.00868521383424,85.94252421747302,297.79720307220833,524.9157589723907,0.0,0.0,0.0,32.009697181884874,0.0,158.98858163676573,91.4112396808355,26.59767005397912,340.5293536288403,64.94820964888923
443,Mic,012_00447,539.170027022768,40.816194326829326,11.857184682355342,29.15256110440857,175.92130492354954,381.2016232024421,190.08614363596004,51.3473033945234,341.6501773385673,256.3712438707751,183.34322222795112,29.832700099537497,98.75607686390094,0.0,55.53261225075139,461.8079584323361,286.349174414378,277.91092364623836,95.68657458226588,179.82972653332325,146.10750433982076,0.0,0.0,0.0,1603.751154725048,177.63226333735798,219.1608069511879,186.5880973228241,74.03319725909152,183.45393091042413,72.31195223946624
444,Mic,012_00448,67.45248627623555,0.0,32.59083518301133,15.82798331430493,0.0,139.70353116255706,0.0,121.27066724146994,180.95420934062543,177.19667216509364,223.97329917597355,36.44382477533529,93.83195114769536,0.0,11.306501386233315,202.74056970131514,120.74523731791791,113.16594397783116,0.0,137.3007434231225,89.2429493266772,0.0,349.01710017378133,0.0,0.0,216.9967538276312,61.783453568383045,82.8862764234353,9.04394459591672,273.9104397803839,29.445587200004255
445,Mic,012_00449,160.72836663842267,14.851437044663145,6.471557481335032,44.78718545908313,5.689863987626354,332.8909224401524,219.99472331576814,64.7687767570523,352.9454733074911,223.38966449057833,44.47434598598814,7.236645073650185,15.970454674360221,65.23806796165232,60.61851980836971,199.54047461347687,155.49377569282538,123.59239921231229,0.0,94.06007200018038,265.8143952717036,0.0,0.0,114.08989372726622,12.967624848436857,129.26704312174073,134.95164693072005,80.23624077045832,32.32538612995977,186.90504446220442,157.8691630574486
446,Mic,012_00450,306.118654860493,39.08558768737176,20.169071144686438,4.0813585546172,11.821911690862526,297.79470804574777,383.7907945845082,337.2901665379453,279.35994360730064,316.22718270292035,184.8099680057747,15.035680850166898,66.36408365254144,12.90914912155471,18.658957716252466,285.4839073033898,176.18759456403853,140.06710551770414,156.7346091657515,117.54120500534341,119.6620460543132,0.0,143.99448361455435,239.24107429399498,561.3129041537669,313.3433125270995,184.8031358306863,113.27593762925628,31.715821705794813,132.5271196896904,36.44522392869098
447,Mic,012_00451,1829.2961302951308,65.06003023421108,0.0,0.0,0.0,607.6262018034107,620.5875245342396,0.0,545.8515724046889,627.3129595981949,0.0,0.0,583.0178031724274,0.0,49.17646988470153,1303.5294670057317,610.1228602178776,451.18671037747737,0.0,328.4465374296503,388.1530687581985,0.0,0.0,0.0,0.0,0.0,358.2944054327113,450.63171368765285,0.0,324.9123836606307,640.3528300723817
448,Mic,012_00452,896.6001341486864,0.0,29.93712850144297,98.13953776369604,118.4447259103593,128.3281800246389,1218.1387212605925,0.0,860.5907712632774,329.3222014728147,0.0,0.0,73.87859185238392,0.0,31.157610690307074,0.0,264.23525553159993,233.8906819236472,161.06022668236355,151.34524694884647,245.92904356435477,0.0,480.89760749135525,0.0,0.0,0.0,227.01095916729034,0.0,49.84525189505246,137.24034526123333,0.0
449,Mic,012_00453,0.0,193.4847153219372,89.42132519812118,65.14220494340157,73.00447637544042,219.03572095410678,289.5044567412714,211.44384674708954,384.38271472418666,184.1363494251007,263.3692540798907,85.70827846186343,173.3860763180541,18.396588731857285,79.77160261427154,533.812675485342,192.09574735594413,133.0713543192086,0.0,185.66906720556776,104.94040621149992,0.0,0.0,1426.3094857499925,0.0,0.0,266.3866385668285,158.3816348758884,53.17368076752339,327.9463103701654,0.0
450,Mic,012_00454,189.51401709791935,71.99976679252694,92.51340325625402,21.97654606332339,0.0,103.4522558967858,447.49695886776664,0.0,94.01536563707235,128.16486313021585,82.92754974618096,53.97423894931707,148.89377742557377,0.0,50.23565538991048,137.07703535390593,118.34125974235756,282.8278092184411,129.83932120239768,167.76038527175982,49.56416108758534,1285.6866555188062,0.0,0.0,0.0,0.0,102.94073879162896,92.06752550418507,20.091470763851913,105.10499057083375,65.41450448739407
451,Mic,012_00455,330.2961458659447,16.43830292066825,11.938398276070103,3.2613595756073517,3.936138785960697,307.05007457950126,394.30561087449473,296.40758425276937,461.8610309993162,655.5072602611536,246.1319969635508,20.02468910790873,44.19221704412006,38.683237949864285,27.956486304316623,425.012579038835,386.36530007208063,139.9072115616337,96.34196207940467,243.30130595401036,110.33118050318656,2003.3816036337564,359.57526587538547,534.9374697516645,71.76603340778755,0.0,415.8628273101703,102.4724170851375,81.99430134791164,324.26948244486385,169.8835590283351
452,Mic,012_00456,2305.2259165526348,3824.9876108529934,3615.376034182074,2477.5121851074723,3771.312974298593,525.3434869758654,1956.828064493381,2217.2407447047635,0.0,0.0,0.0,2398.2694064393813,4082.9465528419055,2823.8763703400928,2678.5808440323362,1690.5147775230585,1852.9344380232417,2553.3066109998153,1648.3507574523146,2207.2167167324933,1258.4650276144719,0.0,0.0,0.0,0.0,0.0,290.41441065346714,0.0,0.0,84.27414951197609,166.091515300024
453,Mic,012_00457,0.0,437.5676434904952,21.66720350104436,220.97963444888708,85.72518836606116,464.39203268584794,407.3382960841684,458.7214894416814,454.0463933891759,1027.367317416144,0.0,121.14383742077382,133.6753526610814,187.21832289547578,112.75267956989578,1151.5498777017647,325.81985877499915,451.41332349168005,932.5476108459503,479.2251086052908,177.99284368469876,0.0,0.0,0.0,5079.726723778288,1731.1785222491685,369.6766862682809,123.98596321350891,234.49299441236008,437.04604977113206,469.8279327823884
454,Mic,012_00458,493.44920441652533,17.22482459151362,6.254806752295103,34.17405488315838,0.0,0.0,53.156619748546845,231.13656953860104,524.2896153329558,825.6690601519373,128.95432376798476,104.9140410199046,277.84006313863046,135.11370193014798,214.82352633843303,182.7069165687741,248.4317115404755,179.17941129823265,0.0,142.29349772941785,385.3672811833789,0.0,1657.8312258254616,18.378116852398545,0.0,749.6251495863625,284.5783315877037,53.6877017742706,15.62135884749252,576.3437848602128,50.86055970909827
455,Mic,012_00459,148.3529577365357,205.71361940721982,186.75065874709662,244.88151327703204,153.93114180810582,300.1962782719231,364.3126903480764,253.39894225197295,579.4912623319545,47.816610287739955,192.51038333934866,313.24335104514375,362.92858247483605,282.38763703400934,320.7008357480893,619.3818848739945,267.8527620061396,243.17205819045859,226.05953245060314,274.3808249371721,287.6491491690221,0.0,0.0,0.0,0.0,559.5416295126777,92.9326114091095,40.07403453865199,34.98068570492075,83.47153856424298,189.81887462859888
456,Mic,012_00460,1146.91819087026,326.68933331128767,27.912909848320492,5.083542683686904,6.1353337660170295,418.77914976012056,618.2058125916409,574.8339751547747,476.19146112040266,322.93701214495786,575.4758790215405,0.0,154.9872950070474,20.098764201708846,14.525434165232124,713.4347480608093,250.93120022474986,145.38400632027418,0.0,194.02891534990016,57.32509734329266,0.0,0.0,218.7061307986503,0.0,557.5503781620988,158.74609778068523,159.72568926437802,92.9498647437989,153.5528987549173,113.48601757154665
457,Mic,012_00461,0.0,0.0,0.0,0.0,0.0,0.0,110.46610041494891,0.0,0.0,11.62209277827013,210.5582317774126,0.0,0.0,0.0,0.0,37.290767151243934,25.039654567881644,0.0,0.0,0.0,0.0,0.0,984.3372903338677,0.0,0.0,0.0,58.08288213069343,29.220650184433737,0.0,182.59399060928152,0.0
458,Mic,012_00462,218.3171330362043,0.0,4.85968256962705,111.51667426184542,0.0,499.9551400216415,747.1568002574558,185.19388012403942,262.425918055025,298.631618153915,0.0,16.30262793543499,35.97805030729477,104.9768167412674,60.69363569412977,662.4540742010322,259.7422011383529,50.62317940024417,156.8690683672091,110.55517109832094,479.0588060510108,0.0,0.0,0.0,29.21331099685032,291.21125699544564,27.637951348434047,194.65949862641358,12.137040888944002,207.18700450032284,118.5485908461138
459,Mic,012_00463,128.9684848601407,3.4482646931286847,2.504319178600913,0.0,26.421897137943073,161.024823594135,284.41846543619033,26.027771031017032,54.49761087761329,267.88701208457127,103.26227458815639,0.0,9.270206448910244,75.73614786352739,0.0,192.026019353532,179.2877642009855,202.17753497061113,121.25798675511278,156.67277360149984,92.5767376635933,0.0,0.0,0.0,15.054369076920953,0.0,121.06163938351428,121.80868735886555,62.54528733957733,165.31940440663507,162.9096855050044
460,Mic,012_00464,167.85625605965785,84.3747267099925,81.70341320185477,0.0,13.46897490820926,0.0,0.0,283.05200996231025,345.71921900485927,1092.4767211573921,1052.7911588870631,34.26099152056259,189.02530337231045,0.0,31.887867190861147,99.44204573665048,280.4441311602744,212.77555091665127,0.0,38.72310029355251,125.84650276144717,0.0,0.0,180.048113538342,0.0,0.0,174.24864639208027,87.66195055330122,76.52024997951413,182.59399060928152,0.0
461,Mic,012_00465,0.0,29.99990283021955,0.0,0.0,57.46762627502618,280.1831930537949,269.3268733926373,0.0,649.7326274631006,0.0,224.59544722924008,0.0,80.6507961055191,0.0,0.0,225.4019703364078,42.73434379585134,56.740146911107,0.0,61.956960469684034,0.0,0.0,0.0,2976.795477167254,0.0,0.0,61.95507427273965,31.168693530062654,0.0,209.74899434091827,88.58214149334613
462,Mic,012_00466,724.6924727174206,34.20416474704367,55.89212114521182,84.82633575510808,16.380321028511023,439.2420603693697,189.52039487546037,480.4936732851886,225.23953189322353,14.134231597326144,128.03540934683522,0.0,80.45922651857015,13.415089645321107,9.695123516461347,200.30131777833637,228.39019843388485,194.07556188122112,0.0,211.91929471815914,229.57271762658297,1918.859339392676,149.63797287735756,2280.8945499710785,37.33197462305338,0.0,150.10493054202956,266.5256453877092,54.28514962917234,269.0367148315816,75.74719937673305
463,Mic,012_00467,66.93333574964551,100.93425251288822,4.07244427174354,57.851032471988354,80.5620929089152,314.22414174257375,538.0244783894975,691.3170585995366,620.3559817657288,519.0477323030548,587.7264039643667,27.323407567800697,75.37457579955057,52.78273589420734,50.86164486517416,232.96080496561112,161.75148819925036,201.5070637964548,65.72862833454711,216.1738184612028,451.6360472934179,1648.8297191752083,1079.397900926858,1172.6498111240714,24.480936629759302,244.03684776253854,150.5450402889001,163.12587268070175,20.341831770255055,291.24025916496,99.34445774954708
464,Mic,012_00468,265.25433056340995,121.2117286069477,83.62908287327896,52.90649978207482,133.51064690157597,339.6159915803575,1503.0615914084053,330.38618446779196,297.9936702533467,160.28313811378604,0.0,29.531359694491666,97.75854073396258,38.03200498774537,68.71459596683884,257.1430677634599,315.1118279896109,275.1037425993067,0.0,308.7417558758665,596.6056427209347,0.0,0.0,0.0,0.0,263.7569970766831,187.7426493113323,138.52752680027848,76.94965654505573,332.93491165225123,393.69840663709397
465,Mic,012_00469,142.4234899900127,20.454479202422423,0.0,24.34901410425034,9.79561811506128,0.0,266.8401906127337,450.31001584912997,451.9792386989935,215.53699334246423,0.0,0.0,27.494589581426972,0.0,34.78676420821216,479.12985673113417,136.57993400662713,203.1039349658944,0.0,119.68958272552595,91.52472928105249,0.0,0.0,1516.7689564745174,44.64989010314055,445.08993256690275,63.36314414257465,0.0,46.37590907849341,132.79562953402294,362.3814879273251
466,Mic,012_00470,104.1073387624812,0.0,45.86858285016408,14.320556331990174,8.64174831203401,168.53124394213228,0.0,170.2568480976302,113.54807145260446,324.3699879168325,0.0,21.981989547027627,133.40733190386624,0.0,51.14845865200786,506.4316715209869,155.83576496983383,102.38823502756152,0.0,229.81529196775028,161.48724163874923,0.0,0.0,895.2768352382719,0.0,0.0,149.06484035546382,103.11447483629753,65.46093231330198,135.17658067083883,159.84747337145168
467,Mic,012_00471,175.39265939294862,257.14202425902477,20.00899915147464,7.288140276102142,43.980326230887385,171.5407304410989,0.0,0.0,69.8829908192524,83.48931955002215,137.50741667096332,0.0,49.37803843195047,28.815065003470334,20.82472959403177,121.76577028977613,137.3603907723793,295.2803563741283,0.0,113.79849882186862,0.0,0.0,0.0,0.0,0.0,0.0,18.965839063083568,57.248620769502836,0.0,91.72696545521207,0.0
468,Mic,012_00472,300.97626046736485,42.9798034816899,92.39430872110415,61.3957948760467,16.46636856017942,112.39440409034754,219.9374181000047,183.11419428316285,119.75247063905981,281.3279077101033,51.48319707260518,87.95945100981112,147.89830804450497,59.336466234462314,58.47631805773963,255.30106871071297,157.3456497927478,201.5982297128157,161.214056889319,156.22385447943248,169.23770380909036,0.0,0.0,0.0,15.011233348906849,224.45796026296526,88.76085139360981,92.88092054803771,59.24777075777725,161.4114242165069,71.0687668141459
469,Mic,012_00473,91.9872816082284,11.00913865329158,39.97720523638154,26.21055952506459,15.816777873860417,205.63904077342744,568.304411745932,641.6999695781631,173.99237234320572,0.0,82.42034760706058,26.822060639951143,177.5797345442623,120.89990576379603,74.89260551248123,525.4919114156944,252.8775389754506,249.8648671314804,129.045196913698,174.31316095446272,98.52203274290665,0.0,96.3265849868005,751.760522989856,48.0634902639311,239.5591074366204,79.57532475397754,148.69468473057415,79.87434860246938,214.4223008989728,97.52162366239942
470,Mic,012_00474,66.52532412388568,70.53678169079198,47.43304104606953,80.85710344052944,45.0399393156954,97.59646782715643,167.1077480048657,124.8879695624707,327.24932085773395,317.38940161963825,0.0,12.729773337103083,35.11645693999381,0.0,23.69606386316532,420.28336311339075,133.97123744417834,93.8806494610479,30.62248141565983,129.4891481514441,93.51728507091575,0.0,0.0,496.1558077960309,0.0,0.0,64.74260301360312,37.99956830951035,33.169880978057414,67.84334048762855,15.427949171555206
471,Mic,012_00475,206.89837783945973,0.0,29.050102471770586,79.35974967311223,354.38369536266146,373.57759073839327,168.32929587039834,285.1486915175866,35.120682565573,33.05839723596837,0.0,48.72674349591125,80.6507961055191,156.88202057444963,68.02745000717044,380.0895970378641,220.79410961189856,94.56691151851167,117.21605386327569,165.21856125249073,178.98169281628043,0.0,0.0,341.42457085789295,0.0,0.0,474.98890275767076,41.558258040083544,72.5525333139097,229.72508904005338,0.0
472,Mic,012_00476,466.9929666302664,103.56130840020997,21.489116896926184,7.827262981457644,132.25426320827944,506.6326230561771,204.76221196289552,996.7566670453592,381.0353505744359,195.6332548758676,73.83959908906525,96.1185077179619,106.06132090588815,108.31306625962002,55.91297260863325,640.7881960893204,228.30676822441126,242.50583337349846,0.0,176.5349010643052,220.66236100637312,4197.561455232632,0.0,0.0,1851.5636619209185,0.0,234.2411027298102,143.4613839191925,125.22766024044688,408.82582850010687,58.245791666857734
473,Mic,012_00477,166.65979637285946,33.96215414741837,28.776044901282187,80.85710344052944,10.842948353778525,0.0,171.50532032078323,469.9731486166661,79.51852656356152,229.2256789475165,84.75299895443024,41.37176334558502,76.08565670331993,17.760228744277317,12.835367925881217,5.003373370397509,201.57709337665725,256.9365143144468,66.34870973392964,132.48658213643125,50.655196080079364,0.0,0.0,0.0,24.711888862115522,246.3390821753927,105.20672989710508,23.523542286839742,30.800603765339027,96.11139902414044,0.0
474,Mic,012_00478,494.68565359712227,426.8027412959071,232.4756911722878,312.9392190718085,693.16621383279,173.30919157966696,447.7212199439461,0.0,486.07748808537895,440.9206332374647,138.9250189046846,372.9856396465371,374.1531778091093,334.7894665867121,378.70951550383546,738.12652505555,338.6806885882548,228.1304875807395,435.0286535131881,344.91503766628216,249.098232270081,2189.754119042984,0.0,0.0,749.3816607001321,0.0,86.2261342971119,202.4358445766956,33.658391743566355,296.5523336778815,191.77577024332672
475,Mic,012_00479,242.94672255136345,0.0,13.857822733883495,20.19046634792961,0.0,297.0139855693939,703.0573417625825,506.75978226467794,610.5786509633186,856.831603271477,285.70445583931604,0.0,119.69376100465735,0.0,0.0,590.3273386486673,308.0496867262782,144.35655751235706,0.0,183.90051870860276,0.0,0.0,0.0,909.3596123114376,0.0,276.80504640203134,131.35351435916536,224.67892155946225,46.14648762015457,374.8164765102729,112.68399624595268
476,Mic,012_00480,353.8804833634199,0.0,0.0,67.22237619369506,5.070672906619957,247.22046445923084,502.0173706252468,0.0,148.74642027772097,100.63365040949195,79.26898137502592,12.898255631270624,42.697480291157184,0.0,0.0,70.19438522587093,101.80828963129288,80.10373681568048,0.0,72.89054172904004,94.75501384391316,0.0,0.0,689.1253286800854,23.112884288684516,0.0,153.06547761500386,11.000715363551524,86.42287056509834,79.3168465995069,0.0
477,Mic,012_00481,112.44800405940445,6.728950167525881,9.773866252184497,5.340095305106617,3.2224837163566082,31.422414174257373,67.96098674393652,538.9451354796387,159.52010959690168,44.489805625976125,0.0,0.0,81.40454186351461,10.55654717884147,0.0,89.21903168895746,97.05089291955024,76.3605715439197,39.43717700072827,115.80740274707296,0.0,0.0,0.0,14.358977279070265,807.870908782057,0.0,118.11995468821392,27.964435316691727,6.102549531076517,147.86043926836427,19.868891549909414
478,Mic,012_00482,313.48239066584813,66.66645073382124,30.810714742786985,43.28713618533394,0.0,169.80799579017875,323.0562243977342,513.3693020191845,666.9382143765379,280.4954916991255,0.0,0.0,65.17236048930839,0.0,0.0,5.357147245072081,181.29721610361173,68.77593564982668,0.0,83.44371780428826,216.9475064439763,0.0,742.3958014639271,478.5117091568954,26.459194135194398,0.0,75.09705972453293,75.56046916378827,98.93527270078596,108.96051654073676,143.16305695894326
479,Mic,012_00483,641.7032764990014,0.0,0.0,0.0,0.0,134.48793266582155,113.1172868249077,301.9221439597976,75.86067434163769,0.0,646.8348880202116,0.0,38.712382130649175,0.0,97.95952801032544,63.64290927145632,128.20303138755403,54.47054103466272,0.0,0.0,386.6004564831657,0.0,0.0,0.0,62.86704526522188,0.0,237.90748520732026,119.68778315544058,52.23782398601498,129.44509365039528,85.03885583361229
480,Mic,012_00484,171.75517965440707,16.28953999830926,5.915179236333377,6.463690018624525,0.0,342.3052584820119,342.7519599171007,99.04685718138157,188.31678208237108,390.4181755017079,0.0,109.13908611075145,65.68843121716489,0.0,0.0,172.78617901752844,176.931785399113,107.83195340572371,95.47008911941006,123.35322446452929,182.22118046906377,0.0,0.0,0.0,0.0,531.6911411658928,159.79363047720184,67.69670992954785,36.93285066884543,109.82332606085572,48.098900358377996
481,Mic,012_00485,1275.855763498044,0.0,86.57315306156798,9.460102610039868,62.79575056542596,445.32428035040255,311.01903011815324,559.8556311837307,432.6123812712966,492.5920117942307,267.7296721937962,43.56364484733787,16.023336974606448,56.10350404649192,54.06154967457254,231.81192118742368,195.27614052408893,56.3643843487818,0.0,180.53683845470843,160.0167452330984,0.0,208.60128007075343,0.0,0.0,259.390159376738,172.32537214934212,123.84911336448738,0.0,250.0319137838761,140.79280767154353
482,Mic,012_00486,445.3212126574171,0.0,0.0,22.89223548262853,49.73159966108034,269.40691639787974,116.53566637181422,474.1725978855796,337.69887082281736,562.6284914198462,86.3828643189385,42.16737417915397,77.548842409153,0.0,13.082201924455854,448.764103837192,115.05400252729207,294.61230126920947,0.0,135.03440102367028,206.51733786493892,0.0,0.0,0.0,0.0,0.0,142.9732483217069,119.87959050024098,0.0,224.73106536526956,204.4203265231065
483,Mic,012_00487,0.0,110.95854471451068,0.0,4.892039363411028,70.85049814729254,115.14377796731299,383.92914743042905,0.0,317.52945881202993,244.5415685948345,0.0,0.0,33.144162783090046,0.0,13.978243152158312,452.25697513106803,212.93996651699896,116.58934296802809,144.512943119107,101.8470583063299,0.0,2766.5745954942345,0.0,0.0,0.0,804.8201520387829,101.84395770861313,140.89957349206406,22.362082185794083,215.49554213108038,36.403619791786085
484,Mic,012_00488,230.85871407277,46.15369666187623,33.51934900588913,0.0,75.78148519783672,369.4723424885208,118.38543885390654,116.12390152299909,393.66039798774136,168.92477708489332,0.0,0.0,17.725449693520687,82.750955907402,0.0,180.67126258380458,126.79420686681166,199.5257913357609,0.0,36.31177170384412,118.0099073513937,0.0,0.0,0.0,316.6380484969967,0.0,204.24749760243841,109.60419702879176,95.67367030405676,39.51315434993751,0.0
485,Mic,012_00489,66.98148922860209,6.474799171989832,23.511773583267562,10.27680211594259,0.0,90.70678911813505,328.78707790513056,437.1354782151746,162.97007377550062,66.88974260874895,193.8953501259627,55.2119575583167,17.406646641478947,0.0,36.705458636962476,68.67939849437731,130.27826031289212,189.81416052996227,0.0,133.72005856766336,115.88742700334704,0.0,0.0,483.5824632204869,0.0,0.0,133.71598763900644,47.08939310297236,11.744115104769556,61.43726966820319,57.355343412957936
486,Mic,012_00490,173.14403555457747,0.0,64.6444587970719,0.0,0.0,738.9446849770416,0.0,779.689053082994,133.14984049585368,0.0,296.1698205220749,0.0,159.5290472416862,0.0,0.0,244.780420274832,281.76490414847035,130.9388005640931,0.0,95.31840072259082,0.0,0.0,0.0,0.0,43.17791570413591,0.0,183.8227478421946,61.652360828695365,53.81643954603192,158.05261739975003,0.0
487,Mic,012_00491,113.19668088481083,103.95103108343554,39.73418271214822,17.367483211137024,41.921672662633085,357.68067198356795,497.313299653578,137.6544729299989,124.89726018760005,235.126594322693,327.67724823718925,173.28355589731356,338.29209308697983,102.99853022517058,173.68710640128623,396.5591611139375,588.4090498334546,641.5603237365291,513.0429105261916,828.6037266462303,440.6540157482892,1100.714512576891,0.0,1938.0254895960945,23.885655495904974,0.0,169.4819660956404,295.5815313489225,19.847197563075603,393.4501326759735,129.23838272585456
488,Mic,012_00492,486.6145198500255,66.5751268287064,12.53531818987361,54.79084087020351,37.786932345222695,529.6613786496397,171.55752894188544,587.3006087985103,339.17919464012283,383.1151241319074,0.0,12.014813464745238,72.91715812279811,46.41988553983714,5.591297260863325,529.6310600330097,283.62725437109555,284.47799684198856,144.512943119107,366.6494099027876,220.66236100637312,877.6719406395503,0.0,1031.2892859474712,0.0,429.2374144206842,173.13472810464233,153.70862562770623,116.28282736612925,297.9995496898369,58.245791666857734
489,Mic,012_00493,451.1412236354059,0.0,18.87112955843365,29.994236096924308,6.787514914373171,198.55501869953972,527.5201555623507,374.4310053044734,540.6372788637418,343.5990893817185,70.73872353676855,132.36792524479827,190.51369158784044,51.88224302462113,139.26879529027022,204.6261518570446,234.70239998115204,268.0636861942063,166.13298972747734,221.15870403876715,274.8144102297219,0.0,0.0,1194.6499501966628,598.144459544434,0.0,151.22892145314407,161.9790372428453,59.984377936697,278.4069891139298,139.49943542259234
490,Mic,012_00494,0.0,0.0,0.0,0.0,0.0,205.01209247838656,0.0,0.0,0.0,0.0,0.0,0.0,0.0,0.0,0.0,0.0,0.0,0.0,0.0,0.0,0.0,0.0,0.0,0.0,0.0,0.0,0.0,0.0,0.0,197.3248378817001,0.0
491,Mic,012_00495,756.1768124081777,27.411078728119392,29.86114594179464,25.37900624063995,56.88419859710713,85.33498265597815,187.12749134831083,321.84594026171317,294.15800118373323,366.2434110025429,478.8329331790906,22.26094880523864,36.84554136800366,43.003193456955735,31.078530460128633,201.9127832216254,244.04130340270436,285.14083980708597,0.0,188.70140244573813,40.88414302909959,848.4226660784,0.0,0.0,1914.7323431032048,397.6437976232227,235.86957210433883,142.39504658404257,58.0051979540141,146.01815414596194,26.979332434521666
492,Mic,012_00496,155.17378337959482,0.0,0.0,59.51981225483417,0.0,0.0,164.12106347363837,0.0,496.0796412387187,774.8061852180086,449.19089445848016,18.272528810966715,161.3015922110382,0.0,0.0,198.88409147330097,160.2537892344425,113.480293822214,0.0,72.2831205479647,134.2362696122103,0.0,0.0,0.0,0.0,0.0,77.44384284092457,93.50608059018798,0.0,74.91035512175652,44.291070746673064
493,Mic,012_00497,0.0,0.0,0.0,0.0,0.0,268.9758653316431,452.4691472996308,0.0,118.0054934203253,0.0,0.0,0.0,38.712382130649175,0.0,163.2658800172091,216.38589152295148,251.27794151960586,0.0,0.0,118.95736410179333,386.6004564831657,0.0,0.0,0.0,0.0,0.0,0.0,179.53167473316088,0.0,115.06230546701802,85.03885583361229
494,Mic,012_00498,238.72889750706898,7.407383414869026,16.138945817650328,29.39249987893045,0.0,207.543105965774,357.4399862926977,0.0,403.23746649361595,299.9743452893426,332.73399589517055,27.070413053284025,89.61199567279903,0.0,16.796901236338382,127.67867600755125,170.14599844644513,315.22303839503894,43.4133532826947,112.18544282576532,132.57903171576328,0.0,518.4986549906793,142.2602378574554,0.0,161.1848315468619,137.67794282831036,115.43960566689873,33.58913579347671,270.0472061179371,174.9770696164862
495,Mic,012_00499,0.0,29.411669441391723,25.632443357444632,70.02330853509902,16.90224302206652,384.56516693658125,72.61263743428948,133.20094586461659,161.83059613548346,456.98372649720983,0.0,14.33139514585625,94.88328953590484,0.0,146.7258725644853,337.97296590234157,324.6972200174979,333.7655700653353,0.0,145.78108345808008,263.2083717886477,45.517229089718086,0.0,200.8379828575841,2414.0123590403828,1791.996068373935,170.07275290555984,171.12223898857928,64.01694115933208,276.1401326056907,208.42856821963795
496,Mic,012_00500,0.0,0.0,10.62808627015997,0.0,0.0,136.67472831892437,0.0,0.0,8.566020137944635,0.0,0.0,0.0,0.0,0.0,0.0,271.6465639635331,406.49741659468344,110.71248177776977,0.0,80.59442012316622,523.8488570232598,0.0,0.0,0.0,0.0,0.0,241.77589960093525,30.408481492744055,0.0,160.78320123694084,172.84320291384614
497,Mic,012_00501,184.34391198031065,23.96441942058959,3.867617192987208,14.791906004159971,2.5503384441579664,174.07831521093766,173.3094525529545,84.85977418988394,235.35013612728656,283.8816508207047,79.73802860209707,19.461865005763368,78.74190152313996,0.0,48.30351479799085,263.609683372896,232.32058202626283,206.4804162741468,31.211375289037907,142.97760108388619,309.77600679740846,0.0,0.0,369.3294636683938,523.117055646262,0.0,137.4742772324105,77.46065847707878,9.659360944159575,117.0197263440457,94.34784301066452
498,Mic,012_00502,568.3690902857252,133.42980037859277,131.10547699832512,199.3221619696772,172.90404998445376,342.08413105405197,713.4421900553511,574.8808264350797,272.59366991302306,354.6089703509398,117.52087355018378,235.8431044206169,422.00997962190235,238.05934517401946,266.9681904351166,571.2136115570389,389.4539761627731,301.84438618408666,214.6689358542549,338.60199326455216,257.5463312327291,526.3591201130771,503.6144276126765,357.30478345593446,1930.3289698078668,341.580645923437,307.97435176274655,179.4012011323374,56.9453023103361,250.8625845937893,92.70224109768782
499,Mic,012_00503,233.94063881781543,139.25456328067528,41.202867402654554,32.744423933891575,148.19731704161478,144.50709097330397,399.36004865527167,138.4170287494774,244.53655769152553,260.0151874290349,154.44959121781554,87.95945100981112,180.25106292924045,48.54801782819644,70.17158166928756,879.8768975208501,312.24234005564733,351.1711098223242,0.0,198.83036024655044,323.0901618173543,0.0,902.5442203634316,0.0,1328.4941513782562,448.9159205259305,330.1903671842285,182.18949799807396,18.70982234456124,365.75141870336137,121.83217168139296
500,Mic,012_00504,309.09109887757353,94.73653525332492,0.0,0.0,99.81219300399285,0.0,0.0,7.945319577889411,121.9981604909378,0.0,0.0,0.0,152.81203472624676,0.0,107.41176316921651,133.98507215043435,128.20303138755403,0.0,111.0467878704717,65.21785312598318,169.56160372068672,0.0,0.0,0.0,0.0,412.29383227249934,78.25904118661852,118.11294390339533,51.550484196725314,104.08596711654592,0.0
501,Mic,012_00505,257.67563540445536,104.76156543886194,93.37532937354831,98.25492816671036,114.02306800600432,222.36761353475788,435.51865439484015,351.4437654558491,275.9482201580736,224.32483838692823,71.30014197753654,69.6096335655875,140.81885034296988,119.529158532914,86.38406350116882,526.1483901410079,295.0704690665926,216.15294061374098,0.0,163.90730282985191,127.84406629734316,2137.1422801172394,0.0,0.0,0.0,207.237640560251,275.3558856566207,118.7378801145244,95.00926981583413,118.90532559008972,196.84920331854698
502,Mic,012_00506,216.3442821807599,76.63431843097139,29.153169231680568,66.60909551884129,75.14773228057149,230.0541169524317,245.7112884474137,247.1385010111876,313.46944753154617,676.3315785250195,109.2811096503145,24.449810471845986,78.48430234292788,20.037642769772578,35.16877800674803,281.44165402608024,170.8940560310527,169.09886661799757,53.469056501240814,179.62180126031052,155.1235148078254,190.60483869196696,1037.7200019738698,87.60577242615727,481.9381954569088,397.0391694464008,154.49516747180897,81.51569113792362,41.369285341180145,160.3757425414595,43.10129540477055
503,Mic,012_00507,325.53940569145766,10.909055574625294,11.884132829360695,60.60199065946752,104.48659322732033,203.76959494821452,407.0508427411451,539.8001967766079,325.66451106258603,450.79632594502317,81.67107171972368,39.867335587563744,14.663781110094387,0.0,49.47450909612397,207.3215983842895,221.4415996694115,268.22614903432407,63.936029379968566,97.62914983101726,146.43956684968398,3038.895731226269,1240.8615538754211,34.918422019557234,71.43982416502487,0.0,202.7620612562389,56.670351872841195,217.65759994172907,408.6019370277628,32.21168781576224
504,Mic,012_00508,128.50614614166074,3.9387180958712764,45.768213959901146,25.006135564394224,64.132361926178,331.0698561248343,163.54093515636075,36.336363058618964,468.0195991779859,361.32755841063897,294.87367251103734,47.98038199816206,95.29853369142303,0.0,62.51975711818728,605.7913683388074,211.80150699694371,260.73152847554644,46.16824878641056,200.64836213376884,140.99214313755132,0.0,0.0,361.40948829869956,0.0,342.8263813206778,309.0975259121366,90.02773623562955,14.28824507276121,121.95471380872398,232.60080917290017
505,Mic,012_00509,59.119184524156225,4.245269268427296,24.66518134395616,30.32141379019854,16.264422530667787,237.8913903286938,296.56128305468764,17.802013205176745,247.2529185335741,180.69064998669032,63.56474921582268,36.20029292738689,91.30278804398391,26.640343116415973,24.06631486102728,121.95722590343928,154.9623905333053,148.54142233803958,24.880766150223614,119.8224235498606,360.9182720705655,0.0,520.0272477235527,226.47561451363774,37.06783329317329,0.0,140.27563986280677,57.33863432417186,19.25037735333689,144.16709853621066,37.60562610566581
506,Mic,012_00510,12.904264730111834,0.0,0.0,0.0,7.765895442571105,0.0,209.27425973076552,0.0,417.65136023924657,529.3810908732772,0.0,0.0,0.0,0.0,0.0,136.17289145919707,155.92260574161975,0.0,95.04004367292623,44.653665203375866,217.6804372089897,0.0,0.0,0.0,0.0,705.7281813673411,83.72307334154007,50.54382734604755,14.70659459065737,259.14933663742795,0.0
507,Mic,012_00511,0.0,117.39092411825044,4.73642975083216,0.0,6.2464811168506715,182.72816938290973,201.26328854069365,60.16564462966981,122.15889588025392,415.02661747329853,97.65019444749569,31.77831097559429,87.66390881034687,0.0,0.0,397.76818294660194,153.28623318077112,172.6874036424996,0.0,107.75123559945048,291.8179774178485,0.0,0.0,1544.7606262999775,0.0,0.0,40.40548322135195,149.0676647089953,11.829217388137451,97.70915885446503,38.51397456232441
508,Mic,012_00512,102.3123846458867,0.0,58.359580858467694,0.0,0.0,375.2453478399039,153.29989445339848,336.9666785265598,117.59157109008817,192.5946803256193,240.63797917418583,0.0,0.0,0.0,72.8865535791112,106.54504900355411,85.85024423273708,151.9825363690366,0.0,232.3386017613151,71.91228729225553,0.0,0.0,0.0,1227.871977836365,699.4270368908471,116.16576426138685,16.697514391104995,14.575285710383644,208.67884641060743,47.45471865714972
509,Mic,012_00513,13.110969199472894,12.356939380868466,0.0,52.301162255964115,27.61602177976086,38.46908829113889,208.00416423344416,335.0852169805534,233.86999145495983,156.5924079598502,0.0,10.035256097556092,22.14667169945605,25.847838630115266,18.680306638124605,32.76808829766057,88.01123436216523,101.27531942943584,0.0,28.355588315644866,0.0,0.0,0.0,263.6860244039791,0.0,0.0,119.08984528398469,17.117817957013813,0.0,115.19395570210612,24.324615513046993
510,Mic,012_00514,167.9552862992211,0.0,2.8921562195346824,15.80172006765509,0.0,111.57737776478558,323.9966535558552,136.93371573397903,324.01160685495444,177.72545416682112,59.62710988386905,0.0,85.64686312090525,0.0,9.030192478827935,172.48354835737607,161.67196436041104,22.595633725662083,46.67895950307439,115.14125397020926,35.637947684657604,0.0,0.0,0.0,17.385797916267116,0.0,164.48249806922033,49.64924633107326,50.562053083808756,135.2363933171534,70.5521480920456
511,Mic,012_00515,228.535978287666,113.25806012307608,70.50361948204997,44.94080206207704,3.8742219960691804,75.55501835158515,186.10789565895726,1268.7514813591495,651.1137779010726,681.9687339914374,363.39038652820875,128.1130109892498,10.87426464344078,25.383158385079486,55.03344270243003,85.81066418623324,239.12026079026927,137.70642396403497,189.65294108215392,128.0907946788973,144.7941784581145,688.588733105578,0.0,129.4728007466729,0.0,0.0,167.06986320738784,109.26553237505112,51.35741122220575,189.88512489290196,47.77463810877095
512,Mic,012_00516,1991.6810877732612,2759.991060380199,2552.2590028769873,3809.267984309387,3333.1223239515184,1120.7327722151797,1279.3026486150272,0.0,0.0,495.8759585395256,0.0,13156.220743896036,11613.714639194754,10112.166811884525,9368.351686701759,1697.1442472388349,8540.763852913717,12709.79290808797,21299.83150201238,12769.034519656783,15034.462196567554,0.0,0.0,36.58120402048853,0.0,2984.2220240676143,106.20869875326798,0.0,93.28182854645533,85.6118344248646,404.94693254101094
513,Mic,012_00517,1063.204986835606,1985.560579072263,2937.9536623512313,809.9603317152691,1564.0673542893721,173.30919157966696,447.7212199439461,1245.0397689063818,1303.4480127429156,184.03643822085485,0.0,3390.7785422412467,4439.951043334764,3144.1097731621653,3324.227969422556,1509.0586734469025,5101.687640783077,7370.369598762353,7395.4871097241985,7434.835256362083,6310.488550842051,0.0,0.0,0.0,0.0,0.0,804.777253439711,77.11841698159832,0.0,222.41425025841113,0.0
514,Mic,012_00518,765.5788782123246,310.3438223815816,169.0415445555616,197.0311026366924,431.0071970626963,144.9223412347215,356.97419641481025,0.0,0.0,0.0,0.0,945.130800567244,959.4663674622102,1119.8130434107266,562.9857931627898,0.0,712.8530624566581,821.7538518160326,1273.2088609286843,1474.1483697959304,2221.8417039262395,0.0,0.0,0.0,67.74466084614427,0.0,544.7773772258142,32.24347606558205,28.145379302809793,92.99216497873225,0.0
515,Mic,012_00519,143.2373385042414,103.99966314476113,255.6409017515812,190.46339921546934,203.0522795050925,261.50431351687524,350.1249354104285,0.0,0.0,753.7314569800789,0.0,370.3232505689255,677.4666872863605,640.0786439437544,417.23502671064546,261.6430714493204,586.8849881296916,718.7085275406888,1172.160538632757,1090.4425042664388,715.9267712651217,0.0,0.0,0.0,17.4630681292283,174.07961807061082,123.9101485454793,83.11651608016709,72.5525333139097,239.71313638962087,118.10952199112819
516,Mic,012_00520,554.4671167906117,232.25731223395783,230.52661961469565,172.03145735590778,289.1919257710995,180.76335035728704,304.0787280239454,172.0631573104223,190.33144100052468,47.98799598769602,0.0,820.4954872537313,718.052249197525,449.39107829068143,702.218838783695,656.959063447291,585.8740681689296,849.271876346892,589.861432344226,1092.5743566696967,450.3410335377378,0.0,0.0,313.89033127257903,0.0,0.0,343.75073467455553,176.95774391261378,105.3181935201915,88.92584091873032,228.59907482153844
517,Mic,012_00521,66.10954084811141,15.824124569786138,20.111609403533485,0.0,26.523519819242857,73.89446849770415,297.44341512044014,66.35651515599947,296.40312319077,140.58900802549186,59.23396410441497,9.63825695523519,42.54107926444964,0.0,8.970652748198301,174.84315733916569,214.1413271528375,59.85773740072827,139.1135584311404,114.38208086710898,141.6118888216724,0.0,0.0,0.0,2487.0479445582287,172.16665523467006,179.73779789014583,205.50786942898455,129.1594549104766,205.46840261967506,0.0
518,Mic,012_00522,128.63547389944006,8.737835775792105,60.28601362466954,58.94194999993287,8.369071787625172,0.0,443.7029497943024,399.387302082742,232.71714418450074,559.6658269924257,196.24844903525832,42.57676616147585,58.72630784382459,27.416275440195083,19.813820390437996,227.84779411504385,118.24551438657895,8.263128190937914,102.42179463781372,102.25906096938141,0.0,0.0,0.0,391.5609459474622,38.14747892307154,0.0,45.11291815976188,54.46956150884735,23.773281547033516,126.54759020568578,51.601247471852126
519,Mic,012_00523,389.17314612473126,92.37705928097796,70.04911501683549,49.592356776858054,15.613845629441077,304.5009796207281,285.0799546665463,43.29449611498985,324.435588379331,381.7309265738234,142.38503824344278,92.67274989411045,149.7365723921336,72.46173327665144,58.52927774201835,325.4194040106539,193.51400964159097,120.76016172778999,238.8553550421467,196.3918746963569,218.83044706594285,473.0356562757872,237.72674181648128,811.6886024168776,0.0,177.36413916628277,103.803973498477,194.77493013503306,61.60120753067805,191.3182201751125,72.20280212287837
520,Mic,012_00524,0.0,0.0,12.943114962670064,28.286643447841982,0.0,0.0,779.9812917559051,0.0,459.00298006491454,29.45797773502132,0.0,0.0,95.82272804616133,167.75503190139167,80.82469307782628,362.3234933771027,196.7472263868403,33.707017966994265,417.7997959483094,73.61223026101072,797.443185815111,0.0,0.0,0.0,0.0,0.0,0.0,74.06422224965384,32.32538612995977,106.80288254983108,315.7383261148972
521,Mic,012_00525,0.0,0.0,13.204592032622996,144.29045395111314,17.41443220455339,169.80799579017875,0.0,0.0,446.99050538002007,0.0,0.0,0.0,48.87927036698129,114.09601496323609,0.0,0.0,32.37450287564496,68.77593564982668,213.12009793322855,150.19869204771885,162.71062983298222,0.0,0.0,0.0,158.7551648111664,0.0,0.0,151.12093832757654,0.0,0.0,0.0
522,Mic,012_00526,340.3659528813657,53.465173360787325,42.0651236286777,0.0,128.021939721593,166.4454612200762,7.49982011303755,373.66601975222477,54.767401030472755,73.64494433755331,0.0,65.12980566285167,95.82272804616133,13.979585991782638,80.82469307782628,350.50859685393635,106.30696909611534,117.97456288447991,104.44994898707735,98.1496403480143,159.48863716302216,0.0,0.0,218.67229631059354,0.0,0.0,128.81748116114187,157.3864722805144,32.32538612995977,160.20432382474664,78.9345815287243
523,Mic,012_00527,67.67118354531088,21.25977365921071,5.146671697754631,11.247838536346615,6.787514914373171,132.3700124663598,87.47821675154559,178.30047871641594,219.84994204433497,755.5275431291195,0.0,0.0,171.46232242905637,0.0,0.0,294.4110960392172,100.94726880909765,40.20955292913095,0.0,97.57001648769138,443.9309703710893,0.0,0.0,0.0,0.0,0.0,204.89079680748551,147.25367022076844,38.561385816448066,162.7973071937386,0.0
524,Mic,012_00528,720.6910113420951,101.8864624422551,98.66072537582464,368.34902678463413,0.0,105.7295068127528,336.6585917407967,0.0,496.99079102225954,364.8898562838018,508.51799372658144,330.9741067646802,213.03983876929578,0.0,102.68294340704973,200.13493481590038,104.82008855586179,149.879633350094,132.69741946785928,249.38650755092942,202.62078432031745,0.0,0.0,1884.2771127534659,0.0,492.6781643507854,116.89636655233899,211.71188058155766,41.0674716871187,305.2950321943285,401.1266784604354
525,Mic,012_00529,286.4746770084828,10.909055574625294,11.884132829360695,73.58813151506772,78.36494492049025,305.65439242232173,48.96852243502498,36.5966235102785,213.916884717581,351.6211342371181,81.67107171972368,0.0,29.327562220188774,17.114402244485415,37.105881822092975,81.96435284960285,130.14550156009273,113.480293822214,0.0,337.9470571073674,341.6923226492626,464.2757367151244,190.9017775192956,34.918422019557234,0.0,0.0,56.32279479339969,0.0,29.680581810235786,261.5052396977682,96.6350634472867
526,Mic,012_00530,282.5770623553061,116.32615383146359,111.16110639708133,29.15256110440857,23.456173989806604,171.5407304410989,395.05855153256755,893.4430790647071,401.3792293208343,121.43901025457767,0.0,29.832700099537497,230.4308460157689,38.42008667129378,41.64945918806354,10.823624025757876,180.9668640334521,150.53508364171248,71.7649309366994,109.58373960624385,219.16125650973112,0.0,0.0,1567.7658865923656,0.0,0.0,278.16563959189233,12.721915726556187,33.31493876659118,220.14471709250898,72.31195223946624
527,Mic,012_00531,185.67803139438695,22.22215024460708,16.138945817650328,123.4484994915079,47.88968856252182,259.4288824572175,352.24463765472245,186.3716938023442,172.35149777549714,445.37007387346273,83.18349897379264,13.535206526642012,179.22399134559805,17.43133561938329,62.98837963626894,638.3933800377563,156.29690554964148,304.715603781871,0.0,198.87419410022034,99.43427378682246,0.0,0.0,0.0,848.8991451708202,241.77724732029284,344.19485707077587,34.63188170006962,60.460444428258086,432.8153851479266,196.84920331854698
528,Mic,012_00532,133.98050370294686,6.1224291490243985,4.446444255883253,7.288140276102142,23.456173989806604,85.77036522054945,541.0584510119947,59.04939890370191,365.5417981314741,149.2687834379184,137.50741667096332,14.916350049768749,65.83738457593397,9.605021667823445,41.64945918806354,178.58979642500495,184.23734952803255,28.949054546483165,0.0,96.93946195936957,246.55641357344751,402.68813898760794,0.0,548.718060307328,0.0,0.0,309.7753713636983,76.3314943593371,66.62987753318237,204.85688951664025,108.46792835919935
529,Mic,012_00533,520.8630491063323,368.18062564360366,207.97232451381217,113.6287324865016,39.18247246024512,191.03399526395108,0.0,360.24801267930394,0.0,355.0021066817058,0.0,199.33667793781873,659.8701499542473,513.4320673345624,185.52940911046488,379.6878109944837,123.83247349934194,425.55110183330254,0.0,112.64901903578914,366.09891712420995,0.0,0.0,0.0,0.0,0.0,168.96838438019907,340.02211123704717,74.20145452558947,265.5912590680459,845.5568051637587
530,Mic,012_00534,318.83394284997246,119.60094151582545,8.68607715102775,28.474594567096744,0.0,111.70094075234348,338.89552590518736,135.41358616137103,203.02321483088716,306.4216886656204,89.53971318109241,0.0,192.91884782715536,0.0,0.0,216.72419270180308,136.29558154158568,169.6549243189246,140.19195810890116,139.96921302121308,107.03224155126404,0.0,0.0,0.0,3446.200155734755,0.0,86.44894084568324,149.11268665544924,32.54017274876349,346.42928348666146,0.0
531,Mic,012_00535,123.02593491161835,5.5214545086293665,4.009983470029683,92.01836005041847,26.442159328999775,309.4047530655404,480.20320601064554,0.0,471.86683937794413,118.6451679941196,0.0,53.808673799165796,59.37481921878708,17.324394910061923,12.520389571871863,131.77596244856753,226.12497867436673,156.64457736195186,258.88208215201996,243.2665932552011,148.2363713509071,0.0,0.0,0.0,24.10546214157281,240.29395132446282,125.43051846628273,11.473138722722451,30.044760728152788,198.53541970919522,0.0
532,Mic,012_00536,10.610173222536398,213.33264234822795,0.0,179.8820992590544,0.0,249.0517271589288,89.77562446421246,246.01063581909432,273.16086439890114,286.5061093783925,0.0,0.0,0.0,0.0,60.468844450818175,353.5717181747573,118.7065105440315,176.52490150122176,156.2880718177009,91.78808958471707,357.96338563256086,4333.240209341162,0.0,0.0,0.0,0.0,0.0,138.52752680027848,0.0,66.58698233045024,157.4793626548376
533,Mic,012_00537,10.934147977423006,0.0,0.0,0.0,0.0,0.0,231.29216226466949,0.0,466.4884554511224,499.66127120013255,205.73628753823522,66.95277732262613,0.0,0.0,0.0,340.07661442762924,137.01087323860736,51.97570709414382,161.06022668236355,37.836311737211616,245.92904356435477,0.0,0.0,87.96243714850296,0.0,0.0,113.50547958364517,0.0,24.92262594752623,0.0,0.0
534,Mic,012_00538,744.4572198575704,556.5771446132838,885.8370062937939,1052.560890401278,986.7796353803836,221.19725767404864,106.31323949709369,516.4457725628117,0.0,117.44430596988762,0.0,952.0949222556342,541.2092896554572,817.4378966773953,1020.4117501075567,491.9764368023761,328.94198842859254,156.78198488595356,555.2339393523586,521.7428250078655,317.9280069762876,0.0,0.0,0.0,0.0,0.0,342.383305191456,123.03431656603681,42.95873683060443,153.7633605130792,0.0
535,Mic,012_00539,29.15772793979468,50.38151620342215,56.547909391614496,18.173988474758527,17.54736680153471,85.55212001642593,192.74346855389123,230.47491905328062,316.35423990363466,162.7684444061038,0.0,0.0,49.25239456825595,0.0,51.9293511505118,170.03830721381462,169.63250972399004,51.97570709414382,161.06022668236355,138.7331430364426,122.96452178217739,0.0,0.0,0.0,0.0,0.0,198.63458927137907,28.55147498937037,74.7678778425787,224.15923059334776,27.047982135372866
536,Mic,012_00540,444.0691380201422,172.0274148306296,121.88854183959687,23.308457945949048,136.63631422034197,470.23752680357194,466.14266548725686,204.09655419193774,287.35103917287,308.62210007005433,125.64780264572873,30.66718122120289,78.95882136204669,39.494774410350956,57.085972033989194,285.57715698730397,274.93423980547715,230.13486159749692,49.18156106151427,179.0830559030494,300.3888550762748,876.6045378537315,1541.8989722712336,0.0,0.0,730.4039919046608,303.27658734907527,122.05921941842719,30.4416223694726,146.67761842022256,74.33466419022055
537,Mic,012_00541,655.946690346526,92.52306480348086,103.84732892946028,126.82726349628214,96.67451149069825,157.11207087128687,0.0,275.11597229981555,413.5706545104859,41.709192774352616,0.0,163.9404454068042,316.5732183581124,52.78273589420734,133.51181777108218,237.91741783721986,251.61342608772287,79.54226202491637,98.59294250182067,277.9377665929751,150.54534909780597,0.0,1030.3343599756372,0.0,73.44280988927791,0.0,69.48232628718466,174.7777207293233,91.53824296614776,109.21509718685998,149.0166866243206
538,Mic,012_00542,194.69152806401738,52.42701465475261,80.38135149955939,46.228980392104205,39.0556683422508,0.0,101.32443052392911,0.0,177.30830033104817,0.0,0.0,56.76902154863446,187.92418510023873,54.832550880390166,52.83685437450132,15.447308075596194,99.5751700097507,44.070017018335534,136.5623928504183,112.28445910363448,0.0,0.0,713.5648965527067,0.0,0.0,0.0,204.51189565758725,60.521735009830394,21.13180581958535,157.09356025533407,0.0
539,Mic,012_00543,487.3635583961739,112.03283214604814,330.8818725519098,112.61839995105552,250.37762484969912,69.75515179762529,0.0,494.85164673908736,0.0,506.1638414967771,111.8317579564681,72.7868367573778,200.7903637481804,234.3465867502152,50.80888382278292,237.67061553655884,156.92902182293957,0.0,175.0945202936898,133.68306823334314,0.0,0.0,0.0,0.0,0.0,0.0,138.820498370454,15.519681425757339,13.547153523344134,134.27914279086647,0.0
540,Mic,012_00544,263.7514731664501,209.06447864685583,129.61447986696507,20.233363939320398,83.02688215372055,95.24641123641753,529.3074176094678,684.2428191723458,408.91219644335706,876.5626009310594,76.3497271034244,0.0,150.79185674119722,0.0,185.00383004782898,283.9591560978575,245.14743962209337,77.15374084229848,0.0,119.35051875179926,182.53090485513016,0.0,0.0,0.0,0.0,221.91452728548123,73.7142526757809,211.9117973715308,46.24453256552318,188.44304631195408,60.22581857904553
541,Mic,012_00545,386.007081492499,124.27576673543066,119.37068833054951,31.81459897808508,111.3515252990485,187.2048060493062,688.3131118442124,403.459435135587,307.4037471775098,404.2106922616177,180.07652784527048,107.43758588185331,107.77389234590528,88.04959729345501,136.35791760902762,262.2257954391853,228.42410937648825,98.56862937786963,93.98169129349498,237.3406948950034,215.2563788881769,0.0,0.0,333.63035738062484,0.0,348.9346464667032,215.25593733958544,41.65081540765611,181.78530061948422,80.0823395510983,47.3490288605859
542,Mic,012_00546,81.01269446088261,108.30289830404172,36.181535569533764,97.98207360362593,8.29857419133952,161.838667467896,199.32133229419009,390.5731705857791,252.31104081404436,460.07264023342265,64.86511111313794,36.940852469824414,104.81691912630643,27.185332085103184,108.05804333268951,126.36678736209738,211.3575848386871,233.51540606015158,126.94879479777151,169.99021645111864,77.537195443876,0.0,151.61874026803258,0.0,28.369605264089298,94.26694119347158,174.45833188713692,36.0071549805778,86.4344259696397,186.05893257678156,140.70809479087472
543,Mic,012_00547,147.81248690855372,30.958130684747452,12.847711166876426,0.0,0.0,165.2185904985523,148.89077767406243,103.85528293457412,75.07369491903812,376.4758505865194,66.21978788085704,53.87477782103209,83.22686575999516,0.0,50.14308354336888,226.7376374535913,121.27313779903758,175.65745726780054,51.84002382159613,97.42617862554737,79.1565226214508,0.0,0.0,0.0,19.308060585141856,0.0,36.53370473085385,45.948933950952316,24.06533660289388,110.43295595344942,156.70550829289735
544,Mic,012_00548,364.72470452468866,116.66628878418715,18.156314044856618,26.45324989103741,0.0,233.48599421149578,121.57115812862102,0.0,190.23703056352045,185.95348445232207,249.5504969213779,40.60561957992604,44.80599783639951,52.29400685814987,37.79302778176136,220.98232385922333,189.9304168704504,94.56691151851167,0.0,252.41724635797198,596.6056427209347,0.0,0.0,0.0,72.76278387178459,0.0,395.8240856313923,0.0,30.230222214129043,108.20384628698164,49.212300829636746
545,Mic,012_00549,626.2758090445185,155.8436510660756,152.7959935203518,166.9646681434309,179.11987410397768,291.09942135459215,39.349705528145066,163.377783528029,565.5798231339029,428.2565096477721,116.67295959960526,199.33667793781873,199.0084579227095,122.24573031775294,185.52940911046488,433.9289268508385,173.43483683381223,184.22125620489285,228.34296207131626,59.00662901874669,313.79907182075135,1236.0587795662404,0.0,0.0,68.03792777621416,678.2322781971851,24.13834062574272,121.43646829894543,42.40083115747969,268.50984433252984,138.050090638981
546,Mic,012_00550,647.9028171810475,19.955589465777972,107.24705236252335,82.35113713307432,107.0350467206696,260.92448133612834,508.3470088148172,331.37796288270465,53.73230813801635,425.5077515627414,59.75932077052952,97.2374038721067,32.18878780264621,50.09093339849389,135.7532261783889,289.2859512338924,221.72586359710007,113.22867454544634,93.56492104385643,126.38670428405611,321.4527077188185,0.0,0.0,0.0,0.0,0.0,131.87776341869196,215.62377785763965,43.434997771076766,203.30437842356983,23.569527670069927
547,Mic,012_00551,133.83286678426595,4.545439822760539,39.61377609786898,72.14522697555657,13.06082415341504,551.8759863180809,326.4568162334998,0.0,215.51327937965254,424.4998735982302,204.1776792993092,0.0,0.0,0.0,0.0,116.51795258031775,127.87928635879756,146.14886325588168,0.0,118.90729787111076,81.35531491649111,0.0,795.4240729970649,397.6820285560685,0.0,0.0,140.8069869834992,28.335175936420598,82.4460605839883,167.98079633363585,0.0
548,Mic,012_00552,4.5472170953727415,131.42814573239045,62.250219582365546,99.76654244619824,153.24700340006981,106.73645449668376,115.42580288255887,124.60278957071012,334.48269110069526,798.1241618398078,256.68051111913155,0.0,92.17233840630756,35.858747559874196,90.70326667622727,429.33708635506247,144.48278140502117,237.7682346751151,66.9806022075861,243.89406661081964,51.13762651893725,1547.5857890504149,0.0,268.2621628169159,0.0,0.0,212.41739750653596,11.873788011452438,41.45859046509125,302.49514830118824,33.745577711750904
549,Mic,012_00553,116.13838257100653,0.0,35.331205708910176,145.85035075058465,15.53179088514221,302.9007492473458,618.7238983344372,272.00193149531316,110.7408909725275,620.9617859188653,161.87059259765056,79.01634080418039,87.19004984380445,0.0,61.28599099745085,133.7838933634217,152.0726648591106,184.02209809007678,253.44011646113665,186.05693834739947,241.86715245443298,0.0,0.0,1026.5806353497455,2123.8866643656042,0.0,256.75075824738957,44.92784652982005,68.63077475640107,156.56939088511274,287.2934318703118
550,Mic,012_00554,129.42551152777037,20.633783470548853,38.78570660425203,26.970542033208737,9.300222728257777,238.05180259459317,254.70730946269308,401.06987430937374,358.7851253327249,354.101577945622,18.17360328220419,29.571186207902983,88.10134166617733,19.04164781078957,5.504581254794642,156.63966206393496,197.5346774919494,224.97104776622334,28.454335394996125,132.01887733257013,130.3440514103728,300.54262120466586,212.39914558788786,0.0,312.6395541679106,0.0,198.02228729115708,113.49355702113172,41.82900605758112,191.544212152192,14.335612918680429
551,Mic,012_00555,0.0,0.0,16.759674502944566,4.5784470965257045,5.525733295675593,161.64414983872786,148.9066848084293,503.2035732663294,401.86165627915267,224.09778895536252,0.0,28.11158278610264,15.509768481830598,36.203543209488366,65.41100962227928,260.07919654200896,248.59882688932748,120.02723385041868,135.24929291916425,150.92080114410211,51.62933446623473,0.0,0.0,0.0,0.0,0.0,154.88768568184915,23.975918100048194,0.0,126.77137020604953,68.14010884103548
552,Mic,012_00556,572.3238634558115,0.0,22.83414168086771,3.1189421268908735,37.642549961807546,293.64177437952304,597.6057534612833,688.8834944060884,289.8606552355152,243.60718487203764,117.69193741270225,38.300497071021944,42.262425906822244,0.0,35.64757205615919,305.70829781048883,216.93744394182173,89.1984842270678,46.067444749759005,308.4320302857633,246.19752505296216,516.9882657744835,0.0,0.0,51.47410911453758,171.0389260519102,162.32770551809517,73.4982292848639,142.57048031117628,286.5566422998197,162.46506300089686
553,Mic,012_00557,363.7178490814506,131.93674543133207,23.9549274309103,29.9157171542622,18.05265746859461,792.1409646547081,692.7058981891785,446.56023910284205,620.5879772712507,654.244720167332,70.55354363222202,11.480122813172807,101.3413144781392,29.56938607685961,96.16445812531948,316.5485016119555,231.5709205691421,409.954988153548,0.0,116.77751711563481,210.84230829142982,0.0,0.0,0.0,0.0,205.06761291040542,282.20374145174605,195.82425254489627,34.18705758247054,192.96279958065034,222.6148058471526
554,Mic,012_00558,1411.4118233100858,8.780459364942308,0.0,0.0,42.049482640263065,82.00483699135461,182.28831064989478,611.208242650322,35.97728457936747,166.90459092305983,0.0,42.78445770372694,70.81533316582166,0.0,39.82094634566075,807.178361491641,387.7359973672365,116.24810586665826,102.92141314824207,217.6049343325488,157.1546571069779,0.0,0.0,0.0,38.333564186110905,382.1259908867067,271.99788705105215,72.98035558258573,95.55699509636887,342.0297189949469,103.70592174830767
555,Mic,012_00559,216.88934536919828,176.02466644860687,24.74298948699703,0.0,0.0,212.12607675997089,191.16260729761325,785.7595229237635,159.5387473010256,229.94878834482728,255.06107571774902,55.336364853400774,45.79540472868593,35.6325094049223,12.875858045521218,481.8390607302686,218.39002192201633,118.13405981492309,66.5580116573805,140.72243387436117,152.4449749539297,0.0,0.0,666.4241426445466,0.0,0.0,152.4446622483815,271.3741140156875,20.598511035494862,181.48628622558044,0.0
556,Mic,012_00560,523.6633880800223,58.06432805848946,14.056501196018026,30.71990309926925,389.2968231534031,361.5267007145741,152.0393640119727,0.0,113.2925244050742,0.0,579.6011541399745,94.30982612111855,208.1310867239203,0.0,87.77735484796187,102.64985366363922,441.1287101507235,366.06546394262585,0.0,319.7778604886918,0.0,0.0,0.0,0.0,0.0,0.0,199.8550782991602,402.1766907104859,140.424258026922,560.6194318789521,571.4976870538461
557,Mic,012_00561,286.4746770084828,242.9992129247784,261.4509222459353,335.6917411172647,499.9683485927278,252.16487374841543,674.1588299609454,0.0,86.92368934979318,360.7497598375048,0.0,361.796070457141,314.5381048115246,720.0884744367237,397.96058254194713,477.3218195359224,219.54769125118625,110.64328647665867,52.74722423847406,167.28379326814687,201.35440441831548,0.0,0.0,0.0,0.0,587.5187109883116,120.81239483184234,158.96033700331952,32.648639991259365,116.86015398994019,186.02249713602689
558,Mic,012_00562,70.39441849567419,103.84581748922152,92.17820976619514,91.56894193051411,81.04408833657538,107.76276655915188,343.13279542811966,199.99116373405397,234.1378837704867,483.16119037184535,0.0,46.852637976837734,124.07814785464478,84.47493415547288,43.607339748186185,261.7790605716953,208.19295695414752,174.58506741879077,45.083097639721416,222.40960168604522,172.09778155411578,654.7478338290216,0.0,0.0,0.0,502.1527444344543,63.54366592075862,55.943808900112465,48.8334358843623,238.17651372045665,136.28021768207097
559,Mic,012_00563,155.51482466174775,0.0,0.0,32.6508684369376,0.0,96.06280904701539,375.1338593683163,284.66945001923773,198.68271851381297,790.5679567573006,0.0,0.0,0.0,0.0,0.0,272.7553254490985,293.0355003144092,369.621528449497,120.56508397365499,226.58545543198727,0.0,0.0,0.0,3753.231532502123,44.905032332301346,447.6333036101421,148.6921782545752,21.37281842061439,74.62546283716425,236.28866301262633,121.48407976230327
560,Mic,012_00564,401.0645478118758,129.59958022654848,62.74822133902447,79.99462767049712,0.0,0.0,0.0,0.0,286.5847697350757,0.0,0.0,140.33302126822437,232.27429278389505,90.36404385088298,65.30635200688363,254.57163708582527,230.76545649759723,81.70581155199409,506.373352689351,257.74095555388556,128.8668188277219,0.0,0.0,0.0,0.0,0.0,59.476871301830066,149.60972894430074,0.0,690.3738328021082,255.11656750083688
561,Mic,012_00565,751.833993958914,138.46108998562872,239.56475907150178,145.43302541905183,144.31915195764492,304.27134087289943,239.9263719419705,280.06352720252715,343.26096987166375,831.3214599044987,365.8568371155042,248.04337752443507,405.07865917251684,242.77670152245148,424.78679189997837,701.9438522587094,411.87399224055815,469.8392255535105,381.88035647764025,487.8059331097294,364.44236093812754,0.0,1140.2278114274666,0.0,2364.625854150031,0.0,420.5095538873732,110.00715363551527,29.546280535076345,126.09344844024174,288.593402150268
562,Mic,012_00566,0.0,25.531832195931532,4.635654649750625,5.065515936581631,36.68146357980394,59.61344533059466,300.84384793858425,0.0,0.0,100.23024693884028,0.0,0.0,17.15974385223811,0.0,0.0,355.4524188033464,109.10896288302469,60.36185841607128,224.45627335520874,61.51754940252315,285.6090842812985,0.0,5361.496730329151,13.620661071458494,0.0,0.0,276.8205446228793,26.526547685159706,23.1550638235882,280.51537237083295,0.0
563,Mic,012_00567,186.40475558771138,24.657454381002374,0.0,0.0,0.0,345.4313339019389,1155.2462634393091,0.0,736.0910181551602,733.6247057845035,0.0,60.0740673237262,0.0,0.0,27.956486304316623,239.75068561165054,100.98183979156651,233.17868593605618,0.0,203.6941166126598,220.66236100637312,0.0,0.0,0.0,0.0,0.0,50.921978854306566,0.0,134.1724931147645,320.1648054518909,0.0
564,Mic,012_00568,854.8034717188598,14.516082014622365,15.813563845520278,5.7599818311129845,6.951728984882199,542.2900510718612,643.452308407813,176.52705997649457,484.3255418316922,335.9159719138721,217.35043280249042,88.41546198854863,0.0,68.31958960500225,16.45825403399285,295.11832928296275,250.71963799582136,233.36673326342395,170.15233625314212,289.79868606787693,454.671235783293,954.760587599651,0.0,0.0,3041.9538031558977,0.0,209.8478322141182,45.244877704929664,105.3181935201915,253.72862218659472,342.89861223230764
565,Mic,012_00569,415.1806913166417,166.95598096817838,30.31315040532583,57.967121500360236,69.96058850872753,487.27511835442596,503.5241546036263,153.14891360279591,326.77504647967925,728.7220608102592,234.3604666739897,38.13397317071315,140.26225409655498,16.370297799073,35.492582612436756,258.26108110156184,319.5785709950622,49.33925818357131,0.0,287.3366282652013,93.38175277371151,0.0,0.0,0.0,22.77791495116735,2270.603713964489,204.72111498818322,162.61927059163125,18.92674782101992,192.81274013947765,30.811179649859525
566,Mic,012_00573,50.92883146817471,11.999961132087824,14.525051235885293,95.23169960773467,114.93525255005235,261.50431351687524,231.172232995347,70.44850025728611,559.5895422114633,300.83141484731215,59.89211926113069,58.4720921950935,64.5206368844153,25.101123291911936,9.070326667622727,190.92872781436895,169.51289705687697,393.3983519170086,234.43210772655138,203.7695588780719,107.38901568976827,0.0,0.0,0.0,1920.9374942151132,0.0,223.03826738186277,24.934954824050127,36.27626665695485,259.68923108875595,0.0
567,Mic,012_00574,838.4624692931202,241.46263253591349,183.33448816025953,60.97151499275696,21.024741320131533,512.5302311959663,788.2737757833289,0.0,674.5740858631399,0.0,328.6762642379124,0.0,59.01277763818473,206.6251002687873,0.0,727.6247249023206,445.5837066518646,166.06872266665468,0.0,181.33744527712398,294.6649820755836,4161.495932751421,0.0,1475.5162475337295,95.83391046527728,477.65748860838346,226.66490587587677,478.93358351071885,59.723121935230544,548.1245496713892,0.0
568,Mic,012_00575,471.2570444295387,7.792182553303781,62.250219582365546,43.28713618533394,0.0,582.1988427091843,0.0,0.0,369.4513360794043,643.9947513500331,233.34591919921053,18.9844455178875,146.63781110094385,24.44914606355059,106.01680520597992,123.97969338595385,172.04735813914178,162.11470546030574,0.0,128.74173604090186,278.93250828511236,0.0,0.0,0.0,4422.46530545392,0.0,209.19895208977024,145.72376195873449,28.26722077165313,716.026251553413,46.01669687966034
569,Mic,012_00576,95.2030648668674,38.0663419597952,15.797638806400924,0.0,5.208546188068838,50.78849420914712,570.5905437057007,0.0,57.29658182903149,206.73982561466624,0.0,0.0,0.0,0.0,36.99377946009269,9.613732518346875,52.28824542996916,20.570446010069006,0.0,44.9234758692573,48.6657170799554,210.39685953857605,1141.9502099341546,0.0,878.4292578599735,0.0,101.07474352652392,79.09879929079344,9.863637459594974,141.22072989720868,0.0
570,Mic,012_00577,298.10816643014704,146.19241988330342,119.44458376717856,137.77174816347403,201.28254888207135,85.33498265597815,30.760683509311374,666.6808762564059,0.0,324.71065305380097,0.0,289.3923344681023,368.45541368003654,229.3503651037639,103.59510153376212,589.585327007146,263.5646076749207,328.34399735361416,535.5048146037976,389.9828983878588,572.3780024073942,0.0,0.0,0.0,0.0,0.0,94.34782884173552,37.97201242241135,66.29165480458754,492.8112702426216,53.95866486904333
571,Mic,012_00578,0.0,68.47803906897941,156.3021817774613,108.68835281317544,74.95777340220806,0.0,186.62595846500685,139.4749034596891,0.0,0.0,0.0,23.83373323169572,420.786762289665,306.94308373261885,266.19436959327567,51.88280647129591,303.0886883347065,55.50666545651772,229.33575755858288,94.28233114951918,0.0,2876.4909774741404,1883.080033682182,0.0,0.0,0.0,0.0,20.327408823953906,53.23147824661853,0.0,57.77096184348662
572,Mic,012_00579,511.1017475863485,191.60357729645474,213.62931427891263,370.50413865378033,129.2375403486346,252.0388543212548,658.6798534059066,518.2921361828609,200.614393665417,196.26874520904758,80.81395402551368,249.84327249777579,348.23732051558477,177.81530367958607,195.82114544792694,93.0312391899099,229.68908921758177,188.85026408194534,94.8975548518274,256.37362952972705,169.0531731248226,877.0426210810447,236.12288823601025,650.7286142475209,1260.6397757456411,469.7800787512736,111.46340198993641,168.22683164651508,44.053637169615335,199.46145531670103,31.873634120544338
573,Mic,012_00580,315.96471728876776,0.0,38.44866503616696,0.0,0.0,82.40682148641027,168.32929587039834,466.2033105261581,242.7458942032252,0.0,132.11496895837652,128.98255631270627,47.44164476795242,0.0,60.02422059456217,467.9625681724729,163.39602039590218,100.12967101960061,0.0,133.63265983657337,236.88753460978293,0.0,0.0,0.0,3543.9755909316264,0.0,0.0,73.33810242367683,0.0,26.438948866502308,0.0
574,Mic,012_00581,0.0,0.0,9.683367490590195,68.77844971669727,0.0,62.2629317897322,0.0,0.0,66.33906706830457,16.529198617984186,0.0,16.242247831970413,35.84479826911961,0.0,45.351633338113636,218.03589287443367,40.360213584970715,138.69813689381712,0.0,27.536426875415124,0.0,0.0,0.0,369.876618429384,0.0,0.0,123.9101485454793,138.52752680027848,0.0,186.44355052526066,39.3698406637094
575,Mic,012_00582,0.0,163.63583361937938,118.84132829360695,43.28713618533394,378.7639004490362,254.7119936852681,826.3438160910465,263.0382314801267,0.0,135.23889778350699,612.5330378979277,0.0,183.2972638761798,42.78600561121353,92.76470455523244,180.8037195211827,165.10996466578925,206.32780694948002,319.6801468998428,112.64901903578914,0.0,0.0,0.0,989.3552905541216,0.0,1186.906486845074,168.96838438019907,56.670351872841195,24.73381817519649,217.92103308147352,80.52921953940559
576,Mic,012_00583,55.7034094183161,0.0,0.0,71.42377470580101,0.0,186.78879536919663,145.8853897543452,167.73452442210979,316.086143090157,0.0,149.73029815282675,24.363371747955625,107.53439480735882,0.0,0.0,477.3218195359224,85.46868759170268,151.30705842961868,0.0,68.8410671885378,268.4725392244206,0.0,0.0,0.0,0.0,0.0,0.0,187.01216118037595,18.138133328477426,79.9043787965403,0.0
577,Mic,012_00584,17.793458199284643,0.0,0.0,0.0,0.0,104.41609679023414,740.2306923990188,0.0,0.0,203.27834325222787,0.0,0.0,0.0,0.0,0.0,0.0,211.0174119111914,190.30856727948932,131.0490043191902,61.572134628257416,0.0,0.0,0.0,0.0,0.0,486.5579387066762,392.5104084359904,162.61927059163125,0.0,55.8338050596943,0.0
578,Mic,012_00585,0.0,148.453127407272,94.3379616351313,29.45310297146433,222.16865827974038,173.30919157966696,83.29697115236206,0.0,266.12063593501193,329.7319518123649,416.77505671405385,0.0,74.83063556182186,291.1212752927931,231.43359280789946,861.1476125648085,158.60168831449982,596.6489675188571,543.7858168914852,153.29557229612544,332.130976360108,0.0,0.0,0.0,81.01423358920346,0.0,268.25908447990366,134.95722971779708,0.0,296.5523336778815,54.79307721237905
579,Mic,012_00586,149.77689298676194,34.46233314811672,32.72949689382106,117.81241188585732,86.32839293155627,247.58455939952427,229.06667066899567,80.03827085826742,271.5516693214407,265.10010743718374,39.6928625441956,25.834503178980924,21.38018158909196,66.54200578120985,6.011262150854531,182.77418715661238,167.09820733134802,120.33256487775272,31.073475250942007,102.19704819741695,71.17092350573743,2071.804833942308,0.0,639.2282558219388,0.0,0.0,49.2720767412068,104.66070876074059,81.74180852008972,129.74164598407316,15.655164917822587
580,Mic,012_00587,117.81426110738468,0.0,28.295554355620702,0.0,0.0,436.64913203188814,594.6177724253032,0.0,232.61750790184715,206.07832043201063,116.67295959960526,0.0,0.0,24.44914606355059,70.67787013731996,20.66328223099231,102.67342340561686,103.16390347474001,91.33718482852652,128.74173604090186,0.0,0.0,1363.5841251378254,0.0,0.0,1017.3484172957775,177.01449792211332,16.191529106526055,28.26722077165313,241.2697151973457,0.0
581,Mic,012_00588,398.6540812739404,43.68917887896051,21.152987236726155,0.0,30.68659655462563,136.0112587639781,547.4787778309072,503.2035732663294,422.81210078942263,235.9021550333665,0.0,42.57676616147585,78.30174379176613,27.416275440195083,6.604606796812665,208.5386590205486,178.40551293413665,93.64878616396302,68.28119642520915,208.52828119246405,52.1305901406642,0.0,407.7513694586895,37.29151866166307,0.0,507.0280137978956,162.40650537514279,114.99129651867776,52.829514548963374,183.27582029788977,172.00415823950706
582,Mic,012_00589,496.1449885567656,102.15231100700983,86.97975886851076,89.45443407380164,97.8411641081659,361.8804450401265,43.482323003703684,372.232780224408,696.9153057043253,614.2651306370249,105.48514155580749,60.0740673237262,217.80449828887745,55.261768499806124,55.91297260863325,523.0924049708738,283.5018110918514,413.0593865152995,41.28941231974486,223.09355629005597,315.23194429481873,1417.3584134551745,0.0,1601.054066376176,0.0,0.0,210.96248382498433,117.11133381158571,38.33499803278986,228.68914675135062,187.21861607204272
583,Mic,012_00590,247.76188281814726,48.64849107603171,7.066241141782035,38.60744578691946,0.0,272.61067432261126,161.05019118411087,367.2026075186727,14.238114553610677,192.98956224240993,145.68353333788548,23.70490224125412,39.235522429712,30.528393192865874,0.0,215.00982861978483,181.9097066985564,138.0165735675576,0.0,147.35709517114037,0.0,0.0,170.26374751720957,0.0,0.0,211.71845441020238,50.233844004924045,121.3051856305141,44.119783771972116,155.4896019824568,0.0
584,Mic,012_00591,0.0,93.10314671447449,563.4718151852053,73.88666348875967,89.17390284055787,0.0,0.0,0.0,0.0,0.0,0.0,75.61046404537952,250.29557412057662,0.0,422.2393448720925,740.671788935052,254.19566568221916,117.39340740229034,363.7739602653383,128.18681476486353,277.73021299077993,0.0,0.0,0.0,0.0,0.0,0.0,64.4869521311641,0.0,0.0,366.5467923862599
585,Mic,012_00592,235.2974759823267,199.58867591357568,241.5870944777636,155.4603720495874,166.38470851701624,483.2728586554163,365.00151219536065,40.29761675028099,138.4634713057498,415.43612132264155,166.02538193537256,351.19275086375455,317.9661776644696,231.94056429898095,276.5797762098511,189.49120830310403,381.71333780688565,237.67946550032505,259.9452529206114,208.6435629779914,496.1504831662804,2230.8115480767788,0.0,47.32270745976955,32.272610505760724,321.70771306683724,221.35899226810474,92.16205068437417,140.78468990070775,188.27571800622175,152.7905520624451
586,Mic,012_00593,0.0,151.80673721315918,5.250018518994684,0.0,6.9238103945814675,337.57011211300596,121.683828340047,424.3885557667838,579.7028327088556,0.0,0.0,0.0,38.86785354482849,22.681737914378257,65.56862651293537,178.91580919686513,211.09736091926564,41.01697367067977,338.93798707453215,109.48217914321675,258.76871250546566,0.0,0.0,370.2194141832574,0.0,0.0,104.5025349178741,15.021057122921762,26.223807221895072,93.86357750195998,42.690188671492116
587,Mic,012_00594,77.42558838067102,0.0,70.66241141782035,141.56063455203804,62.12716354056884,201.93383283156393,551.9987720434684,516.803669841095,332.2226729175825,263.5737076921803,80.93529629882528,13.169390134030069,101.72172481777187,16.96021844048104,12.257198199490173,143.33988574652324,179.0222510366745,327.150396604581,0.0,104.19188547454371,145.12029147265977,0.0,0.0,0.0,47.19748143034677,0.0,279.0769111384669,202.1753093841902,9.804396393771581,70.18627867263675,255.3719394402772
588,Mic,012_00595,164.64061897039238,33.10334105403537,105.18140550123832,95.23169960773467,63.41255313106337,115.9378729877772,448.10419452395695,343.5665776094248,339.09624546070484,17.099170984121567,123.91472950578765,40.32558082420241,122.3667251256152,116.85005670372797,18.766193105426332,299.92635403789757,179.7789635549608,133.04586172259573,242.51597351022556,262.07082129705424,111.09208519631197,0.0,0.0,0.0,0.0,900.4118176066077,307.6389894922245,154.76868511479387,75.05434480749278,272.7770172709479,268.8009810832572
589,Mic,012_00596,240.47144420420082,144.525079328065,214.69510038443593,302.3780243019313,157.30189673821036,429.4778871627513,294.88343802113576,0.0,626.7888238892408,504.92478989973586,295.0889087683447,144.04621252440916,158.946824441534,123.67341767912816,89.37913139628235,470.3536177908724,416.425904871982,484.56913785397944,154.00649412693159,135.67217621098692,293.94803564717586,0.0,0.0,1920.5132110756476,1634.77261866681,1143.5887318507282,420.57094214341515,81.90313628337633,35.74668612181682,459.3043671698941,77.59019692847838
590,Mic,012_00598,85.26032053823891,505.7126477094153,192.9756807053332,465.95510165213034,287.3381313751309,280.1831930537949,88.97405638863911,165.33831693036535,205.70685502692757,7.083942264850364,64.17012777978289,302.8019060103056,449.3401497307494,255.49357636410363,340.1372500358523,481.1100879449376,407.5024926247253,340.44088146664205,100.47090331137916,483.85435795372285,460.23863867043536,3150.442499138344,0.0,0.0,411.6294630460957,186.5138765042259,123.9101485454793,106.86409210307197,69.9613714098415,338.16674597821515,25.309183283813184
591,Mic,012_00599,294.81281729563193,0.0,24.460065490783965,14.849017610353638,3.5842594350328176,174.75043225808415,279.26565094506833,182.03206184686343,63.52389570072456,395.8760251126358,112.06425641375806,36.46908037116018,80.48312293274257,23.48337937912759,0.0,301.0137600676988,87.9563417004009,14.155546006928983,43.86463554135057,108.19926568510307,66.97859606430453,0.0,0.0,0.0,0.0,325.72069909261904,108.19597170291333,93.31168125424163,61.088931376576774,26.164115718201863,66.29848427776427
592,Mic,012_00600,525.2738923056863,55.66992277772701,17.327380708493504,23.141723763293406,43.16419646577813,198.06764751961938,475.98269229921186,544.7048988965421,426.72405179083546,159.93642845383815,0.0,45.21038056321662,156.78799832000772,41.58875361325616,54.1013593576908,463.9652443206314,204.86051407289563,205.56813166616087,0.0,91.24736446197942,308.4073351915289,0.0,0.0,690.1402407989074,983.7442650117565,0.0,131.39220464321815,192.7960424539958,120.20854194130841,235.6531937261737,31.310329835645174
593,Mic,012_00601,187.271431966676,0.0,0.0,15.14284976094721,6.091974516787227,118.80559422775755,656.6626948442395,0.0,260.61283882580676,346.93794979090484,0.0,61.98455003013444,102.5946522897063,0.0,28.845561840496302,252.9974308494288,144.96455845942504,96.23770500823802,0.0,166.38618359349772,0.0,0.0,0.0,0.0,0.0,276.80504640203134,118.21816292324883,92.51485005389623,57.683109525193224,222.34875725185685,112.68399624595268
594,Mic,012_00602,14.728775167531245,13.881703109099023,53.768827197107505,14.688694026899947,4.431950612469885,345.7273333311608,327.1386829769181,100.8994311433771,368.36088654894047,248.57535196711433,346.4197129499847,225.47079252606747,398.07076741027424,58.0745783103361,52.4633290543731,122.70483792697232,88.98410918930485,52.510161665805974,0.0,191.12687034349827,124.22893845860081,0.0,0.0,246.85259782463342,3050.425396866486,0.0,19.112105174109917,124.99527482492994,117.5015321022188,217.22077269239426,27.32611048637927
595,Mic,012_00603,135.34236709062176,56.692729757895215,0.0,157.46973950885263,0.0,132.3700124663598,0.0,0.0,0.0,0.0,0.0,69.06152621467736,342.92464485811274,88.94098804220765,0.0,0.0,136.27881289228185,402.09552929130956,0.0,58.54200989261483,0.0,0.0,0.0,3871.27072468792,0.0,0.0,175.6206829778447,0.0,0.0,495.47006537224786,0.0
596,Mic,012_00604,737.0060731177535,78.48811786976046,3.80015875357464,0.0,0.0,195.4766463166011,161.47868499195187,377.402679949747,352.2277757303106,12.973498915278284,78.34724903345584,624.6655198167691,1688.0399184876094,394.0292609776874,498.3406221455509,393.1429715169903,212.42944154333077,267.2065058023062,0.0,187.31174095485866,187.30642271471206,0.0,0.0,0.0,0.0,0.0,237.7345873256289,173.9648010980241,9.490883718389348,141.11020383400646,61.80149406512521
597,Mic,012_00605,58.384784716402734,102.71705860346913,10.656966939372362,19.408634430924184,4.684860837638004,274.09225407436463,343.06242364890966,28.71542130052423,440.91726481779153,185.95348445232207,146.47529167124355,83.41806631093502,131.4958632155203,46.04146255989282,66.54859239831892,285.3554355921275,198.5753475296353,212.77555091665127,0.0,47.14116557475959,262.63617967606365,0.0,0.0,0.0,42.70859053343879,0.0,90.9123372480419,121.96445294372344,26.615739123309265,205.18923359437656,28.88548092174331
598,Mic,012_00606,223.28173355072923,0.0,42.29353153978365,33.61118809684753,30.424037439719747,0.0,243.58239284775286,239.76170255630984,154.94418778929267,188.14117250470233,0.0,116.08430068143564,185.02241459501445,49.83311241776635,108.04359707021192,224.62203272278703,180.9925149000763,110.14263812156067,0.0,131.20297511227207,47.37750692195658,0.0,0.0,0.0,92.45153715473806,0.0,131.19898081286047,187.01216118037595,76.8203293911985,248.52611934512166,31.264285232945696
599,Mic,012_00607,391.42084581357045,0.0,0.0,0.0,0.0,266.3127379521219,593.985752952574,388.61266054231373,273.3154108568354,8.837393320506395,213.47686073274306,52.10384453028133,172.48091048309038,100.653019140835,40.41234653891314,182.7370662249736,153.58977027617857,107.86245749438163,41.77997959483094,98.1496403480143,95.6931822978133,0.0,0.0,859.4771994120721,31.122299636248457,310.2409034921777,220.82996770481463,244.41193342385768,51.720617807935625,103.24278646483673,42.09844348198629
600,Mic,012_00608,320.6806085915852,75.22363694741621,3.9022525708348548,4.264105952585134,102.92709183586777,100.36412885509071,0.0,0.0,163.54705911132504,88.81360451454188,0.0,78.54460145609575,115.55934964372888,16.85896340501548,36.552062690419945,75.9915334584553,143.51085603084405,182.92345869849422,188.94528085423548,177.54830462954232,144.25390167282305,0.0,0.0,0.0,0.0,233.83829293067126,155.350036982392,178.63848232155314,0.0,225.40190436635993,95.19274906747646
601,Mic,012_00609,267.05266500790765,15.254187879772655,0.0,42.37003584242432,29.220826919504837,213.6990455495046,239.6552686968383,275.0561904718495,258.9406256953264,308.8718894292807,0.0,18.582232689118698,82.01775875137537,71.79346704254475,69.18045763441063,161.80400662234658,277.0489237612396,173.10553294914,89.4020749804645,199.5224150718638,273.0229212451735,0.0,0.0,81.37767843540881,0.0,0.0,157.51290069340592,0.0,55.33667795128706,144.74204209966516,0.0
602,Mic,012_00611,283.8938240624604,502.7010744523276,317.98085138019155,604.8499839950716,232.97686327713313,530.0763111828552,677.8666239105231,1210.4085951541435,484.095894822763,489.17493207277516,0.0,414.8357892219471,457.7477616799734,279.84360426793717,330.94435138623464,508.85659440015746,404.24379266345863,306.70349681679465,0.0,368.392737927851,435.3608744179794,0.0,1276.9781063790717,415.246099692032,70.79622214552013,705.7281813673411,351.6369080344683,151.63148203814265,29.41318918131474,364.42875464638314,47.88223864505196
603,Mic,012_00612,154.6312177034424,143.18135441695696,148.55166036700868,89.27971838225125,313.459779681961,286.55099289592664,0.0,0.0,454.97247869037756,143.69132889497615,0.0,274.0879321645007,247.45130623284277,160.44752104205074,185.52940911046488,370.6476250184246,131.11673664636209,96.71615950756875,0.0,168.9735285536837,91.52472928105249,0.0,0.0,0.0,0.0,0.0,147.8473363326742,42.502763904630896,55.651090894192095,0.0,0.0
604,Mic,012_00613,405.83912576201726,0.0,43.57515370765588,119.03962450966834,0.0,420.2747895806924,378.74091570839624,0.0,0.0,1066.13331085998,224.59544722924008,36.54505762193343,80.6507961055191,0.0,102.04117501075568,795.5363658932039,309.8239925199222,56.740146911107,0.0,227.17552172217478,0.0,0.0,0.0,0.0,0.0,0.0,340.75290850006814,218.18085471043858,136.0359999635807,194.76692331656696,177.16428298669226
605,Mic,012_00614,0.0,0.0,10.93936913162909,107.58392842714795,57.70807659416855,281.3555076690828,418.35816630550886,189.49088533041692,308.5917714966666,460.6044468442455,0.0,0.0,141.7294324866863,0.0,0.0,199.71624248364952,155.56016360832913,71.22194172942302,176.55974640493412,62.21619461390865,336.9948191101514,0.0,0.0,0.0,0.0,0.0,0.0,15.649553236851544,68.30259412397356,127.88043886894,0.0
606,Mic,012_00615,567.5441714318997,353.206403133151,54.26339895670355,86.2475770032314,162.64422530667787,253.75081635060673,118.14810955431733,478.51811495515085,0.0,836.4398244044072,101.70359874531628,347.52281210291414,73.04223043518712,106.5613724656639,30.80488302211492,66.04452848924713,212.86541060575007,115.62143144150106,79.61845168071557,177.68788663003718,243.14494118438094,0.0,0.0,0.0,0.0,0.0,182.35833182164882,98.79887760472691,73.92144903681366,61.059006438865694,0.0
607,Mic,012_00616,579.2686483627408,0.0,240.30415647604343,31.510488840794558,304.2403743971974,247.22046445923084,1812.0153614284056,377.402679949747,356.3716319153731,0.0,0.0,32.245639078176566,284.64986860771455,0.0,90.03633089184324,269.0784766991719,292.22749801574815,425.55110183330254,0.0,236.8942606193801,236.88753460978293,0.0,0.0,0.0,0.0,0.0,81.99936300803778,247.5160956799093,48.01270586949907,224.73106536526956,390.80356541182124
608,Mic,012_00617,0.0,55.95836797346653,155.78681895483192,155.42997604371206,151.8574580324526,696.8286666622879,706.4597391451952,211.1890644278377,131.02016293892518,1634.0782882442395,0.0,22.722315619854985,175.50950447833176,117.05187027316448,42.296860108085255,296.7804059290709,195.95800134367065,70.55769564075483,109.32067199683743,154.08984987278927,584.2407589339724,0.0,0.0,1751.3488349705387,0.0,0.0,19.26064485162891,155.03598854331685,67.66557511141838,242.1972103418449,110.15395833369469
609,Mic,012_00618,0.0,350.298266580408,199.6107340500404,201.01301863309266,263.2499047927846,503.3231012942424,99.78802569562535,235.02921386092032,268.1369477311711,832.8934513193827,0.0,393.898824667546,405.6686750217728,287.46046883701547,391.0560000412193,276.2940671964421,610.3078440305716,214.04965601196056,252.68131371724098,526.81966387396,626.9717981887668,0.0,0.0,0.0,0.0,0.0,434.0565083778766,190.37166108181984,87.97537722195638,387.56016062992603,31.825919099405795
610,Mic,012_00619,626.0704861774789,0.0,8.657315306156796,0.0,22.83481838742762,111.33107008760064,300.986158178858,339.9123475044079,0.0,187.18496448180767,0.0,29.042429898225247,0.0,74.80467206198922,135.15387418643135,0.0,178.29560656547247,112.7287686975636,0.0,32.824879719037895,0.0,0.0,0.0,0.0,0.0,0.0,0.0,123.84911336448738,0.0,35.71884482626801,70.39640383577176
611,Mic,012_00620,37.97959733067006,0.0,0.0,81.16338034750113,39.18247246024512,382.06799052790217,539.418879948322,0.0,514.8372785180588,0.0,0.0,0.0,54.989179162853944,0.0,0.0,180.8037195211827,162.6818769501159,103.16390347474001,0.0,262.847711083508,183.04945856210497,0.0,0.0,0.0,0.0,0.0,140.8069869834992,85.00552780926179,24.73381817519649,74.91035512175652,0.0
612,Mic,012_00621,416.44929898455365,56.66648312374805,43.57515370765588,23.807924901933667,51.082334466689936,311.314658948661,228.1797121798733,150.9610719798988,111.21549479098118,355.37777028665994,149.73029815282675,81.21123915985208,89.61199567279903,62.752808229779845,22.675816669056818,262.23235764627833,216.04584919013735,138.69813689381712,39.07201795442523,156.03975229401905,149.15141068023368,0.0,0.0,0.0,43.657670323070754,0.0,103.25845712123277,90.042892420181,84.6446221995613,146.49136112699054,78.7396813274188
613,Mic,012_00622,0.0,399.9987044029274,0.0,507.90239790791827,0.0,373.57759073839327,67.33171834815933,0.0,70.241365131146,0.0,0.0,584.7209219509349,107.53439480735882,0.0,90.70326667622727,813.2149518019419,341.8747503668107,0.0,0.0,165.21856125249073,357.96338563256086,0.0,0.0,0.0,0.0,0.0,743.460891272876,831.1651608016708,0.0,159.8087575930806,0.0
614,Mic,012_00623,238.72889750706898,37.49987853777444,4.5390785112141545,0.0,65.84832177346749,175.11449565862185,245.48022314433092,283.05200996231025,0.0,449.387587426445,0.0,15.227107342472264,100.8134951318989,19.610252571806203,0.0,66.294697157767,193.63999532495137,153.67123121758146,0.0,137.6821343770756,55.931779005087634,0.0,0.0,0.0,0.0,815.9982097059883,38.72192142046229,142.85651201278716,45.345333321193564,12.485059186959422,73.81845124445512
615,Mic,012_00624,135.1295646266428,0.0,6.16629533598904,202.1427586013236,0.0,396.485650547823,300.1343105613707,348.9194588214643,342.92364580535906,161.39359027937388,0.0,82.74352669117005,228.25697010995975,0.0,57.759155666465475,382.75806283540936,145.13550723119323,112.40972501257048,99.52306460089446,198.72987320464685,455.89676472071426,0.0,0.0,0.0,0.0,0.0,70.13781993140338,317.5678208723365,30.800603765339027,93.28459317048926,100.28166961510885
616,Mic,012_00625,694.8079852817679,53.73116924815442,43.900341421892115,26.65066220365709,0.0,250.91032213772678,56.52849488185019,354.87117666916515,554.3301763148277,416.3137711619151,301.69537687509865,0.0,18.056148381832635,0.0,15.230026121008308,510.5681154239965,265.49508365706146,114.3271616865589,393.6360017796572,110.96769039346393,300.52896181838133,0.0,2233.1234049365357,0.0,29.32231588862961,0.0,180.31700721170498,97.69292001959937,36.54698506484257,261.6272104252392,237.98187266869112
617,Mic,012_00626,364.6638663754769,8.256853989968684,62.96409824730092,58.97375893139533,3.9541944684651043,308.4585611601412,442.44351620980854,283.9176124392592,408.3987628611356,102.35971621228738,247.26104282118177,20.11654547996336,0.0,25.90712266367058,9.361575689060153,222.60421247470387,219.06251922873332,117.12415646788143,0.0,153.47136997077695,221.67457367153995,0.0,1083.6740811015059,0.0,36.04761769794833,0.0,153.46669773981384,102.94247404424362,67.39398163333355,218.54580668549153,73.14121774679957
618,Mic,012_00627,0.0,0.0,45.077745214816424,0.0,0.0,115.9378729877772,76.61885191342269,0.0,123.52791798925678,0.0,371.7441885173629,0.0,0.0,0.0,0.0,395.02495409869437,154.72779650222037,234.78681480458067,0.0,153.8241777178362,0.0,0.0,0.0,0.0,0.0,0.0,0.0,0.0,90.06521376899134,74.39373198298578,0.0
619,Mic,012_00628,127.17333792432645,0.0,24.43466563046124,26.700476525533084,8.05620929089152,392.7801771782172,877.82941210918,493.79789899966903,260.94338915542556,326.72201006576216,0.0,184.43300108265473,67.83711821959552,131.95683973551837,38.146233648880624,371.7459653706561,119.81591718462992,334.07750050464875,98.59294250182067,92.64592219765835,75.27267454890298,0.0,0.0,717.9488639535132,0.0,0.0,138.96465257436932,69.91108829172931,183.07648593229553,319.2441302385138,397.3778309981883
620,Mic,012_00629,0.0,0.0,5.9420664146803475,0.0,15.67298898409805,76.41359810558043,9.181597956567183,0.0,301.7185911315135,439.52641779639765,0.0,19.933667793781872,65.98701499542474,0.0,0.0,419.4646292891439,90.32486302304942,77.37292760605501,0.0,78.85431332505239,0.0,0.0,715.8816656973584,0.0,0.0,0.0,101.38103062811945,85.00552780926179,0.0,163.44077481110514,96.6350634472867
621,Mic,012_00630,0.0,0.0,95.65277643143973,0.0,0.0,205.01209247838656,0.0,1178.2327569162835,0.0,253.98524705683016,0.0,0.0,0.0,0.0,0.0,310.45321595832354,109.4416121601071,83.03436133332734,0.0,120.89163018474933,196.44332138372243,0.0,2688.9213784730046,0.0,0.0,0.0,0.0,547.3526668693929,0.0,197.3248378817001,0.0
622,Mic,012_00631,171.48132074451433,0.0,27.618055166824153,10.059686578281832,12.141047804582996,295.96816167654396,327.17525112837984,0.0,81.61848765238797,36.666884258204355,0.0,30.883147286140932,34.07780117134611,0.0,28.743992960776247,0.0,135.42573738121902,311.6712295117145,0.0,69.81065968415102,170.1586516211117,0.0,0.0,0.0,0.0,0.0,117.8019017861951,302.90702163018636,0.0,75.96543054600663,74.8581477408559
623,Mic,012_00632,88.14605446414855,83.07665399137724,107.26191681884524,14.651030708882256,141.4587723692952,86.2102132473215,0.0,898.0248384445263,545.7213752496729,274.6389924218911,0.0,67.46779868664635,223.34066613836066,57.925669135181394,41.86304615825873,456.92345117968637,322.1512070764178,139.66805393503262,0.0,317.72800240863603,495.64161087585353,0.0,0.0,0.0,1571.6761316305474,401.72219554756344,76.25239910491034,249.34954824050124,100.4573538192596,239.71313638962087,54.51208707282839
624,Mic,012_00634,22.954701683372015,63.46133291007984,29.329430380152996,59.51981225483417,22.102933182702373,431.05106623660754,0.0,319.34072918824745,422.1235885285217,677.0614049289675,172.765728637877,0.0,0.0,108.61062962846513,39.24660577336757,183.58531520612397,306.1258281529735,76.38096699572097,202.8739393787464,214.46640162582935,258.1466723311737,0.0,0.0,36.93294636683939,0.0,0.0,166.8021230419914,143.8555086002892,41.85723075802482,115.24670018731773,476.9807618872485
625,Mic,012_00635,79.83720506793782,76.72106297564345,0.0,18.73410484086584,0.0,165.35401557273144,264.9116787468564,579.0965712015791,283.2684561026544,346.30025957022605,88.36542186068465,0.0,47.59719114424079,18.517222100590775,93.67714427216914,234.74843583733886,264.8128189316689,312.535891182491,0.0,130.00804819868125,0.0,0.0,0.0,453.3670531063824,1210.9635768300936,256.83878075991765,85.31518424442838,110.36783282776284,74.93130489797231,288.8346807317563,104.55597028722823
626,Mic,012_00636,377.7688048463509,0.0,0.0,62.79013160949539,75.78148519783672,738.9446849770416,0.0,0.0,567.3341029823331,310.6036223819006,0.0,0.0,106.35269816112411,62.0632169305515,0.0,104.90589440349943,105.66183905567638,149.64434350182069,0.0,245.10445900094777,177.01486102709052,0.0,0.0,0.0,0.0,1721.6665523467007,0.0,82.20314777159382,71.75525272804256,19.756577174968754,0.0
627,Mic,012_00637,488.9628021229123,54.21669186184257,18.37506481648139,22.94739749583968,100.39525072143128,540.1121793808095,300.15344323878253,503.2035732663294,704.5293550804705,848.3660977423208,432.9550789961255,17.61207596237756,58.30178031724274,22.681737914378257,24.588234942350766,329.07729191566267,314.07168331890745,239.26567974563193,0.0,338.3994628063063,97.03826718954963,0.0,0.0,794.4291596015732,63.119523358656515,943.8051582141552,261.2563372946853,225.31585684382642,65.55951805473768,299.6414204870261,128.07056601447636
628,Mic,012_00638,991.6431127216711,0.0,15.877586371210644,28.916507978057087,48.859115456499985,272.24277867575216,511.1213437360274,42.782490034789134,76.78205905024058,584.2101373886718,109.11519703444864,17.754683864906934,39.18257300672994,0.0,0.0,180.36452020250778,217.99705742013234,124.0472847449303,170.84121210841803,150.50273798303812,0.0,0.0,0.0,0.0,0.0,0.0,120.39852490249004,60.57074046327966,13.21807287095521,509.511727143931,215.1792910769542
629,Mic,012_00639,187.14426136232544,0.0,19.707355948186077,7.178268814653368,103.9615349698966,84.47734463933516,340.04209517537754,0.0,0.0,0.0,0.0,0.0,72.95046883916302,0.0,0.0,255.85089154354299,209.3768100550505,153.9682378492351,106.02457133361621,286.43418910607693,161.8929884770376,0.0,0.0,714.1606915557686,0.0,0.0,130.75945323894803,0.0,0.0,18.068829376102077,106.83273345931194
630,Mic,012_00640,169.47929365005658,0.0,0.0,5.452196542427557,19.74078765172655,449.1486300862362,832.6517841528103,0.0,68.36468743680241,391.77986037283125,308.60443130735285,0.0,147.75718370476784,0.0,0.0,182.18390058622992,254.44876458598506,12.993926773535955,161.06022668236355,198.640636620361,307.4113044554435,0.0,0.0,0.0,59.987638611852944,0.0,283.76369895911296,185.5845874309074,12.461312973763116,432.307087572885,40.5719732030593
631,Mic,012_00641,268.9354110691879,29.387659915317116,58.69306417765895,11.661024441763429,0.0,274.4651687057583,243.21865607396327,702.4311104370802,395.6452403305367,0.0,0.0,35.799240119444995,39.50243074556038,23.052052002776268,0.0,162.35436038636814,290.41911191874476,0.0,86.11791712403928,182.07759811498977,0.0,3240.4551419708687,0.0,0.0,0.0,0.0,91.03602750280113,198.46188533427653,119.93377955972826,256.8355032745938,173.54868537471896
632,Mic,012_00642,140.06910866538155,41.90906099681428,0.0,8.314758405797557,8.02807351921204,136.9929465455109,183.41818502292534,100.17207337432167,253.89923018883394,278.82198832897654,31.375382616424698,30.631480195334195,16.900050406278744,6.574799465285432,4.751626310163244,155.5880203376697,124.62110734412992,110.97025239890543,49.12430662488853,77.89699337282741,37.50489488583292,729.6533696919882,0.0,0.0,0.0,0.0,47.602268940638155,39.18764727877493,30.406183926667627,173.71528219154712,61.87343992550371
633,Mic,012_00643,308.4699237450891,47.19085838461503,188.4992604207586,96.3017187044508,74.25592159132596,188.88754587896287,484.18314317777504,435.3559004663748,436.048923988294,0.0,201.88354807122707,98.54846999173061,108.74264643440779,84.61052795026497,160.51420788208756,211.54712351467222,264.0886414350364,229.510706606725,118.5330881763462,190.27980368966627,271.48908460896473,0.0,0.0,338.0678686163125,0.0,0.0,208.83732900923482,154.09241745199515,18.34193257935919,67.33515067124182,79.62439684795159
634,Mic,012_00644,0.0,0.0,0.0,0.0,0.0,254.7119936852681,489.6852243502497,22.872889693924062,750.3054911736051,247.9379792697628,0.0,0.0,0.0,85.57201122242707,0.0,24.10716260282436,155.39761380309577,257.90975868685,0.0,75.09934602385943,488.1318894989466,0.0,0.0,174.59211009778616,0.0,0.0,394.2595635537978,396.69246310988837,0.0,0.0,0.0
635,Mic,012_00645,510.84645200813355,302.0969236050081,91.41640637969766,129.86140855600183,253.17905282004543,117.55938170089298,70.62767658897833,0.0,22.10392609022077,312.08976411578533,188.47170396859312,61.33436244240578,203.0369692166915,78.98954882070191,114.17194406797839,0.0,345.1620075818762,428.5269836643047,442.6340495536285,190.63680144518165,225.29164130720616,0.0,0.0,0.0,54.953710896172986,0.0,103.98054423396867,52.3110940364688,136.9873006626267,125.72367293161935,0.0
636,Mic,012_00646,163.23343419286766,133.33290146764247,78.21181434707466,89.53407655428046,171.9117025321296,287.3673774910717,546.7105335961655,460.19472085040377,426.25101917191165,262.7718754653896,76.7847682835009,37.482110381470186,41.35938261821493,16.090463648661498,23.2572478656993,294.6430984789644,204.54044893740812,184.28423783094584,60.1107968529619,211.81866827242402,504.8201592254063,0.0,0.0,10.943095219804261,0.0,0.0,180.04038677548277,181.15138120036417,93.01606835116628,194.63887142746995,121.13797127295199
637,Mic,012_00647,209.79206144560607,109.09055574625293,39.61377609786898,0.0,0.0,254.7119936852681,306.05326521890606,953.0370705801694,409.74129659835165,67.61944889175349,544.4738114648245,0.0,73.31890555047192,142.6200187040451,0.0,168.75013821977055,184.53466639117624,240.71577477439334,106.56004896661427,125.16557670643238,0.0,0.0,0.0,0.0,0.0,0.0,206.51691424246553,75.56046916378827,65.95684846719064,108.96051654073676,268.4307317980186
638,Mic,012_00648,176.2921089282971,290.76828896982033,10.055804701766743,0.0,0.0,0.0,846.8258423018502,0.0,24.31431869924285,331.85544917645177,621.9566230963572,67.46779868664635,37.22344435639344,173.77700740554423,62.79456923738812,416.1267144672144,172.5810037909381,288.0653612410048,811.4957575149856,171.57312130066344,123.91040271896338,0.0,0.0,0.0,0.0,1807.7498799640357,28.594649664341386,115.08440688023136,251.143384548149,304.2512884945188,0.0
639,Mic,012_00649,21.00254230267469,63.34290333653396,38.33591235277644,33.51262156283918,146.6182840447882,345.09366886391166,272.48613290457445,535.6683199286732,732.2816804727978,0.0,0.0,12.860430834697983,28.381511825989133,66.24929901091127,23.939278594898692,69.98853658884492,99.62992175279123,169.72126055521744,247.49430727729765,79.94446512217294,283.4314197090658,0.0,0.0,0.0,1567.0671107166745,3216.133706289878,196.2213496028118,98.71609681075563,57.44628737464991,295.2478512716738,0.0
640,Mic,012_00650,288.9876127717151,0.0,189.20790425692684,175.42681506687964,90.73835727635714,294.9296768987315,952.3894371614642,46.34769753768823,378.93368031276134,822.1101417892135,236.41626024130537,19.234240853649176,212.23893711978715,0.0,71.607842112811,216.33006440955546,365.4910982539917,253.8374993391629,462.6949494602988,250.00177031626887,353.253341084764,0.0,0.0,0.0,0.0,343.5781935604161,277.16743753594056,164.0457554213824,42.95873683060443,252.3296172522325,46.622179733340076
641,Mic,012_00651,372.9451440317805,87.09649208773419,15.060536995733598,0.0,0.0,154.9400145919603,169.88071795215316,0.0,415.13617871287903,209.0905539463898,62.100123657854404,40.4184969090508,22.299759291848602,0.0,28.214149772559168,197.96757492273278,261.42784050227027,86.28685935790467,97.22990643036692,279.80562792760526,74.2320384952315,1765.1036073270861,0.0,734.5741775081971,0.0,180.49729984279924,197.00000575202935,103.41686332555349,67.70455297726596,385.25325491189074,146.9565480995604
642,Mic,012_00652,564.5236282225983,508.233647947249,199.93305818806815,327.70908394426345,354.947103463397,296.664557351077,1033.7399111099758,870.2461796488283,288.1961892880843,52.50451325712624,237.8069441250778,632.0145259322605,426.97480291157177,265.77659956142054,348.1404794484605,467.9625681724729,510.9267868533403,280.3630788548817,124.11111585523308,145.78108345808008,189.51002768782632,3604.9645439056726,0.0,0.0,0.0,0.0,513.8626748503701,275.01788408878815,134.43557643459738,396.5842329975345,250.11428186356557
643,Mic,012_00653,319.0437238145515,0.0,42.463026814885076,72.91522243747666,0.0,234.02772505653402,442.88960908824066,178.63143088108674,144.23110937601905,62.12831035065982,62.53237509862834,81.39966430871485,22.454978034019245,13.103834665151245,0.0,110.74752193408871,129.39285070437586,142.17948645938648,0.0,143.75164842154066,74.74873481886422,0.0,0.0,231.70925052420807,18.232901759055075,363.50732311728484,206.99607181611393,52.06835114070792,37.87545242605495,254.45187911427277,98.6529650041906
644,Mic,012_00654,195.10733816192348,0.0,0.0,0.0,22.910681571439007,55.85047037617174,124.1498461236825,471.4398925618102,56.00640409127921,182.86455613916058,0.0,0.0,16.076570652262948,0.0,0.0,68.71742695423023,76.66626461714193,90.48262630342646,0.0,41.16741559447443,0.0,323.9133046849705,5964.887766009883,0.0,0.0,0.0,37.04954607672139,24.852114442574877,10.84672424958783,232.9438285513758,0.0
645,Mic,012_00655,0.0,0.0,0.0,94.70555762095161,0.0,278.6352196115088,323.6386462038598,600.5081316327467,17.463322822660608,197.25452494389967,297.8061178730256,0.0,26.735070532216284,0.0,0.0,474.6846824114145,194.78361122418428,18.808888478820002,0.0,82.152875760907,88.99642184234938,0.0,0.0,0.0,5123.143191502889,0.0,61.61278104471347,41.32865440450297,18.037922647104622,248.32161918814316,117.4569831955971
646,Mic,012_00656,10.55803477918241,0.0,32.11927791719106,28.07814239048688,21.17971484337574,247.82788574782842,570.747981083906,85.30969669625732,245.93106956236625,562.8862232070289,0.0,0.0,83.22686575999516,41.62962708118073,0.0,297.10449045642997,240.97129978250322,83.64640822276216,155.52007146478837,133.96099561012764,237.46956786435237,0.0,0.0,1226.8634763628218,559.9337569691139,1924.7132219109305,228.33565456783657,64.32850753133324,32.08711547052518,194.362002478071,313.4110165857947
647,Mic,012_00657,235.1657796338291,0.0,26.015017138899033,0.0,0.0,167.27354809181787,200.99020402435622,0.0,78.62839380352165,355.2544180581675,134.08683416671053,0.0,48.14972901822037,0.0,0.0,269.13668099869585,86.10651361850643,16.937357286897615,0.0,24.659486754103096,0.0,0.0,0.0,974.5887936801795,4105.124224408146,0.0,18.49405202171333,74.4327009673138,16.243104473263365,62.611640101766646,0.0
648,Mic,012_00658,459.0940336674403,76.92282776979373,50.27902350883371,115.98732644531786,99.46319932216068,251.4464553046878,299.9714375126329,429.0133028488577,200.36799668820495,451.374269952645,115.17715242525134,93.70527595367547,124.07814785464478,156.88202057444963,78.49321154673514,282.1774289279313,220.52017151064314,349.17013483758154,135.24929291916425,195.93226815199222,103.25866893246946,0.0,269.2204554759296,0.0,0.0,502.1527444344543,222.4028307226552,55.943808900112465,69.76205126337472,199.76094699135075,113.56684806839249
649,Mic,012_00659,410.16508564972924,253.6904534636016,231.03604985938352,233.28570709277287,61.71020271143751,112.82544686729996,219.16700267689444,114.82497645003488,186.210330381226,222.9777800144175,241.1763191723384,951.6431112288706,1580.5390914638647,1212.9401859178922,1022.6945504433678,256.28017156291133,160.6122988300453,152.3225420432403,0.0,88.7079523503306,216.21949467738574,0.0,0.0,1228.784739077484,17.580269928753324,0.0,166.32234704091184,58.57204153300365,14.607892613538867,209.14568946745447,142.682644016128
650,Mic,012_00660,94.38119203767843,31.395247147904186,30.40127002859712,24.91527024620965,30.070269562513698,130.3177642110674,383.6342091930009,43.88403255229616,249.11181819766898,112.43699059907846,0.0,135.9816097560314,206.3159900373745,98.50731524442185,158.20337210969873,191.1754057572816,114.28952410518382,178.1376705348708,40.88932111509617,196.91747126023603,62.435474238237354,1970.4726035002375,0.0,0.0,0.0,607.2544816416657,50.42854882664856,57.988267032674706,69.59981393485523,0.0,20.600498021708404
651,Mic,012_00661,35.12632279395565,122.6154066630227,67.6780316440432,31.13843038945003,23.48813063011969,137.4195497266569,421.05257114175936,135.74156336067193,163.6413274853674,16.21392779965751,220.31161036110745,131.44271406253986,210.96666011252955,292.39046886355186,233.55473299464515,229.77344627978098,148.46400092564156,83.4868646648441,0.0,128.30324238953642,87.78393653114571,0.0,0.0,10.466012049458572,0.0,1067.2456148743172,151.93342464704546,132.48817958282763,35.58434876431538,205.74833232351656,0.0
652,Mic,012_00662,225.7545009034239,19.565154019708405,39.075545444365325,97.04317215462092,28.109165025828023,228.41021172863717,384.2299144867788,356.8916647350868,581.2091218052707,691.2618661162408,0.0,595.843330792393,420.786762289665,399.02600885240446,499.1144429873919,419.38601897630855,261.28335201267805,175.77110727897278,286.6696969482286,141.42349672427875,131.31808983803182,0.0,0.0,0.0,64.06288580015817,212.86909818417087,242.43289932811172,121.96445294372344,79.84721736992779,210.07469153709982,288.85480921743306
653,Mic,012_00663,62.640235497481655,0.0,30.489903468913738,62.46977379516123,0.0,49.01163726888541,418.1240818704938,154.0419101835702,9.215339448692625,503.1044710546789,78.57566666912192,0.0,98.75607686390094,115.26026001388134,83.29891837612708,88.1352242097427,239.21265331788504,148.880851953342,123.0255958914847,101.15422117499432,46.963126394942385,0.0,0.0,0.0,22.910730781786402,0.0,108.37622321762038,98.14049274771915,47.59276966655884,141.52160384518436,123.96334669622784
654,Mic,012_00664,156.0010617372926,10.693034672157465,7.765868977602038,2.828664344784198,0.0,66.57818448803047,89.99784135645059,248.11423711547727,196.1194551186453,185.58525973063433,53.369215183185766,26.051922265140664,47.911364023080665,11.183668793426111,16.164938615565255,107.12172847670865,132.01104222084768,101.12105390098279,0.0,78.51971227841143,63.79545486520886,0.0,1060.3554177061862,311.8457095211943,15.561149818124228,0.0,147.21997846987642,37.03211112482692,12.930154451983906,142.4038433997748,0.0
655,Mic,012_00665,271.8372847525749,0.0,28.626013384591456,135.54876951465883,0.0,368.1239032823583,280.139266120079,0.0,199.95717081129155,358.33372186432865,196.72593917889648,32.01026944986871,141.2860661702525,206.12236279854693,119.17217519504314,209.04605235149882,304.131278839088,149.09819626276294,1232.0519530154527,524.5990813491495,1058.212928329833,0.0,0.0,0.0,57.36044276023895,0.0,54.26721834108584,109.20418171116845,119.15562040605607,236.2136745445169,0.0
656,Mic,012_00666,673.7250309092775,64.03141315540933,15.501042820905253,39.523037386609246,88.58645947533678,730.9126775316389,103.79197690032466,286.4083579065274,583.0310939739392,546.8355432115717,639.1649091108809,0.0,19.12667101316659,66.96940008711682,16.132992096562162,861.5690286748533,283.7695556404357,121.10545190512958,166.78964186078755,391.8226749070927,382.01626134700166,1596.5213080717717,0.0,1336.0091903134942,31.060793115228208,0.0,352.6296717499806,399.15639145218574,64.52300393529518,341.09379091013244,378.1372047937306
657,Mic,012_00667,386.2579914721116,0.0,73.44127029380205,224.70401031038514,19.371109980345903,377.77509175792574,0.0,1967.582511198681,1858.6338750994255,1069.7548768493134,302.8253221068406,246.37117497932655,217.48529286881558,380.74737577619237,275.16721351215017,518.4394294584924,612.2054869630388,803.2874731235374,711.1985290580774,835.374747905852,904.9636153632157,5164.4154982918335,1769.5951286900995,3279.9776189157133,264.8892356680698,0.0,0.0,336.2016380770803,36.68386515871838,80.80218080549018,0.0
658,Mic,012_00668,0.0,41.53832699568862,3.3519349005889136,14.651030708882256,4.420586636540475,560.3663861075898,165.73961439546912,766.4177500517939,499.79432881776967,915.4633080729703,69.1062914551508,22.489266228882112,24.81562957092896,43.444251851386056,10.465761539564683,473.2421458646752,376.3909511249983,244.4190943863071,54.0997171676657,355.8553626976724,413.03467572987785,6464.146795802887,0.0,0.0,20.149693995263423,1406.027684416472,38.12619955245517,230.1688137604627,50.2286769096298,396.448648644373,190.7923047548994
659,Mic,012_00669,0.0,0.0,0.0,216.4356809266697,0.0,0.0,0.0,0.0,0.0,0.0,0.0,0.0,0.0,0.0,0.0,0.0,58.27410517616092,0.0,0.0,75.09934602385943,488.1318894989466,0.0,0.0,0.0,0.0,0.0,0.0,0.0,0.0,108.96051654073676,0.0
660,Mic,012_00670,0.0,13.432792312038606,117.06757712504564,0.0,141.5247512743182,250.91032213772678,0.0,0.0,660.4785079495817,188.7289095934015,201.13025125006575,0.0,72.22459352733054,84.29481702507739,30.460052242016616,130.61044813172003,186.56411284009727,152.43621558207852,314.9088014237257,36.98923013115464,0.0,0.0,0.0,0.0,117.28926355451844,0.0,83.22323409770999,55.82452572548535,73.09397012968515,214.66848034891422,158.6545817791274
661,Mic,012_00671,246.18917555416485,105.46840838749063,5.106463325115923,27.899911994453518,6.73448745410463,131.33587174396635,508.9331054831575,672.2485236604869,209.9009543958074,430.0174327959948,210.5582317774126,102.78297456168778,18.902530337231042,44.12306828656395,31.887867190861147,379.12279937098,252.90051113560457,398.9541579687211,0.0,174.25395132098632,125.84650276144717,0.0,0.0,0.0,0.0,0.0,145.20720532673357,102.27227564551809,102.0269999726855,309.00521487724563,0.0
662,Mic,012_00672,73.34442031843685,27.108345930921285,110.25038889888837,21.5131851523497,5.192857795936101,506.3551681695089,39.547244210515274,873.0278861488124,564.8929063257827,8.961613708545643,0.0,52.83622788713268,43.726335237932055,51.033910307351086,49.17646988470153,201.28028534647328,308.92296719892533,235.84759860640864,0.0,119.43510451987282,145.55740078432444,0.0,0.0,832.9936819123293,0.0,707.8538686606164,167.95050254658344,191.51847831725246,98.33927708210652,189.53222380203457,0.0
663,Mic,012_00673,313.4677316810146,0.0,3.9734182712148223,26.051224816705535,10.480418165658271,408.7779108383634,181.12027579975992,45.88482430999964,172.9346679520616,103.99830133503727,245.75793617789193,13.329504299793351,73.54175936673475,0.0,37.218665657418484,24.180436653288872,245.49516648680557,103.47747157040791,64.13036381577395,112.99141726994047,244.80778652682733,0.0,0.0,0.0,0.0,0.0,237.27475253389656,68.21112261898212,0.0,114.75628869715894,32.30959568146364
664,Mic,012_00674,75.16828259697799,31.48677848069691,38.11237933614216,116.61024441763428,0.0,294.06982361331245,185.50575463268387,1342.3652173139692,322.53688070424187,477.08182600012657,0.0,89.49810029861248,42.32403294167184,0.0,118.99845482303867,32.470872077273626,153.2456060317701,109.1792914324508,0.0,115.60482419999353,46.963126394942385,0.0,0.0,683.0979934438163,0.0,0.0,195.07720179171673,174.47198710705626,9.518553933311768,78.62311324732464,61.98167334811392
665,Mic,012_00675,85.26032053823891,71.42834007195133,0.0,0.0,0.0,200.13085218128208,0.0,563.10876055994,0.0,531.2956698637773,0.0,0.0,19.202570501314074,0.0,64.78804762587662,0.0,167.88492205513026,189.13382303702335,0.0,167.18544888644897,63.92203314867158,0.0,0.0,0.0,0.0,0.0,103.25845712123277,59.3689400572622,51.82323808136407,164.08934931432384,42.18197213968864
666,Mic,012_00676,0.0,0.0,0.0,151.5049766486688,0.0,0.0,0.0,0.0,255.42314593144002,0.0,0.0,132.8911186252125,219.95671665141577,0.0,61.84313637015495,24.10716260282436,349.64463105696547,515.8195173737,0.0,262.847711083508,244.0659447494733,0.0,0.0,0.0,0.0,1186.906486845074,225.29117917359875,0.0,49.46763635039298,0.0,483.1753172364335
667,Mic,012_00677,398.3788477149213,0.0,0.0,8.927971838225126,21.550359853134818,0.0,473.42614463549535,0.0,312.79357909963454,41.83953400177247,84.22329271096505,0.0,0.0,0.0,38.26544062903338,174.02358003913838,118.18716956040136,42.55511018333026,0.0,54.212340410973525,50.33860110457887,739.9394553897296,0.0,0.0,0.0,0.0,11.616576426138687,58.44130036886747,30.608099991805656,146.07519248742523,0.0
668,Mic,012_00678,337.0290317746856,105.88200998901021,0.0,66.02197661880766,14.487636876057019,494.4409289184617,581.372610107006,183.9441633368515,323.1693059605247,262.52256628563117,0.0,92.13039736621874,304.98200207969415,71.19016059680906,102.89866387639228,434.5366704458677,242.40068959831643,100.12967101960061,0.0,229.0845597198401,67.68215274565226,0.0,0.0,387.33039551105503,1782.993930841377,329.14213500745745,234.28389430867938,172.8683842843811,82.30749577628411,264.38948866502307,133.98979385548157
669,Mic,012_00679,202.69434693996422,0.0,110.99331604780271,26.952367813509813,0.0,634.3770408765168,676.4932079319782,3061.9462712904,0.0,687.6770368425497,0.0,41.37176334558502,91.30278804398391,53.28068623283195,77.0122075552873,420.28336311339075,181.41938403899155,642.341285786117,199.04612920178891,257.17983591189596,455.89676472071426,0.0,0.0,0.0,0.0,0.0,315.62018969131526,282.2825074420769,30.800603765339027,356.17753756004987,0.0
670,Mic,012_00680,115.65747829535019,0.0,32.47837543427767,0.0,385.4971203542129,626.4965807414048,407.75419496556117,1247.0697250513379,588.9803908512243,184.79849386566167,3348.006666771281,299.6240749127462,210.3933811448325,140.3168382777686,304.22213667802936,306.3556191638425,1110.8275079853283,951.5428363974468,17167.419565813918,831.2238174814751,1100.5706576901716,0.0,586.9340364723683,429.43152545790883,0.0,0.0,46.17769511011652,325.2385411832625,101.393291898321,111.6676101193886,264.0958255702245
671,Mic,012_00681,0.0,101.53813265612773,40.22321880706697,7.325515354441128,17.6823465461619,258.63063974196456,246.0197401182745,464.49560609199636,483.58478301827444,541.649123943174,69.1062914551508,0.0,49.63125914185792,14.481417283795349,83.72609231651747,305.97552534353997,215.31534758678944,157.1265606769117,0.0,254.1824019269088,82.60693514597557,0.0,0.0,0.0,906.736229786854,0.0,276.41494675530004,172.62661032034703,25.1143384548149,138.29604022478128,272.56043536414194
672,Mic,012_00682,179.40548409849868,7.21440549023316,24.887612839041935,18.60739621594014,36.27715887100852,84.22340472558965,176.08796081031647,461.3539774936787,28.504762402919972,35.77461825134853,27.00546459670222,4.394195305242498,24.243726284224184,22.636283529780307,24.538959922426212,156.2376029209098,131.67145007238764,129.62678853439274,42.28234407893713,86.91357180115996,193.6876034484798,0.0,0.0,200.133641234336,0.0,0.0,78.21983325015228,48.720603113123985,35.98547494026583,99.07982841755373,117.16275227576844
673,Mic,012_00683,908.7099969623915,0.0,14.056501196018026,30.71990309926925,9.268971979842933,361.5267007145741,119.45950029512139,714.2244265715642,288.8959372329392,0.0,0.0,0.0,78.04915752147011,0.0,21.94433871199047,333.6120244068274,137.8527219221011,256.2458247598381,0.0,13.324077520362156,86.60404491110343,0.0,0.0,0.0,0.0,0.0,279.79710961882427,40.21766907104859,0.0,96.65852273775036,0.0
674,Mic,012_00684,125.92293494878362,85.71400808634158,354.34740377654236,130.81277418644873,284.1805694918877,369.4723424885208,344.05768166916585,16.58912878899987,0.0,446.8332813213307,0.0,401.59403980146635,407.6853429509757,206.87738976850497,299.02175827327665,75.76536818030513,265.32861807314293,249.40723916970109,309.1412409580898,435.74126044612944,295.02476837848417,0.0,0.0,562.7877541613619,0.0,573.8888507822336,122.54849856146306,150.70577091458867,143.51050545608513,250.2499775496042,77.87441010404056
675,Mic,012_00685,244.28073233281475,63.565685583410946,40.53502670479617,44.29381377103938,19.304370583342127,115.83801263205991,295.77240618054486,447.2920651256261,266.8082861570662,131.97732229863342,46.4279994272331,52.881737127345545,83.35999597469676,0.0,35.15630491326638,215.1579835404531,179.44007407818714,222.85535737695776,18.17303160670941,166.49932529320773,152.62004813791353,311.91651562256425,0.0,195.19427985092716,737.7807853046065,134.9454403648146,131.27431758048195,119.19810445605357,101.23609299615306,188.92120568174255,91.55776898537069
676,Mic,012_00686,288.61254773242666,0.0,19.511262854174273,0.0,0.0,0.0,60.29706120730686,5.632875820145477,349.8963524256713,99.91530507885962,0.0,0.0,0.0,0.0,15.230026121008308,415.5786986009274,95.6739040205627,203.24828744277136,78.72720035593143,92.4730753278866,60.10579236367626,0.0,0.0,0.0,0.0,0.0,124.83485114656497,55.82452572548535,0.0,33.54195005451785,317.3091635582548
677,Mic,012_00687,0.0,42.653890279933016,74.34623381401003,33.85013019232275,220.61031887569288,79.6729458920744,378.1425888273404,279.0275738017087,584.235051209295,0.0,510.9280316115415,41.567838053384,22.933875669815865,133.8330033336537,135.4100900616663,143.2719521513827,236.96294901017095,225.8849450489568,199.98947578568365,270.14409304317206,76.34290214912436,0.0,0.0,0.0,0.0,742.5196979315155,140.9404533218722,35.452542403862736,30.94657819076717,426.03045566875744,100.75693819148377
678,Mic,012_00688,65.964563784848,0.0,0.0,0.0,0.0,331.7958865110729,179.4035916513456,0.0,415.9028198554698,274.0367139297378,0.0,28.851361280473768,95.50752170390422,0.0,0.0,439.63851799361277,75.9096896373675,134.38455847367447,0.0,130.43570625196637,0.0,0.0,0.0,0.0,0.0,1546.1018710218725,171.191652595728,24.606863313207363,64.43810524590664,331.18262264355513,0.0
679,Mic,012_00689,61.89267713146232,116.66628878418715,64.55578327060131,17.63549992735827,31.92645904168121,51.8857764914435,829.177642620851,186.3716938023442,159.34383756602568,335.1754164202349,166.36699794758528,27.070413053284025,179.22399134559805,174.3133561938329,163.76978705429923,338.8395632508091,211.69327713685615,63.04460767900778,325.60014962021023,321.2583135465097,646.322779614346,0.0,0.0,0.0,2619.4602193842456,0.0,195.0437523401063,34.63188170006962,40.30696295217206,432.8153851479266,32.80820055309116
680,Mic,012_00690,250.6653423824224,6.4285506064756195,9.337532937354831,0.0,0.0,120.07851130876925,281.35039452623727,0.0,869.2368934979319,409.0976657951086,96.25519166967433,0.0,69.12925380473068,80.68218200971695,14.57731071582224,227.29610454091542,242.6700236978701,194.53764655236688,75.35317748353438,159.31789835061605,172.58948950141328,0.0,0.0,0.0,252.59080686919503,279.77081475633884,225.69348485069446,13.358011512883996,46.640914273227665,89.89242614610784,113.89132477715934
681,Mic,012_00691,113.29507000335477,0.0,2.4618730908280155,0.0,3.246758546611648,126.63647143674346,171.18233478345596,343.9979229673777,488.1179610808451,361.4011223254169,50.756033272144656,8.258770084052754,91.13084305708375,10.63606919148811,7.6867175149345135,149.8185246503209,155.72684603572947,192.33948105460001,119.20276664061934,200.6892128208221,91.00764041505784,0.0,0.0,426.7807135723662,1198.73603259957,147.52510005983967,126.01032055472473,126.78790588500064,86.0792768131132,213.3040620416118,120.11137829606257
682,Mic,012_00692,110.60798340095859,0.0,5.047315101272882,0.0,0.0,324.5365170507277,194.97601838270077,104.91503071962079,93.56475278087017,0.0,0.0,16.93207302946723,37.36716421877334,43.61199027552268,0.0,36.85882776339169,106.42336582364523,289.17758271297777,0.0,86.1177828922249,248.77764252455967,0.0,0.0,444.90653538431997,0.0,0.0,86.11516115129837,129.9698417469794,37.81695751883324,312.3675039826141,41.04191883861598
683,Mic,012_00693,204.6247692917734,184.82082993617405,64.19553894431448,280.59340062993255,215.50359853134816,300.1962782719231,455.39086293509547,485.2320170782461,244.59046786738338,584.4252368501552,0.0,78.31083776128594,453.66072809354506,0.0,91.10819197388899,433.28319928112,268.9974319292428,379.9563409225915,94.19147185441797,232.3386017613151,287.6491491690221,0.0,0.0,0.0,0.0,699.4270368908471,663.8043672079249,16.697514391104995,72.87642855191822,192.62662745594537,94.90943731429944
684,Mic,012_00694,231.22169947225547,49.0564448796043,65.77381691721642,38.931197952847505,50.60042565096644,422.9180272510112,249.84725676361015,215.20655963591443,348.9979776956311,461.5700746154074,113.00399860590697,128.71215263070894,111.59229649820254,23.680304992369752,102.68294340704973,320.2158957054406,251.29944307623273,135.60538255484693,44.23247315595309,98.7154925722429,101.31039216015873,0.0,66.03520606013369,0.0,955.5263693351336,0.0,264.965097518635,180.34715753243802,143.73615090491543,358.0620747958173,44.56963094004837
685,Mic,012_00695,208.69016205915963,0.0,0.0,18.920205220079737,0.0,111.33107008760064,601.972316357716,249.93554963559404,174.44047631907122,295.55520707653835,356.9728962583949,29.042429898225247,64.09334789842579,0.0,0.0,895.6369682241369,326.8752787033662,541.0980897483053,139.7277463270836,131.29951887615158,0.0,0.0,0.0,0.0,0.0,0.0,147.70746184229324,123.84911336448738,172.97292710600988,464.34498274148416,70.39640383577176
686,Mic,012_00696,403.2895938468932,93.2035816084491,21.152987236726155,18.491592156841683,39.0556683422508,326.42702103354753,758.2989639210178,366.41036888324953,1104.767102062685,630.6771899871635,348.8861316182371,56.76902154863446,93.96209255011937,109.66510176078033,0.0,221.4114157502121,512.3972290085088,198.3150765825099,68.28119642520915,208.52828119246405,260.652950703321,4011.7029677326286,611.6270541880344,1106.3150536293376,0.0,0.0,589.4754639542219,217.8782460353894,158.4885436468901,290.9140004728409,68.80166329580283
687,Mic,012_00697,22.380834141287714,56.24981780666166,919.1633985208662,959.7569726092011,1777.9046878836225,1050.6869739517308,0.0,1061.4450373586635,0.0,0.0,0.0,2124.181474274881,2117.083397769877,794.2152291581511,1020.4117501075567,2336.8880748112865,711.1261897278388,585.132765020791,1978.0209089427774,1432.754710861443,755.0790165686831,0.0,7382.529677504008,0.0,0.0,0.0,232.3315285227737,175.32390110660245,153.04049995902827,477.5535139011979,166.091515300024
688,Mic,012_00698,184.36489114407306,0.0,25.88622992534013,14.143321723920991,17.069591962879063,0.0,0.0,0.0,198.20583230075854,0.0,0.0,0.0,47.911364023080665,167.75503190139167,80.82469307782628,110.27236754955302,63.4668472215614,0.0,0.0,318.9863311310465,0.0,0.0,0.0,4069.206209605828,0.0,0.0,110.41498385240732,0.0,32.32538612995977,124.60336297480293,0.0
689,Mic,012_00699,0.0,0.0,13.204592032622996,0.0,34.82886440910678,0.0,0.0,579.4465389127429,234.1378837704867,15.026544198167441,272.23690573241225,44.2970395417375,97.75854073396258,0.0,164.91503032041322,273.2145094986761,58.27410517616092,171.93983912456667,213.12009793322855,200.26492273029183,0.0,0.0,0.0,0.0,0.0,0.0,413.03382848493106,0.0,65.95684846719064,0.0,0.0
690,Mic,012_00700,0.0,0.0,64.71557481335033,0.0,17.069591962879063,0.0,0.0,0.0,146.04640274792735,530.2435992303838,533.6921518318577,43.41987044190111,0.0,0.0,0.0,78.7659768211093,88.85358611018596,134.82807186797706,0.0,171.76187060902504,0.0,0.0,0.0,0.0,0.0,0.0,0.0,0.0,0.0,142.4038433997748,631.4766522297944
691,Mic,012_00701,422.84085167303726,259.0397513753275,487.20559311511926,521.841601171535,1106.9409931942312,62.03317927390293,335.41630911444685,183.82713562127898,112.74905473080632,38.42581228535069,0.0,631.1102201868948,999.9508299429677,562.6912324662917,481.9656974677759,387.4937280365421,260.19065410758196,175.8735181008483,155.7113630656061,457.24694073567554,416.0829021190283,0.0,0.0,0.0,28.99771460572965,0.0,150.8868967527977,138.01635511466858,0.0,99.51191086285002,0.0
692,Mic,012_00702,414.6344009333303,135.33790750474986,93.37532937354831,177.21688460837842,32.406556170127544,189.5976494348988,0.0,0.0,273.3075673335944,246.0737839369074,0.0,98.91895296162433,272.8786334397263,169.85722528361464,92.06722557361414,71.77771722344697,98.80308809943072,140.78382316289708,237.95740257958224,102.48519776940215,181.6731468435929,0.0,0.0,490.95826448550395,0.0,0.0,125.77345904992261,112.48851800323365,0.0,168.97072583854856,39.96186834286292
693,Mic,012_00703,159.15259833804598,349.99886635256144,181.56314044856617,175.7251599904628,157.35183384828596,333.5514203021368,280.5488264506639,167.73452442210979,342.84475837821265,566.7153811880291,106.95021296630482,87.01204195698438,134.41799350919854,268.9406066990565,194.36414287762986,524.0437965804439,234.0214065010907,121.58602909522929,251.1772582784479,285.1987069239423,255.68813259468632,0.0,0.0,30.48433668374044,0.0,621.712921680753,295.02416320352216,207.7912902004177,0.0,99.88047349567537,84.36394427937728
694,Mic,012_00704,141.66330181738158,9.890077856116337,0.0,39.24383225593461,23.681714124323975,277.1042568663906,199.77542806596725,692.5961269407445,150.51721099531287,20.434448840914513,0.0,36.14346358213197,39.88226181042155,46.54741269791362,22.426631870495754,262.2647360087485,267.6766589410468,187.05542937727583,57.96398267964182,81.70148633364927,88.50743051354526,0.0,519.2108784178644,0.0,0.0,0.0,255.30937200304803,164.40629554318764,107.63287909206385,153.11347310600783,58.405807578030426
695,Mic,012_00705,396.07294359127354,0.0,14.855166036700869,0.0,0.0,127.35599684263406,206.58595402276163,0.0,163.63045286232878,366.27201483033133,102.0888396496546,16.611389828151562,36.65945277523596,0.0,15.460784092538738,247.09841667894972,169.96614009713602,128.954879343425,0.0,37.54967301192971,61.01648618736832,0.0,0.0,0.0,0.0,0.0,98.56489088844945,85.00552780926179,24.73381817519649,170.2508070949012,80.52921953940559
696,Mic,012_00706,393.55946042698906,23.003120380999018,0.0,0.0,5.50807919568941,268.54619142536257,180.69854125384612,313.49743382407104,87.52118978002218,23.764023572181735,0.0,42.03265413385316,108.22151554095217,0.0,65.20202876086624,360.9142618429232,245.75660968860197,141.3971712161772,0.0,245.4524951514639,51.46438451586338,0.0,0.0,0.0,0.0,0.0,344.4147898867955,143.3959063363905,73.0161277759794,235.50092472782245,33.961204406394685
697,Mic,012_00707,56.54105467272686,42.63144086399621,48.16201199267229,30.073168297179368,0.0,442.3945153480973,518.2770425483317,377.402679949747,482.44727103234493,66.55177338293632,283.6995122895664,57.702722560947535,50.93734490874891,29.72501442463256,96.67058685229485,100.48880411282576,182.18325512968204,26.876911694734897,0.0,228.26248594094113,127.17120279051504,0.0,0.0,464.96635636568317,0.0,0.0,136.9533220765824,167.32667052981003,103.10096839345063,331.18262264355513,0.0
698,Mic,012_00708,83.71013289208912,0.0,0.0,0.0,22.38998426299721,327.48684902391614,72.14112680159928,0.0,0.0,386.39685081001994,0.0,85.43000483049374,31.422388093059393,0.0,0.0,10.331641115496154,162.33500727644827,198.9589567012843,0.0,96.55630203067639,104.59969060691712,0.0,0.0,0.0,2347.308508279388,0.0,48.27668125148544,291.44752391746897,42.40083115747969,105.06906952142474,0.0
699,Mic,012_00709,260.8627025739495,0.0,12.985972959235196,66.22071827027908,85.63056895285357,111.33107008760064,217.37889201806405,644.8337180598326,345.392143111761,615.7400147427883,0.0,0.0,80.11668487303224,93.50584007748652,27.03077483728627,526.8452754259629,248.34030914476523,270.5490448741526,69.8638731635418,385.69233669869527,53.33891507769946,0.0,0.0,1004.7718124170609,52.04225601425653,0.0,246.1791030704887,185.77367004673104,32.432423832376855,208.35992815323004,140.79280767154353
700,Mic,012_00710,599.0364240986823,88.02669633150425,233.67451735302816,224.0273540519222,130.8284915198741,453.5849331056376,22.141121547877013,409.8605832843796,394.44139272633424,291.0030920265681,181.79732659365135,192.2775375723985,130.56452657891796,76.19227980681532,75.71351940089797,287.0906952801782,298.3476953032455,109.07886589993588,284.63932135432884,225.67796730947302,217.31335384101502,305.34154691213917,0.0,459.88680602486,13.25190667479382,0.0,81.49234052738099,145.0684555530741,77.07941987818398,230.41566229693743,71.70223932007782
701,Mic,012_00711,0.0,0.0,100.55804701766742,43.95309212664678,132.61759909621426,905.2072390968758,310.76177699150463,0.0,664.5913777793045,949.7931821257066,414.6377487309049,33.73389934332317,186.1172217819672,564.7752740680187,219.78099233085837,367.17063041224793,285.99137771069746,235.68984101536756,162.29915150299715,95.31840072259082,743.4624163137803,0.0,0.0,0.0,60.449081985790286,602.5832933213453,486.1090442938035,201.39771204040485,50.2286769096298,138.29604022478128,408.840653046213
702,Mic,012_00712,0.0,42.05593854703676,67.1953304837684,20.025357394149815,8.05620929089152,157.11207087128687,179.34149279649915,0.0,0.0,514.413377550349,251.88274455615712,0.0,135.67423643919105,26.39136794710367,95.36558412220157,460.96499705961344,191.70546749540787,47.725357214949824,0.0,185.2918443953167,150.54534909780597,0.0,0.0,1507.692614302378,2937.7123955711163,0.0,69.48232628718466,122.3444045105263,91.53824296614776,134.41858115305843,0.0
703,Mic,012_00713,0.0,0.0,0.0,0.0,28.926657520986332,0.0,579.5498575940561,258.3561970125785,459.63309397897547,404.35522793659294,0.0,0.0,16.23841532325888,18.952190404967066,0.0,411.11610854883696,114.00605140168395,34.27257195972906,0.0,158.01104012402638,54.054873669346435,0.0,317.1019458793668,0.0,0.0,0.0,99.7934082245471,62.75575878536105,43.8236778406166,247.3549981201625,35.670661004032
704,Mic,012_00714,212.20346445072795,0.0,0.0,0.0,0.0,124.5258635794644,0.0,346.6513504723602,0.0,506.89542428484833,199.64039753710233,0.0,35.84479826911961,0.0,0.0,94.2857915132686,170.93737518340535,100.87137228641245,156.2880718177009,128.50332541860388,0.0,0.0,0.0,0.0,0.0,580.2653935687027,302.89147422228274,166.23303216033418,24.184177771303233,186.44355052526066,0.0
705,Mic,012_00715,454.35499848119576,9.677388009748244,203.81926734226138,161.27949127116355,120.4966357379581,361.5267007145741,0.0,470.7388266039855,175.60341282786504,535.8659551959389,0.0,165.04219571195748,78.04915752147011,151.82131023333835,131.6660322719428,461.92434148637653,320.507578468885,54.90981959139388,0.0,253.15747288688095,259.8121347333103,0.0,0.0,846.6778672484039,0.0,0.0,19.98550782991602,402.1766907104859,70.212129013461,405.9657954985515,57.14976870538461
706,Mic,012_00716,72.73771095918507,0.0,86.8098765269707,94.85970078114197,20.203462362313893,459.6755511038823,627.2896416420313,0.0,111.12403468013333,29.055231945675327,105.2791158887063,85.65247880140649,151.22024269784833,22.061534143281975,15.943933595430574,142.94794074643508,112.67844555546739,79.79083159374423,164.83507574523142,106.48852580726941,440.4627596650651,0.0,0.0,0.0,0.0,305.9993286397456,29.041441065346714,43.83097527665061,114.78037496927121,252.82244853592826,0.0
707,Mic,012_00717,299.01397263511666,124.24202182212139,169.4589310853284,173.14854474133577,182.85153814781057,311.314658948661,309.4538570546717,477.7892513841915,267.8395488586628,380.67245302024185,90.74563524413743,169.8053182433271,48.87927036698129,76.06400997549073,137.42919193367769,246.4287732733157,188.85126677459556,234.98444680357449,142.08006528881904,204.4371086205062,108.47375322198815,0.0,0.0,808.2968060082693,1230.3525272865395,0.0,231.54926748397648,107.04399798203337,54.96404038932553,115.0138785707777,0.0
708,Mic,012_00718,551.9236896493703,99.0822478796242,95.9452925673157,240.26346231309208,79.08388936930209,257.0488009667843,710.3805146824151,964.8582276391086,757.1890277898766,104.63437657256044,0.0,134.11030319975572,251.5712906043716,241.79981152759206,187.23151378120306,360.0592726366795,425.3831469587037,270.6869393924371,258.090393827396,272.837991059159,541.8711800859866,0.0,0.0,0.0,0.0,1197.7955371831022,306.9333954796277,11.438052671582625,59.905761451852044,340.87647835221316,0.0
709,Mic,012_00719,0.0,74.99975707554889,0.0,0.0,161.62769889851114,525.3434869758654,589.1525355463942,573.966575756907,422.54571211705013,0.0,701.8607725913754,0.0,201.6269902637978,0.0,0.0,248.60511434162623,440.6979203947169,407.81980592358167,219.78010099364195,490.49260371833196,419.48834253815727,0.0,0.0,0.0,3151.53807644667,0.0,793.7993891194768,214.28476801918075,68.01799998179035,327.73280365768477,166.091515300024
710,Mic,012_00720,179.0466731303017,38.4145097216226,13.949363229584963,37.01841981703101,39.42138997524662,76.87953467939495,138.56374964941327,446.43975555031045,449.71605724209337,120.18944726796427,41.08453302973905,46.79550061345135,7.376597204773091,8.609379177866138,6.222022866509493,194.03325997395217,114.32739841725473,176.4480178333206,32.16294160882565,136.003083957843,245.554151729653,806.8206400232345,0.0,222.49848177095922,0.0,238.82874430419173,158.66543411311378,5.701590279889511,4.97692682793588,63.03432321220976,32.408100546346155
711,Mic,012_00721,0.0,13.562927006127246,35.179079957741564,4.612945621472615,5.567369606837842,180.95792877532503,387.0305446492689,167.3734167269061,62.37796149967218,347.48681271176656,87.03375780680993,4.720567184749205,98.96868413379096,6.079389387169199,8.787184069817496,41.104139464880284,129.03103804882994,109.93785192679505,68.13419707876089,93.36893935151521,52.018360667810235,0.0,0.0,0.0,0.0,0.0,136.04774113712477,104.6784971084989,42.1726243159432,129.66184180385844,91.5380579479142
712,Mic,012_00722,233.01767986335915,0.0,125.09613504590205,88.85254269621177,65.99153256462337,321.7414657077071,338.26939839984357,0.0,322.639763281819,199.29942831253655,515.817295071939,41.96561640796184,162.0733701642011,108.0909615441184,39.058822970624185,274.0603748531612,226.96230437031093,130.31229912598738,0.0,189.72466363922382,77.07345623667578,0.0,0.0,0.0,0.0,0.0,88.9307286211574,53.6877017742706,46.864076542477555,447.3115942198667,203.44223883639307
713,Mic,012_00723,47.03315592676583,0.0,0.0,0.0,20.585418367173556,100.36412885509071,162.80206525972855,49.56930721728021,270.48167468411447,0.0,0.0,0.0,14.44491870546611,0.0,12.184020896806647,0.0,61.231298573160124,101.62414372138568,0.0,44.38707615738558,0.0,0.0,0.0,0.0,0.0,0.0,77.675018491196,0.0,38.98345073583208,80.50068013084284,31.73091635582548
714,Mic,012_00724,606.5004423152562,259.4586190721691,176.65602854455085,154.42978314767785,15.53179088514221,302.9007492473458,36.395523431437475,40.800289724296974,332.2226729175825,482.4739056060249,0.0,158.03268160836078,217.97512460951114,203.52262128577246,330.94435138623464,358.3497143663081,352.2695907495854,460.05524522519187,190.08008734585246,178.61466081350346,145.12029147265977,0.0,0.0,0.0,9769.878656081779,0.0,100.46768800984809,33.695884897365026,0.0,664.0701751334092,0.0
715,Mic,012_00725,102.95183704992348,33.749890683997,4.085170660092739,40.175873272013064,0.0,262.6717434879327,356.64769562540647,452.8832159396964,138.2876876019437,362.60929468202806,0.0,68.52198304112518,90.73214561870901,17.649227314625584,51.02058750537784,492.23812639641994,170.2696510615952,265.9694386458141,0.0,201.36012152647308,100.67720220915774,0.0,0.0,684.1828314456995,0.0,0.0,197.48179924435763,70.12956044264098,0.0,404.51591765748526,99.65490918001441
716,Mic,012_00726,237.951278948414,64.49490510731239,59.61421679874746,0.0,16.847186855870866,54.758930238526695,49.347350580898535,0.0,130.4155639242776,339.19853841465914,0.0,28.569426153954478,31.524741148737114,18.396588731857285,13.29526710237859,171.0273620487018,192.09574735594413,99.80351573940648,0.0,177.59649906619524,314.82121863449976,136.10689349954788,0.0,0.0,25.597331134048,0.0,72.65090142731687,170.56483755864906,0.0,327.9463103701654,34.62494130033074
717,Mic,012_00727,175.31653410675378,0.0,61.27755990139108,29.759906127417086,31.427608119154943,131.33587174396635,323.5078655009218,283.05200996231025,326.5125957268115,368.0329379785541,70.18607725913753,11.4203305068542,0.0,88.2461365731279,10.629289063620384,37.290767151243934,213.67171897925672,212.77555091665127,109.89005049682098,90.35390068495587,125.84650276144717,0.0,0.0,0.0,757.1877196657584,0.0,145.20720532673357,68.18151709701206,102.0269999726855,117.04742987774456,193.7734345166947
718,Mic,012_00728,472.0321382526136,27.272638936563233,24.758610061168113,75.7524883243344,13.06082415341504,254.7119936852681,424.6489054912322,0.0,283.36005251769126,388.81183112758254,204.1776792993092,66.44555931260625,109.97835832570789,64.1790084168203,92.76470455523244,295.31274188459844,165.10996466578925,309.49171042422006,319.6801468998428,131.423855541754,183.04945856210497,0.0,0.0,0.0,0.0,0.0,197.1297817768989,42.502763904630896,0.0,163.44077481110514,120.79382930910838
719,Mic,012_00729,47.26105077551111,68.52769682029847,86.26553272074005,39.88129552100563,30.629953090749993,256.00494796793447,302.48005450822853,318.0144409728832,69.52825482524604,1076.0760013992242,273.61881895948034,44.52189761047728,85.9729298586752,43.003193456955735,93.2355913803859,133.26243692627276,203.36775283558694,328.34399735361416,53.55048146037976,176.1213089493556,245.30485817459754,0.0,0.0,0.0,0.0,596.4656964348341,273.608703641033,161.38105279524825,33.14582740229377,200.77496195069767,53.95866486904333
720,Mic,012_00730,608.0830408198926,0.0,30.831476679945197,0.0,40.66105632666947,713.6741709860814,809.886234848143,327.5570429752521,357.83336953602685,189.46204076274321,0.0,20.68588167279251,68.47709103298793,0.0,77.0122075552873,900.6072066715517,302.36564006498594,32.11706428930585,0.0,198.72987320464685,303.9311764804762,0.0,0.0,706.6039172825497,37.06783329317329,0.0,122.74118487995592,17.642656715129807,30.800603765339027,432.50129560863195,701.9716873057619
721,Mic,012_00731,321.43812184022676,0.0,0.0,0.0,27.150059657492683,264.7400249327196,35.786543216541375,0.0,211.55371781624683,234.27210639662624,106.1080853051528,34.53076310733868,76.20547663513616,0.0,0.0,50.11252698539867,169.08667525523856,13.403184309710316,0.0,97.57001648769138,253.67484021205098,0.0,0.0,181.46581521974625,0.0,0.0,117.08045531856312,88.35220213246107,38.561385816448066,184.03173856683495,0.0
722,Mic,012_00732,152.94335938851233,81.31390500182712,0.0,46.93143307157355,3.5401001812131114,34.5194899039583,381.5924900224225,266.5842338864743,73.5587191311796,601.7714404452969,110.68358795691503,18.00988465967972,99.36443052014675,0.0,33.52482135876983,179.68993890811586,86.87269067329122,125.83030526487796,0.0,203.55469558828426,99.23009663325608,0.0,64.67924700345742,0.0,903.6330941613003,321.70771306683724,122.1290991824026,84.48187979400966,80.44839422897584,217.809163967982,109.1361086160322
723,Mic,012_00733,0.0,0.0,0.0,0.0,0.0,0.0,114.76997445708976,0.0,90.99449573807551,642.3847644716581,0.0,0.0,65.98701499542474,0.0,0.0,79.5536365893204,99.06597879947356,61.898342084844,0.0,78.85431332505239,73.21978342484199,0.0,0.0,0.0,0.0,0.0,50.69051531405972,0.0,0.0,89.89242614610784,48.31753172364335
724,Mic,012_00734,155.05072724685922,46.391602314772506,47.16898081756565,66.26948168579474,79.98071698070653,173.30919157966696,10.412121394045258,0.0,195.51720191143733,0.0,0.0,113.02595140804155,99.7741807490958,0.0,0.0,188.6323341808628,102.43025703644781,70.19399617868908,0.0,166.07020332080253,0.0,71.79521701780274,0.0,574.1740527958123,0.0,0.0,114.96817906281586,134.95722971779708,0.0,9.267260427433797,54.79307721237905
725,Mic,012_00735,184.53890236742754,132.51490820710478,48.11980164035619,0.0,21.15372746319982,0.0,353.1817128078296,0.0,381.3718290862835,9.126551384163047,165.34634151845898,0.0,89.06222882818062,69.29757964024769,150.24467486246235,400.20847854750133,192.6978079138082,0.0,258.88208215201996,91.22497247070041,0.0,0.0,0.0,0.0,0.0,0.0,22.80554881205141,91.78510978177961,80.11936194174078,88.23796431519787,65.21384649816895
726,Mic,012_00736,0.0,122.72687521453454,155.97924338535913,56.8143662432508,235.09483476147074,668.6189834238288,0.0,0.0,239.459199310725,329.6448133472982,153.13325947448192,0.0,109.97835832570789,224.62652945887103,185.52940911046488,479.12985673113417,378.781683645046,270.8052466211925,0.0,211.21691069210465,366.09891712420995,0.0,1073.8224985460374,152.7680963355629,0.0,0.0,84.48419219009953,85.00552780926179,92.75181815698681,296.23640434512805,301.9845732727709
727,Mic,012_00737,0.0,0.0,18.21957646313138,4.977266530020976,84.09896528052613,175.72465069575986,513.7855860016339,273.5183185698515,73.42302975381116,259.1686194457451,0.0,0.0,0.0,39.357161955959484,0.0,133.05137826785293,53.60405493556265,23.72410323809352,0.0,8.635116441767808,56.126663252492115,0.0,0.0,0.0,0.0,545.8942726952953,0.0,91.22544447823218,0.0,150.34273362415246,74.07565839164833
728,Mic,012_00738,234.20323120361743,0.0,0.0,20.310078115393647,20.426881377378972,199.18236473018595,122.05868373540733,21.46365952320836,0.0,0.0,127.73200790288537,0.0,68.80162700944759,40.14990100009611,96.72149290119022,56.55471795449317,214.17805006688528,112.9424725244784,49.99736894642091,70.4723720982188,76.34290214912436,297.04845714000857,0.0,527.9135840871448,0.0,185.62992448287886,44.04389166308506,141.81016961545095,54.15651183384255,178.93279138087814,125.94617273935471
729,Mic,012_00739,346.4344931265373,150.6971863099401,66.88279406291366,112.94922511615042,36.08432347501644,156.3813170532809,519.0805728468563,108.83240072969448,399.39566917593487,62.27279479333577,62.677799226764684,122.38344878042824,168.80399184876094,65.67154349628123,123.398630245565,458.82097381747576,262.3689944675524,63.33783841239852,294.4031120286924,144.08595458066054,224.76770725765448,0.0,732.5300765275294,857.5314802942427,18.275303856169156,910.8817224624985,146.9631994376615,60.88768038430844,37.96353487355739,242.50049844066297,247.20597626050085
730,Mic,012_00740,211.5505307139565,5.538443599425148,36.200896926360265,57.13901976464081,127.3128951323657,103.4522558967858,254.82465713303378,0.0,35.661000758889514,297.5255751237153,0.0,94.45491816130489,134.00439968301637,86.88850370277211,87.91239693234336,220.30237824734877,116.36890541331826,83.80083236101957,64.91966060119884,114.38208086710898,247.82080543792677,1628.536430323821,0.0,0.0,0.0,0.0,102.94073879162896,69.05064412813881,70.32014767348171,138.29604022478128,32.707252243697035
731,Mic,012_00741,139.11540070555816,25.89919668795933,122.26122263299132,46.24560952174166,130.23239047937588,302.35596372711683,203.44835759875482,0.0,390.37017671805967,0.0,0.0,47.32453504998574,174.06646641478946,81.26262936230484,14.68218345478499,0.0,138.34859502254028,85.72252411030554,151.7905733481268,142.63472913884092,231.77485400669408,0.0,0.0,0.0,0.0,0.0,53.486395055602586,107.63289852107968,35.23234531430867,71.1378911947616,38.236895608638626
732,Mic,012_00742,28.476608052533077,21.471103417254554,7.796747184272425,70.9977879779334,3.4274926207769094,66.84290887963299,116.4584392900569,507.2051921392227,37.70411249584378,0.0,107.16283764417024,26.15550843716906,38.48149317161946,44.91254664556808,0.0,189.78998788704666,140.18224107983042,169.20520947646224,41.946102774134445,78.83191789383255,64.0491147255079,0.0,0.0,236.72329838308184,1499.810225015234,467.21169859905496,81.29294039763056,29.743484879582653,38.94469979076664,89.35628841561415,0.0
733,Mic,012_00743,73.5808245740966,0.0,0.0,9.784078726822056,0.0,230.28755593462597,103.76463444065651,532.499671709917,205.67249036688298,61.135392148708625,184.5989977226631,15.01851683093155,0.0,0.0,0.0,234.30180639320392,92.20081024447379,0.0,144.512943119107,59.41078401202578,55.16559025159328,906.2916778343182,0.0,0.0,53.82452505584066,0.0,127.30494713576643,25.618104271284373,11.181041092897042,110.82627881026993,72.80723958357217
734,Mic,012_00744,167.96560866946874,0.0,0.0,0.0,5.615728951956956,54.758930238526695,3.2898233720599026,324.5417182629746,212.78328850803186,121.14233514809257,0.0,14.284713076977239,0.0,0.0,0.0,160.6620673790835,102.31186543957894,266.1427086384172,0.0,32.29027255749005,52.47020310574996,0.0,0.0,0.0,0.0,0.0,0.0,73.09921609656388,10.63473615350468,117.12368227505907,207.74964780198445
735,Mic,012_00745,385.04660888236924,74.19330807473654,32.79850279070873,43.51986272396477,58.70348920567191,391.65392577412194,0.0,327.35286217863364,424.8469665190283,893.1099253265648,241.50048089165603,243.63371747955622,476.9670737423173,263.15693773778645,204.8138279785777,173.93447426338864,632.9737481589809,719.9287457538309,945.2907569619007,888.2718346908104,230.9441197629425,0.0,0.0,729.6573490108196,0.0,280.7735775332433,386.38648471170967,274.82073865216535,117.020215022435,257.75606063400096,133.3494603125641
736,Mic,012_00746,183.8568822591755,0.0,39.022525708348546,29.848741668095943,5.146354591793389,552.002708702999,87.43073875059495,707.489203010272,207.57895964129716,293.08489489798825,321.8084020001052,52.36306763739716,86.66951223279668,0.0,109.65618807125982,327.71348803958847,308.0699709462119,193.0858730706328,377.89056170847095,236.7310728393897,96.16926778188201,0.0,1692.4724753203216,905.7942905968727,0.0,233.83829293067126,77.675018491196,156.308672031359,19.49172536791604,161.00136026168568,412.50191262573134
737,Mic,012_00747,22.2418227491058,0.0,0.0,0.0,0.0,156.6241451853512,112.91654629815541,243.7880665513894,124.34030473525847,207.89830559886943,0.0,54.477104529590214,45.08429595960696,17.539604784721075,38.02776708475367,9.882439327865887,137.3603907723793,95.15428363974466,196.57350647878533,130.84078608504703,300.15563391550137,0.0,0.0,405.57421848802505,0.0,243.2789693533381,103.89981399776215,104.54095966604865,30.417987569496304,106.08422961341918,0.0
738,Mic,012_00748,257.92737527861647,0.0,27.424921913909294,14.984008679538672,66.30879954810713,205.7289179765627,383.1551454952074,973.8572650451514,184.1993840851731,403.11594531622274,47.11792599214828,69.00115774770649,118.43823204307004,0.0,85.62895805098378,470.0896707550751,336.1967606316976,113.0835095780804,405.7478787574928,285.95520216777237,309.77600679740846,0.0,0.0,0.0,1758.5187486775355,136.95074848212394,220.9586564971834,65.388867545586,74.20145452558947,248.30425403994818,204.4203265231065
739,Mic,012_00749,409.59992346247105,1148.112719615423,1819.8595872084366,1336.7497560520635,1554.2828031062304,331.0383616560248,514.4996457682553,519.5749223965695,331.060543704588,225.4367585483631,184.5989977226631,1103.8609870734688,977.7528021011564,1349.077923501517,1313.9548563028811,439.99699688956315,691.5060768335534,859.8464043892071,1065.782955503414,1080.00318079004,896.4408415883908,1132.8645972928978,943.8850729228868,509.72525293959836,80.73678758376099,469.47842202262336,330.9928625529927,211.3493602380961,148.1487944808858,195.4852417903372,209.32081380276998
740,Mic,012_00750,269.4014957935809,671.5148528250384,802.3629308863261,619.1534649419282,603.1431983663738,221.19725767404864,333.0105884247199,466.2033105261581,210.3978971033553,642.48943854115,187.74232430927194,505.74739185771654,415.738623887583,590.12896284197,524.4221378261748,343.5830434739998,450.000578438512,442.6785455603395,1371.7544383999448,454.6067997311181,1097.1633181926788,323.41189090062846,414.4578064563654,347.8328880740724,334.5285883888548,303.15722961213186,198.52477359840728,165.01073045327288,50.53969038894638,236.559016173968,189.23120009414504
741,Mic,012_00751,0.0,11.612865611697892,0.0,50.687840113794266,11.122766375811517,162.68701532155833,329.0566235401981,306.7918559591492,152.9449079468502,806.1983325932932,86.94017312099616,14.14647391816778,31.219663008588043,36.4371144560012,0.0,400.334429288193,113.7284955857334,54.90981959139388,0.0,159.8889302443459,155.88728083998615,0.0,0.0,594.7395750427812,0.0,0.0,59.95652348974805,24.13060144262915,0.0,69.59413637118024,137.15944489292306
742,Mic,012_00753,113.5417927167767,439.0229682471154,111.5949058366797,60.97151499275696,189.22267188118374,205.01209247838656,197.06844394583223,0.0,250.55608903488059,408.1905756270485,164.3381321189562,106.96114425931738,147.5319440954618,68.8750334229291,0.0,0.0,82.08120912008032,145.31013233332283,0.0,211.56035282331132,196.44332138372243,0.0,0.0,0.0,95.83391046527728,0.0,45.33298117517536,159.6445278369063,99.53853655871757,317.9122388094057,64.81620109269231
743,Mic,012_00754,107.293886520031,67.41551197802147,29.376508117520817,0.0,51.65629328092241,188.88754587896287,457.7043775352403,0.0,248.607078834955,5.571639983590175,0.0,65.69897999448708,18.123774405734633,0.0,45.86120225202502,59.590739018217526,26.408864143503635,25.50118962296944,0.0,83.53747479058522,60.33090769088104,0.0,0.0,0.0,29.432137296452197,0.0,153.1473746067722,98.05881110581508,97.82364042324903,60.60163560411765,0.0
744,Mic,012_00755,153.61685578715742,36.521620836789026,26.5240066046601,95.23169960773467,29.983109360883223,48.72751183544259,87.82398045412087,735.1147852934203,280.965460524584,0.0,312.4806222319862,152.5358926828526,210.3933811448325,81.85148899536502,118.30860870812252,92.23610039341494,206.23965918867384,78.9428130937141,61.15620201562209,143.66831413260064,46.690876386855756,0.0,0.0,0.0,0.0,0.0,366.343047873591,140.93670117941375,66.24361737356972,104.22310277809603,0.0
745,Mic,012_00756,59.23348584761861,47.36826762666246,63.888383255585694,48.33187762046685,12.962622468051018,252.79686591319845,580.9259158234047,261.0605004163663,415.9028198554698,190.14792395124664,0.0,49.459476480812164,200.1109978557993,106.16076580225914,30.689075191204715,562.2587849170013,146.99971644061645,115.1867644060067,79.31913419319407,232.9209040213685,121.11543122906194,0.0,0.0,0.0,0.0,0.0,195.6476029665463,126.54958275363785,24.547849617488243,162.2118968050066,39.96186834286292
746,Mic,012_00757,48.618417769063655,108.09364466240989,290.12178056011095,231.24146379946015,148.54556138975434,219.46464207869056,677.7122042614993,15.766169397378466,231.0812534340574,178.67071090980295,422.21598434739656,274.8035664521365,416.9414524515087,294.9218141347356,255.76900263792544,37.388132078531775,312.9760687920705,168.88712135420883,440.7078787548747,245.88663162903322,925.2839471964365,0.0,328.9691205293344,20.057579227944103,0.0,0.0,300.87842858301764,156.2503696546222,102.29338900655675,319.2002599444038,0.0
747,Mic,012_00760,507.0348265636863,151.32694347986856,422.2548080520636,594.1446745438313,694.1885828797411,892.6190221182846,299.41759707920414,908.4383092595681,237.7639129439234,125.06606033961485,238.5084395354762,912.0094026004626,942.1154943299579,574.771296617895,343.14731419546155,865.937814202337,899.1230298640403,1129.7816862831041,560.1475140368926,899.1983643387771,1853.1732796021959,0.0,0.0,0.0,5911.171291530819,0.0,608.5852428561152,132.39799021619535,86.67780528652929,302.29311447363693,564.4171847363648
748,Mic,012_00761,555.0446867039353,67.499781367994,32.681365280741915,35.711887352900504,0.0,105.0686973951731,239.86924661531765,56.61040199246205,335.84152703329187,604.3488244700467,0.0,0.0,120.97619415827869,0.0,0.0,159.1072731786408,88.13958407894339,127.66533054999076,0.0,61.956960469684034,0.0,0.0,0.0,0.0,0.0,0.0,0.0,116.88260073773495,20.405399994537103,314.62349151137744,0.0
749,Mic,012_00762,0.0,130.9086668955035,114.08767516186266,88.30575781808123,125.3839118727844,244.5235139378574,367.2639182626873,175.6637928493368,226.04948414932443,70.32422684742362,196.01057212733684,127.575473880204,281.5445973138122,349.1338057875024,178.10823274604627,179.35728976501326,184.14617235666847,136.17635258665683,76.72323525596228,252.33380264016765,117.15165347974718,0.0,0.0,0.0,0.0,284.85755684281776,175.72711975540702,258.41680454015585,35.616698172282945,189.59129878088194,77.30805075782936
750,Mic,012_00763,0.0,0.0,24.20841872647549,105.81299956414964,0.0,622.629317897322,448.8781223210622,0.0,448.7642772267662,0.0,0.0,0.0,0.0,0.0,0.0,88.39292954368932,11.87065105440315,0.0,0.0,0.0,0.0,0.0,0.0,0.0,0.0,0.0,0.0,0.0,60.460444428258086,33.29349116522512,393.69840663709397
751,Mic,012_00764,175.1823564440362,3.237399585994916,63.48178867482241,74.50681534058378,74.41850884535764,211.64917460898175,455.9423014043523,518.5892940316667,138.3350626233901,428.0943526959933,48.47383753149067,23.66226752499287,87.03323320739473,91.42045803259295,51.38764209174746,329.0887844522246,130.27826031289212,97.96859898320635,113.84293001109509,115.89071742530825,86.91557025251028,0.0,396.5675414294719,1492.1973150803594,28.267556324290418,0.0,207.25978084046,228.7199093572943,17.616172657154333,517.366481416448,76.47379121727725
752,Mic,012_00765,175.5359540493154,0.0,0.0,56.01864682807921,0.0,82.40682148641027,217.83791230286843,0.0,258.2403129821544,247.9379792697628,0.0,0.0,23.72082238397621,27.685062454314636,0.0,132.589394315534,94.26693484378973,33.37655700653353,103.4259298793609,133.63265983657337,0.0,0.0,0.0,0.0,38.52147381447419,0.0,72.88832267381136,220.01430727103053,0.0,308.4544034425269,52.10714205490949
753,Mic,012_00766,215.83708541735004,0.0,107.44558448463093,0.0,0.0,345.4313339019389,491.15260301910746,0.0,202.06420106220082,366.81235289225174,184.5989977226631,60.0740673237262,33.144162783090046,116.04971384959286,83.86945891294987,359.62602841747577,316.11706369533863,23.317868593605617,0.0,186.71960689493818,110.33118050318656,0.0,0.0,0.0,53.82452505584066,536.5467680258553,280.07088369868615,179.3267298989906,111.81041092897043,147.76837174702655,291.2289583342887
754,Mic,012_00767,1007.1375363579472,0.0,0.0,0.0,0.0,0.0,0.0,542.5163524277614,0.0,0.0,0.0,0.0,0.0,0.0,0.0,0.0,20.031723654305313,0.0,0.0,0.0,0.0,0.0,0.0,0.0,0.0,0.0,0.0,0.0,0.0,0.0,0.0
755,Mic,012_00768,0.0,0.0,0.0,0.0,0.0,147.46483844936574,0.0,768.0475591959763,138.63427328515658,0.0,0.0,0.0,0.0,0.0,0.0,13.956778349003578,89.96703957021334,29.863235216372107,0.0,0.0,0.0,0.0,0.0,336.9321422939733,0.0,0.0,0.0,0.0,0.0,0.0,0.0
756,Mic,012_00769,7.57869515895457,28.57133602878053,0.0,22.67421419231778,0.0,0.0,0.0,0.0,0.0,39.35523480472425,0.0,0.0,51.20685467017087,0.0,0.0,8.418374242256126,33.91614586972329,54.038235153435245,0.0,52.45033690555262,0.0,0.0,0.0,0.0,0.0,0.0,19.66827754690148,0.0,0.0,9.512426047207178,56.24262951958485
757,Mic,012_00770,30.73762628846381,38.62648433075479,5.610534812144534,0.0,66.5933866706312,216.45053540636516,8.669319958990473,492.4052133249918,171.8350992478679,19.15400698221343,0.0,37.642977808000104,0.0,24.239282148842,35.03559657021654,34.14319166923622,165.0682807565073,58.44478651787846,0.0,276.5460896500918,138.2691189138647,0.0,0.0,0.0,0.0,0.0,159.54096379246263,48.15763807219981,98.08604289219552,115.74132121816457,91.24340754679432
758,Mic,012_00771,740.8827853667657,0.0,67.61661782222465,197.0311026366924,535.0434170433472,869.5340474083292,470.1611367414574,468.49987855830665,0.0,0.0,0.0,226.8313921361386,333.7274321607687,194.7500945062133,0.0,0.0,243.1436802177749,469.57362960916134,0.0,598.205135569363,0.0,0.0,0.0,0.0,0.0,0.0,0.0,322.4347606558206,168.8722758168588,526.9556015461493,183.27339619312994
759,Mic,012_00772,7.57869515895457,0.0,0.0,45.34842838463556,0.0,266.8411362417095,69.46923321635487,1333.8888370710636,445.9769214675937,0.0,0.0,46.406422377058334,128.01713667542717,0.0,0.0,75.76536818030513,94.9652084352252,18.01274505114508,0.0,26.22516845277631,255.68813259468632,515.8619296834717,0.0,0.0,41.57873364101977,0.0,177.01449792211332,98.94823342877034,0.0,161.71124280252204,0.0
760,Mic,012_00773,249.41825112678848,53.73116924815442,0.0,0.0,8.577257652988983,0.0,457.25271415541044,150.2100218705461,15.725678760704328,111.01700564317736,268.17366833342106,0.0,0.0,0.0,40.61340298935549,7.915784735255761,277.45432165963183,169.37357286897614,0.0,49.31897350820619,80.14105648490168,0.0,0.0,1949.177587360359,0.0,0.0,73.97620808685332,93.04087620914225,16.243104473263365,241.5020403925285,317.3091635582548
761,Mic,012_00774,528.8763267848913,13.846108998562872,0.0,142.84754941160202,0.0,0.0,0.0,0.0,429.55296368662357,171.6493702636819,0.0,0.0,0.0,0.0,0.0,208.0633572336072,162.7192321457416,104.75104045127449,162.29915150299715,38.12736028903633,0.0,0.0,0.0,0.0,0.0,0.0,457.5143946294622,172.62661032034703,25.1143384548149,262.7624764270844,0.0
762,Mic,012_00775,126.98345612078137,19.14887414694865,0.0,0.0,0.0,298.0672266529733,168.32929587039834,139.18396707366557,190.54838413236416,179.35938925897733,0.0,0.0,34.31948770447622,20.02749198822761,14.47392553344052,129.7683433726503,209.125512192464,0.0,74.81875778506958,61.51754940252315,456.97453485007765,0.0,0.0,0.0,0.0,0.0,52.72772278531034,39.789821527739555,46.3101276471764,127.5069874412877,0.0
763,Mic,012_00776,211.33377812101187,295.0810114447825,75.00641211973553,0.0,28.26276702050468,551.1800519091048,0.0,0.0,0.0,85.35569778139373,0.0,467.2974581165259,198.32162976766995,324.0513867603385,100.36836886303836,91.29105838118733,52.54222597850574,279.04990284150983,345.8834376293381,264.0788479035713,132.0356750284036,0.0,0.0,2046.4485036051985,5797.166059293002,0.0,60.93941731744884,337.2350447514976,80.28354096211318,44.20938990792188,0.0
764,Mic,012_00777,167.52905088215365,84.21025355851103,7.64476380836068,0.0,0.0,458.7794973980268,511.8785605415622,797.4746687437149,266.9993411417831,411.7800357462727,52.53694672029009,59.83986043357522,113.1940997972198,11.009264601715763,15.91285380284689,201.59790948560723,214.92126119550966,318.54117564130246,575.7981593283719,193.23808333624646,282.6026728678112,0.0,1289.4242867531368,239.59619007571436,30.63696163022509,305.4028387203699,210.14001800110526,72.90922463172551,38.18554384942615,161.2105888000374,124.32581262224019
765,Mic,012_00778,0.0,19.081210280705015,9.238548489255663,40.38093269585922,0.0,118.80559422775755,346.17544239071316,346.7303773389902,141.4755410768665,126.15925446941992,0.0,15.49613750753361,51.29732614485315,0.0,0.0,33.73299077992384,129.10905987792543,84.20799188220828,0.0,61.30017290286759,0.0,0.0,0.0,0.0,27.768129534108606,0.0,131.35351435916536,105.73125720445282,0.0,165.1733625299508,0.0
766,Mic,012_00779,552.3951171015585,161.43445469176442,111.380437728089,128.11439409112288,61.84856639464701,452.31367488505003,1109.614640939397,155.69976033801223,694.5390588079683,486.9813225119108,483.4341465024002,78.66200743734551,108.49882884150554,75.97873642170653,146.42679822171218,256.85479078166225,221.3370721264946,412.192995497728,0.0,155.58698593283881,144.46952783376895,0.0,0.0,964.562688970729,0.0,2458.9721835086284,200.03432052185,100.63434682352067,102.48452015193523,411.1671509821972,95.3350401722111
767,Mic,012_00780,1211.2687685593567,4481.864677856962,4562.230857982762,5733.076144170335,4015.0200639129025,564.1272343364998,0.0,91.18454012208652,692.985280152917,0.0,0.0,5150.645705104713,2987.8684194796347,4321.099412332492,2876.3284231219723,491.20366216224676,1613.2931802125086,2924.592807230213,1840.842725101108,2445.0129366559872,2378.414441451243,0.0,0.0,902.2545286932574,0.0,0.0,274.4318726175045,100.40921405657768,65.7355167609249,265.45414432407676,0.0
768,Mic,012_00781,1388.1643299485122,555.553756115177,766.5999263383904,714.23774705801,234.1273663056622,518.857764914435,12.468836731140618,0.0,312.1838450273156,0.0,0.0,730.9011524386688,507.80130881252774,278.90136991013264,201.5628148360606,9.821436615965482,316.550694784084,693.4906844690856,260.48011969616823,657.8146420238057,198.86854757364492,0.0,583.3109868645142,0.0,0.0,0.0,0.0,92.35168453351898,20.15348147608603,366.22840281747636,656.1640110618233
769,Mic,012_00782,66.40141520064171,15.893988254420957,89.45892483028692,50.4538805868793,34.25222758114143,445.32428035040255,370.10149820511424,216.6108096841815,330.2739684974415,541.8512129736537,0.0,58.084859796450495,64.09334789842579,62.33722671832435,36.0410331163817,10.536905508519258,138.67436066203413,150.30502493008478,139.7277463270836,180.53683845470843,284.4742137477305,0.0,278.1350400943379,703.7642230431734,34.69483734283769,1383.4141833426029,106.67761133054509,74.30946801869243,28.82882118433498,242.0943927113721,46.93093589051452
770,Mic,012_00783,0.0,140.25928595946803,365.01265118750706,510.16981932715004,649.3095436269191,109.16228300797204,78.69941105629013,578.3573536892227,342.0845704438929,154.55874032400794,0.0,142.38334138415627,188.53432855835638,220.04231457195527,291.5462143164448,92.9847700394654,149.8476990244138,22.106550744587143,0.0,193.11260406135278,313.79907182075135,0.0,0.0,0.0,0.0,0.0,24.13834062574272,0.0,148.40290905117894,233.48682115872165,69.0250453194905
771,Mic,012_00784,183.63761346697612,23.076848330938116,0.0,0.0,0.0,161.64414983872786,80.92754609153766,24.19247948395814,131.70255962089877,195.48956057808218,0.0,0.0,15.509768481830598,0.0,52.328807697823414,40.79673671247199,94.50864493313279,87.29253370939539,0.0,31.7728002408636,51.62933446623473,0.0,0.0,0.0,0.0,0.0,83.4010615209957,35.9638771500723,0.0,167.10771527161072,68.14010884103548
772,Mic,012_00785,162.15547755197136,0.0,36.99777201593424,40.42855172026472,135.53685442223156,528.647534063764,409.70715409964873,123.42729155589211,288.2546587929105,308.7529553170631,84.75299895443024,165.4870533823401,30.43426268132797,53.28068623283195,0.0,485.3272169285584,151.18282003249297,192.70238573583512,0.0,77.93328360966545,303.9311764804762,0.0,0.0,0.0,0.0,0.0,151.9652765180407,94.09416914735897,10.266867921779674,316.60225560893326,0.0
773,Mic,012_00786,349.47151609381524,104.0125041946617,98.62113439453418,75.66563612492561,77.48443992138361,215.87148100452904,210.74935919568333,138.118476771336,397.433085212343,126.55582248440538,43.26076030097724,84.47011713576909,209.7179609806436,172.24286047018222,176.89320868638222,61.29333156159517,162.56885200026912,114.7553533033625,101.5997898654396,75.58152481052947,155.13661977655124,670.7033114664719,0.0,0.0,0.0,0.0,274.47191812642285,90.05401019921794,36.68386515871838,86.57376514873948,221.8108197907223
774,Mic,012_00787,0.0,59.9998056604391,54.46894213456985,35.711887352900504,129.3021591188089,280.1831930537949,1472.8813388659855,125.80089331658235,0.0,334.71627201417976,0.0,109.63517286580031,120.97619415827869,94.12921234466975,136.0549000143409,490.58075896747573,224.35530492821954,141.85036727776753,0.0,82.60928062624536,0.0,0.0,3149.879329068377,0.0,0.0,0.0,216.8427599545888,31.168693530062654,136.0359999635807,29.96414204870261,354.3285659733845
775,Mic,012_00788,54.344789676405945,0.0,46.055040504026536,0.0,4.672164737807006,45.558242772974786,125.90483918761502,102.27714903787182,5.7106800919630905,44.34663043849415,0.0,47.53828633747439,52.45580234505309,0.0,0.0,17.247400886573526,99.01860147819212,36.904160592589925,114.35712572026897,67.16201676930518,87.30814283720996,0.0,0.0,0.0,0.0,0.0,181.33192470070145,91.22544447823218,0.0,73.08327328951856,0.0
776,Mic,012_00789,61.137888385956686,0.0,23.913194107859933,0.0,0.0,0.0,0.0,0.0,224.85802862104669,54.42541008360646,164.3381321189562,0.0,0.0,34.43751671146455,0.0,0.0,93.80709613723465,0.0,0.0,120.89163018474933,0.0,0.0,0.0,0.0,0.0,0.0,0.0,0.0,0.0,197.3248378817001,64.81620109269231
777,Mic,012_00790,55.872720693143805,19.14887414694865,41.72089184775563,5.065515936581631,97.81723621281051,59.61344533059466,279.3550016572568,369.3728356954971,78.46109934862054,31.65165692805482,0.0,0.0,34.31948770447622,20.02749198822761,28.94785106688104,101.55783394381326,190.94068504529324,120.72371683214256,0.0,123.0350988050463,114.24363371251941,1135.993823877432,0.0,0.0,2145.7280520487966,0.0,276.8205446228793,92.84291689805897,219.97310632408792,31.876746860321926,113.08358488512272
778,Mic,012_00791,207.7076283394837,37.28801481722205,14.771238544968094,13.450805029341057,22.727309826281537,126.63647143674346,97.00332304395836,247.3373495715856,684.5556771255755,686.3819765095128,152.26809981643396,0.0,63.79159013995862,31.908207574464328,38.43358757467257,209.74593451044925,206.4286098613158,307.74316968736,158.93702218749246,163.3516848541575,273.0229212451735,1993.5003384378224,0.0,0.0,14.799210279007035,442.57530017951905,91.00745373396785,169.05054118000083,30.742598861826146,199.76094699135075,120.11137829606257
779,Mic,012_00792,71.80763671716586,0.0,10.34766183031406,0.0,0.0,44.35617831986199,138.57187417299284,382.381607125865,303.02013717526046,302.2357425399219,71.11201495384911,11.570994497709794,25.535872117842462,0.0,0.0,289.6675949690294,118.39330075367785,62.87826306771752,111.33978731076319,104.62389103060099,0.0,0.0,0.0,385.1161056510534,0.0,1240.1450363869374,127.50648531065154,59.21229377742773,0.0,256.15783703904077,0.0
780,Mic,012_00793,38.539194216387806,88.78895008047041,0.0,0.0,85.04177879263963,226.15683744252502,135.87118052319147,365.5559590544635,373.2556846655068,460.2974144290663,0.0,0.0,86.79906307320442,0.0,91.51674888857012,577.9232792587401,267.32919100992206,183.1968868878791,0.0,155.58698593283881,72.23476391688448,0.0,0.0,0.0,1303.8568805006782,0.0,300.051480782775,83.86195568626724,0.0,24.186302998952776,429.0076807749499
781,Mic,012_00795,0.0,0.0,93.37532937354831,119.03962450966834,0.0,200.13085218128208,1575.0812685015844,323.48801138549743,137.9741100790368,1151.1406180381844,0.0,0.0,0.0,134.47030334952825,145.7731071582224,587.1816033973648,236.5651174413199,202.6433818253822,0.0,236.02651607498677,0.0,0.0,0.0,0.0,0.0,0.0,0.0,222.63352521473328,0.0,321.04437909324224,759.2754985143955
782,Mic,012_00796,570.4510283453799,73.2555766784431,22.800952521447844,24.91527024620965,52.62297173439897,293.21496947490164,510.8598397927206,581.4634313179241,430.33045643572734,527.5889558879835,352.5626206505513,63.74137957313971,91.43549558474551,24.62682881110546,53.39363808702331,333.0152229320388,283.2392553911077,227.62035679455715,30.666990836322125,280.96761143228804,187.30642271471206,0.0,0.0,0.0,765.2783489770834,455.44086123124924,405.2294102141402,228.32880144115666,14.236325577584026,135.88389998830252,169.95410867909433
783,Mic,012_00797,3.935091717149488,0.0,0.0,0.0,47.36342824864795,92.3680856221302,197.00076934282885,398.1390909359969,133.14984049585368,314.6905121500835,148.08491026103744,0.0,13.294087270140514,15.515804232637874,0.0,0.0,102.13977775382051,28.05831440659138,0.0,40.850743166824635,0.0,0.0,0.0,0.0,21.588957852067956,0.0,40.84949952048769,71.9277543001446,8.96940659100532,133.3568959310391,0.0
784,Mic,012_00798,321.43812184022676,21.25977365921071,25.733358488773156,61.86311194990638,0.0,198.55501869953972,576.5609740442777,796.4088049333244,385.77442660609717,245.98571171645756,318.3242559154584,17.26538155366934,19.05136915878404,111.17623505275957,80.34738189823281,81.43285635127285,201.8945376181953,281.46687050391665,0.0,292.7100494630742,317.09355026506375,0.0,0.0,0.0,0.0,308.408772172342,424.4166505297914,117.80293617661475,89.9765669050455,84.93772549238535,502.1979675213325
785,Mic,012_00799,0.0,652.7451385036782,71.82717644119101,0.0,0.0,0.0,11.098634892553736,1376.8976894869893,0.0,0.0,0.0,96.38256955235192,0.0,62.0632169305515,179.41305496396603,0.0,140.88245207423518,74.82217175091034,463.7118614371346,27.23382877788309,0.0,0.0,0.0,0.0,0.0,0.0,0.0,82.20314777159382,35.87762636402128,0.0,116.81161515606085
786,Mic,012_00800,153.84751172677778,86.6663859539676,72.62525617942647,37.03454984745237,121.3205443583886,622.629317897322,142.14473873500305,27.95575407035163,152.18962445081632,275.4866436330697,0.0,0.0,107.53439480735882,41.8352054865199,105.8204777889318,477.3218195359224,337.1264899450494,453.921175288856,0.0,137.6821343770756,119.32112854418695,0.0,933.2975789832227,640.1710703585493,2823.1960142252424,1160.5307871374055,302.89147422228274,27.705505360055692,12.092088885651616,246.37183462266592,78.7396813274188
787,Mic,012_00801,449.1340275132992,0.0,0.0,0.0,0.0,0.0,59.913817174209576,115.13980066263468,0.0,352.9964450620351,0.0,0.0,0.0,0.0,69.18045763441063,0.0,108.64663676911358,0.0,0.0,21.002359481248824,0.0,0.0,0.0,1692.6557114565032,0.0,3983.177701615672,0.0,0.0,27.66833897564353,106.6520310208059,270.25060116614077
788,Mic,012_00802,91.15103359360815,0.0,0.0,0.0,0.0,152.82719621116087,252.4939438055975,0.0,306.50777511772804,297.5255751237153,0.0,19.933667793781872,21.99567166514158,25.671603366728117,0.0,28.928595123389233,107.8070945758977,0.0,95.90404406995283,90.1192152286313,73.21978342484199,189.93098320164182,0.0,0.0,0.0,0.0,118.27786906613935,51.003316685557074,14.840290905117893,32.68815496222103,144.95259517093007
789,Mic,012_00803,405.91688761788276,140.7161565977725,114.97027525472724,18.61205855525759,78.62020532739739,164.2767907155801,78.95576092943766,83.59407894652378,106.39164425401593,305.2786845731933,0.0,85.70827846186343,63.04948229747423,110.37953239114371,132.9526710237859,139.93147803984695,162.86378580177873,266.1427086384172,206.17807519924716,201.8142034843128,157.41060931724988,0.0,0.0,0.0,25.597331134048,255.16556394714945,145.30180285463373,292.3968643862555,10.63473615350468,52.70565702377659,34.62494130033074
790,Mic,012_00804,838.2036845803755,53.33316058705699,72.62525617942647,42.32519982565985,12.770583616672484,498.1034543178576,362.843148876192,782.7611139698456,511.2010462322293,369.15210246831344,199.64039753710233,16.242247831970413,197.14639048015783,0.0,105.8204777889318,229.82161681359221,429.717568169394,214.3516661086265,78.14403590885046,192.75498812790588,357.96338563256086,0.0,0.0,142.2602378574554,0.0,0.0,206.51691424246553,235.49679556047343,24.184177771303233,219.7370416904858,39.3698406637094
791,Mic,012_00805,205.37706623769904,0.0,14.418249388562607,120.79020722304581,0.0,123.61023222961542,382.4540619408315,222.00157644102765,418.3493070310902,240.64568576182856,99.08622671878241,0.0,88.9530839399108,83.05518736294393,60.02422059456217,5.849532102155912,153.1837691211583,25.032417754900152,0.0,63.77922401291003,118.44376730489147,0.0,694.8263225886125,381.27835808119477,28.89110536085565,287.99936813152533,122.99904451205666,110.00715363551527,120.03176467374767,257.77975144839746,390.80356541182124
792,Mic,012_00806,0.0,148.23481398461428,15.37946601446678,0.0,40.565383252959656,197.77637156738464,0.0,106.56075669169329,458.63479585630625,0.0,0.0,51.593022525082496,227.71989488617163,0.0,192.07750590259892,374.3700545379784,233.78199841259848,0.0,0.0,58.312433383232026,189.51002768782632,0.0,0.0,0.0,0.0,0.0,131.19898081286047,132.00858436261834,0.0,126.90695455921107,0.0
793,Mic,012_00807,124.82556732395763,137.25445739316137,296.1971232415824,336.11188096847536,180.29059223537627,73.25050798792024,629.3095244305089,424.26967942063067,410.88903132271685,106.95363811636825,58.71776398150068,238.85658576427085,368.99057041740775,159.958138624929,195.63449675264704,239.1808681770417,297.46454995151424,422.76972208275805,45.967079946382626,334.75656201485054,210.56669743091814,0.0,205.8744659521815,0.0,51.3619650859656,0.0,145.77664534762272,162.97356094150408,21.33898038644403,223.2622348726861,138.952378813092
794,Mic,012_00808,314.6039734589281,148.83672721969393,192.5413768477818,228.85137115037014,102.46165925004668,260.6355284221348,404.5122613939805,66.31364919013643,258.6406855604214,342.11597139548655,69.64199914084965,56.65900406501308,287.5919861127038,145.93676332506942,94.92202326581922,217.89884957281555,256.73733675802157,193.53228403788435,54.51909482012823,185.71078590396246,166.49459796863295,0.0,0.0,258.0534547181749,527.9532225115533,0.0,288.1631361522775,183.6295122701366,67.49072866410205,32.51922392882454,27.467330695611206
795,Mic,012_00809,0.0,235.29335553113378,136.70636457303806,214.73814617430367,33.80448604413304,219.75152396376075,0.0,0.0,523.3670343104997,0.0,0.0,200.63953204198748,0.0,36.91341660575285,106.70972550144386,0.0,100.55139716670902,222.5103800435569,0.0,194.37477794410674,0.0,0.0,0.0,0.0,0.0,1023.9977533565344,24.296107557937123,97.78413656490245,170.71184309155225,82.25450758467383,69.476189406546
796,Mic,012_00810,68.6540620281767,7.843111851037792,11.39219704775317,28.009323414039606,26.292378034325704,0.0,39.60689314597607,78.93389384569872,45.909388974605235,32.41019336859644,0.0,0.0,10.542587726211648,0.0,0.0,128.2564075731963,50.27569858335451,44.50207600871138,0.0,32.395796324017795,35.09444957181969,0.0,0.0,0.0,0.0,0.0,8.098702519312374,57.04074632952643,0.0,94.00515152534153,69.476189406546
797,Mic,012_00811,0.0,0.0,0.0,0.0,0.0,0.0,0.0,0.0,7.472485652249574,0.0,0.0,0.0,0.0,0.0,0.0,45.13681508613922,13.638620360378086,0.0,0.0,0.0,114.24363371251941,0.0,0.0,0.0,0.0,0.0,0.0,53.05309537031941,23.1550638235882,25.50139748825754,0.0
798,Mic,012_00812,156.19848978420754,33.41056463690345,0.0,43.08626780396348,0.0,234.02772505653402,135.91321337099447,87.56442690249351,168.67706011771722,352.0604253204056,0.0,0.0,11.227489017009622,0.0,18.940357310581103,107.05593786961909,87.74917461561121,126.38176574167687,48.95334036053278,51.750593431754645,37.37436740943211,1131.0661799324378,0.0,142.5903080148973,0.0,181.75366155864242,60.3738542796999,69.42446818761056,7.57509048521099,104.28355701404621,0.0
799,Mic,012_00813,0.0,0.0,0.0,0.0,0.0,0.0,34.82675086973758,267.7142163190324,0.0,87.93859363262521,0.0,0.0,0.0,0.0,0.0,0.0,12.6308405307935,33.540973543511534,0.0,0.0,0.0,0.0,465.49940823670596,1154.2000578878276,0.0,0.0,0.0,0.0,0.0,0.0,0.0
800,Mic,012_00814,0.0,0.0,46.82703085001826,8.528211905170268,61.75625510152068,150.5461932826361,250.23280401032352,310.93474527203034,0.0,97.69496496599609,0.0,39.272300728047874,86.66951223279668,0.0,60.92010448403323,14.24841252346037,114.80868482467524,111.78655809352426,0.0,133.1612284721567,0.0,0.0,0.0,0.0,0.0,233.83829293067126,88.77144970422398,44.659620580388285,29.23758805187406,123.43437620062568,95.19274906747646
801,Mic,012_00815,0.0,53.23457803514005,16.9145698310679,0.0,41.42767883042553,186.4435295736898,134.41452091684303,80.92183156038939,155.80339770309652,241.98013503592375,49.817844117391516,8.106112596362314,62.612447993194145,62.63681412953996,45.267804071314906,94.11151093745849,143.36937890844763,106.977726154028,0.0,128.26579616644383,29.775142982375666,0.0,0.0,681.586943671949,0.0,0.0,82.45407296926535,159.0121888040165,72.41842511924443,99.69585154836359,58.94560247246694
802,Mic,012_00816,0.0,0.0,12.816221678722316,0.0,84.5112151103326,329.62728594564106,29.705169859482066,0.0,402.85488825216095,0.0,528.4598758335061,85.98837087513749,284.64986860771455,110.74024981725854,120.04844118912435,0.0,100.55139716670902,0.0,620.5555792761655,0.0,0.0,0.0,0.0,0.0,0.0,0.0,72.88832267381136,183.34525605919208,32.00847057966604,0.0,208.42856821963795
803,Mic,012_00817,0.0,0.0,59.420664146803475,0.0,195.91236230122558,127.35599684263406,0.0,11.436444846962031,518.8282651732376,1115.7209067139324,0.0,33.222779656303125,36.65945277523596,0.0,30.921568185077476,578.5719024677848,194.2470172538697,180.53683108079503,0.0,131.423855541754,122.03297237473664,0.0,0.0,0.0,0.0,0.0,168.96838438019907,56.670351872841195,24.73381817519649,245.16116221665771,0.0
804,Mic,012_00818,414.6344009333303,947.3653525332492,447.21868278909983,952.3169960773467,589.7993222963213,442.3945153480973,0.0,0.0,425.1451047411469,639.4189991693883,236.41626024130537,1192.522932926249,933.8513233270634,743.125360615814,823.4901842973266,0.0,303.63875854947,179.17941129823265,0.0,304.34998125458816,141.3013364339056,0.0,0.0,0.0,0.0,687.1563871208322,97.82380148327314,32.80915108427648,28.639157887069615,189.2472129391744,186.4887189333603
805,Mic,012_00819,506.3946310756008,0.0,0.0,0.0,0.0,0.0,0.0,0.0,85.14104864381335,0.0,0.0,0.0,0.0,0.0,82.45751516020661,0.0,45.32430402590293,34.38796782491334,213.12009793322855,50.06623068257296,0.0,0.0,0.0,1241.5438940287017,0.0,0.0,0.0,75.56046916378827,0.0,145.28068872098237,0.0
806,Mic,012_00820,0.0,0.0,91.20381008579137,199.3221619696772,26.729128500012177,260.6355284221348,344.48786131616407,0.0,824.9276602611334,530.4719556469342,417.85199484509786,101.98620731702353,112.53599456584061,218.9051449876041,31.640674421939746,0.0,193.7952800044421,184.73536203616234,0.0,76.84584244301895,0.0,0.0,0.0,476.406377941246,0.0,0.0,374.61207699796074,173.9648010980241,75.92706974711479,655.0300819948942,0.0
807,Mic,012_00821,61.87358034740448,108.8549389951811,62.1157698640451,37.02312295765062,96.81371165123201,399.3972082408308,471.17660355947356,3.260498314900622,391.4097668215047,359.8581470178846,174.63144924951712,123.13237557282108,104.515070547109,97.5853605301112,26.446956806243367,175.2585514494747,123.21889625801629,102.94108726853106,45.569956145549945,181.99020785911506,208.74754669717368,0.0,748.3514604698088,306.95027563628065,509.1823320617324,0.0,200.71838317302266,96.93934920797022,70.51542114742843,190.2690661407898,91.83461753089881
808,Mic,012_00822,1354.808039281994,1611.5471267641408,2373.8233554098456,2526.90610872509,2663.842315419986,667.5845033050709,856.8386540695367,136.24645485550434,205.39893774811648,91.29846168056247,389.19066667882765,6079.408863605388,6760.691283646765,5647.7527406801855,5068.904578151618,643.3218265706776,1113.0985216139616,1155.2867457712764,761.692768786629,1207.825222152685,1221.2108282410468,0.0,0.0,1317.3195310627186,2524.8948685039477,565.6016471608294,147.61858851988512,229.54561300118348,94.29210105778877,318.03096614868474,115.12480482889751
809,Mic,012_00823,326.02528540144493,120.89513080834746,112.18976141150208,239.8559598329138,186.55535395251036,0.0,840.3902905768396,315.44104592814676,322.37641459443876,99.91530507885962,201.13025125006575,65.45383454674645,198.617632200159,63.221112768808055,137.07023508907477,498.69443832111284,169.82117963649878,76.21810779103926,78.72720035593143,120.2149979262526,240.42316945470503,0.0,1880.5249725781352,0.0,29.32231588862961,0.0,166.44646819541998,41.86839429411401,60.911641774737625,93.91746015264998,39.66364544478185
810,Mic,012_00824,0.0,111.80088011261945,40.59796929284709,17.745037193987827,117.7907867748984,104.41609679023414,313.6570730504317,159.39988966821613,0.0,230.9981173320771,0.0,0.0,60.11239461280928,0.0,25.351844723169112,177.88390790158596,19.907303010489752,84.58158545755082,0.0,30.786067314128708,0.0,0.0,0.0,0.0,0.0,0.0,69.26654266517478,0.0,0.0,134.00113214326635,0.0
811,Mic,012_00825,204.18939744221643,0.0,5.562785579700751,18.23585737169387,0.0,0.0,180.50630876315054,105.99394415609918,130.0212503491426,351.3333919014085,57.34351844150812,9.330653009855347,10.295846311342867,0.0,8.684355320064313,50.77891697190663,122.74758324340279,115.89476815885688,44.89125467104176,105.4586561186111,34.27309011375583,2518.942826858654,0.0,73.55156978587587,2089.9948558916853,0.0,94.90990101355862,63.6637144443833,13.893038294152923,164.48401379926113,22.61671697702455
812,Mic,012_00826,0.0,0.0,4.446444255883253,4.858760184068095,0.0,0.0,226.72925566216918,210.52394391754598,14.334972475744083,101.19917521214806,0.0,14.916350049768749,0.0,0.0,41.64945918806354,97.41261623182089,117.73747780489654,150.53508364171248,71.7649309366994,75.86566588124575,109.58062825486556,0.0,107.13875268940058,0.0,0.0,0.0,75.86335625233427,38.16574717966855,0.0,0.0,0.0
813,Mic,012_00827,300.336354928248,29.03216402924473,0.0,46.079854648903876,13.903457969764398,135.5725127679653,0.0,73.04567999027361,212.42348325951414,227.9429809415561,0.0,35.36618479541945,0.0,0.0,98.74952420395711,141.14354878750393,217.11803702730924,27.45490979569694,0.0,239.8333953665188,129.90606736665515,0.0,0.0,0.0,0.0,0.0,0.0,0.0,0.0,0.0,85.72465305807691
814,Mic,012_00828,31.972620201839593,0.0,0.0,0.0,46.179342542431755,75.04906956798078,31.561742975699687,181.96200640434233,0.0,630.9136079632356,120.31898958709291,0.0,43.20578362795667,0.0,0.0,142.06006533807212,91.57359384825287,30.396507273807323,0.0,11.063742941015004,0.0,0.0,0.0,0.0,0.0,0.0,33.190218360396244,166.97514391104994,0.0,112.36553268263478,0.0
815,Mic,012_00829,281.20213694084197,110.42909017258732,0.0,0.0,0.0,0.0,421.33958720934055,472.33218840336434,420.15540492556664,73.01241107330438,0.0,0.0,0.0,0.0,0.0,302.5966545115254,62.921733196345535,229.7453801308627,0.0,121.63329662760054,98.8242475672714,0.0,0.0,565.5499026480435,0.0,480.58790264892565,45.61109762410282,0.0,0.0,0.0,65.21384649816895
816,Mic,012_00830,256.48559236296666,0.0,7.202504745067088,0.0,0.0,46.31127157913966,72.33986268810507,0.0,72.56339373052273,110.65000727741479,222.7392865083373,0.0,53.32284040034322,0.0,0.0,241.0716260282436,95.35762665189968,112.54244015426183,58.12366307269869,81.92655929875573,44.375626318086056,0.0,0.0,0.0,0.0,215.80117942637708,0.0,30.91110102154974,0.0,29.716504511110028,0.0
817,Mic,012_00831,400.3528094839045,0.0,0.0,0.0,0.0,208.83219358046827,288.56450720639714,187.5292819626072,45.80958595509522,480.47608405072043,0.0,27.238552264795107,0.0,0.0,25.351844723169112,286.59074050811074,127.40673926713443,148.01777455071394,131.0490043191902,169.32337022770793,0.0,0.0,0.0,0.0,0.0,0.0,69.26654266517478,0.0,20.2786583796642,178.6681761910218,0.0
818,Mic,012_00832,53.618255055063614,0.0,13.981332740424346,22.9167191569415,23.048513211908894,134.84752606867136,156.62725925908723,149.34651506032768,278.89953802072677,95.46275137659316,0.0,11.725686937518748,38.81589117377926,15.100943156898893,21.826989307113514,161.65979627776335,83.98326922446721,109.23236838501884,0.0,72.89054172904004,215.35230419071172,0.0,0.0,595.6671991571528,0.0,0.0,49.696583641235016,70.0045523135097,96.02541173899814,149.01952997483116,0.0
819,Mic,012_00833,161.9517646404739,0.0,36.13015257167447,25.123940851286786,4.331730623745693,126.71601695900273,299.4400539604071,170.68462912300114,95.30235470054986,646.6322172914919,406.3033216207359,0.0,12.158411473193839,0.0,0.0,179.89515811655363,207.76621920847322,94.09170090786589,212.04914266723242,267.75369851220233,121.41974135777818,0.0,0.0,0.0,39.489350040968525,984.1184438665184,186.79921891278286,93.9759603921487,32.81270350880339,207.7915378251739,267.0818336482798
820,Mic,012_00834,243.50347545721033,0.0,0.0,78.5661521763811,0.0,42.02747895806924,772.6314680451284,116.99483078442157,102.72799650430103,89.2576725371146,67.37863416877204,10.96351728658003,48.39047766331147,0.0,0.0,242.63859159742722,144.22841031099827,195.75350684331917,0.0,61.956960469684034,40.2708808836631,0.0,0.0,345.6923779936166,1257.340905304438,0.0,65.05282798637664,140.25912088528196,0.0,80.90318353149705,0.0
821,Mic,012_00835,708.9524835058412,799.9974088058548,633.8204175659037,1053.3203138431259,3239.0843900469295,1018.8479747410724,0.0,823.4240289812661,713.0562823919367,0.0,0.0,398.67335587563747,439.91343330283155,570.4800748161804,329.83006064082645,1028.5722710538396,641.01515693777,515.8195173737,213.12009793322855,150.19869204771885,488.1318894989466,4502.067749964844,0.0,0.0,0.0,0.0,488.13088820946393,151.12093832757654,32.97842423359532,145.28068872098237,0.0
822,Mic,012_00836,184.22808810834903,40.51433822730615,113.49155788810695,27.559012748219036,11.0870018537028,270.2731765792234,0.0,334.92970953739604,680.9572857569299,301.35227062369876,346.64249090043495,56.40394745507412,77.79819560017921,72.63990663254259,39.372800647236915,158.59567422951332,100.99595720241393,306.50625984134973,67.84208905269976,127.49985434275814,258.9767259399556,0.0,0.0,456.97098913054,25.26810501013742,251.8836917420414,203.19670661798855,204.45059421648813,94.48159483001102,294.8240343055627,239.2572310431214
823,Mic,012_00837,153.83485042221628,128.87786418710073,24.959515250208618,64.77573839666917,41.14627179596146,280.8518880252837,241.04433776190695,0.0,480.29000262704847,479.30731076016195,128.6465568854836,1036.170130187516,1039.4136013599123,930.0595205416058,944.9158927010311,334.16324677136964,1089.266806061318,1519.3900915098345,1712.081741391998,1591.066574352745,1422.455935747527,0.0,0.0,137.50691248751656,0.0,560.8770510628273,257.2836019918067,142.8255168919339,46.75222910442868,128.72423791805417,101.478348250134
824,Mic,012_00838,442.02147429043237,119.53086283915604,66.384023226507,33.47989439334422,0.0,197.00380761594954,0.0,0.0,345.71921900485927,557.8604533569662,105.2791158887063,394.0014024864699,207.92783370954146,132.36920485969185,350.7665390994726,180.238707897679,315.49964755530874,279.2679105781048,906.592916598773,619.5696046968402,755.0790165686831,0.0,0.0,0.0,92.09039833772738,0.0,43.56216159802007,43.83097527665061,25.506749993171375,294.9595232919163,124.56863647501801
825,Mic,012_00839,0.0,0.0,66.73672189460811,17.158864794186428,0.0,252.41729103945488,103.1206497224062,326.4023177943758,88.59271277802199,567.3535741848625,242.80588889647578,39.508170402090194,217.97512460951114,186.56240284529142,36.77159459847051,143.33988574652324,161.69751706538344,122.68139872671783,316.8001455764208,89.30733040675173,628.8545963815259,0.0,0.0,0.0,943.9496286069352,0.0,89.30461156430943,112.31961632455011,39.217585575086325,16.196833539839247,0.0
826,Mic,012_00840,185.3659674760771,243.52862297472345,115.34599510850086,100.83356429054261,20.282691626479828,0.0,0.0,381.84271147856754,123.95535023143415,166.26429198089974,158.53796275005183,438.54069146320126,626.2297109369721,431.8869742873083,384.15501180519783,0.0,708.8873500252987,781.0114339528847,1613.44450611803,626.8586588697443,1895.1002768782635,0.0,0.0,0.0,92.45153715473806,921.5979780208809,284.2644584278643,66.00429218130917,211.2559058257959,401.87202277083503,187.5857113976742
827,Mic,012_00841,0.0,99.77794732888987,124.63846625914874,120.35935427141632,87.92164552055003,521.8489626722567,326.9544638192216,582.4218741574809,341.0833473108864,168.22399480387452,179.27796231158857,359.77839432679485,332.6174739606775,137.7500668458582,126.70301109982967,116.41995598437131,305.5837222652341,279.29739721210103,280.6947631315693,489.0615948383041,571.4714803890106,0.0,0.0,1200.8530499408707,0.0,0.0,288.4826074783886,190.74411118175817,14.478332590358919,191.34529733983044,117.84763835034963
828,Mic,012_00842,197.2729811735061,129.3408984296891,146.1202759059119,116.90118814123119,113.55878245963257,402.65848103539383,251.9899638778418,120.52780197995912,502.6253373156855,391.9498594444154,161.38595010484318,87.53307214834355,115.9053357205065,180.3673529957744,171.08700001803348,171.4928692943434,241.8200891441887,135.9045434996575,168.45420914482736,227.5465214854663,160.7619995355812,0.0,314.3592144778819,0.0,2399.864751890955,156.3589383867762,1105.5456367231388,1000.3844150966218,1212.1051972802877,1123.2067618256187,763.8220583857392
829,Mic,012_00843,951.430496634012,91.97050502695046,38.16801784612194,72.98779896943168,188.7622760858524,490.8318710431444,737.2085950528394,2589.4782419909648,722.9220790869772,445.2025029223477,196.72593917889648,32.01026944986871,35.321516542563124,82.44894511941878,178.7582627925647,557.4561396039969,313.48916434182917,273.3466931483987,924.0389647615895,452.2405873699564,1293.3713568475737,0.0,0.0,2383.11858308657,1663.4528400469299,0.0,624.073010922487,273.0104542779211,71.49337224363364,183.7217468679576,0.0
830,Mic,012_00844,0.0,0.0,0.0,25.508490966357503,0.0,150.09813913596156,0.0,0.0,884.2886145974632,0.0,0.0,78.31083776128594,43.20578362795667,0.0,36.4432767895556,0.0,217.48728538960057,212.77555091665127,376.7658874176719,66.38245764609003,143.82457458451105,0.0,0.0,0.0,0.0,0.0,0.0,166.97514391104994,174.90342852460375,224.73106536526956,94.90943731429944
831,Mic,012_00845,184.6899780140648,0.0,18.728576092115706,28.651370942155125,4.9399105680538264,289.01418194660795,538.267891665801,605.5745007789636,398.50401994174524,562.6558154202066,0.0,12.565635858544447,41.596399137517025,16.182672609398814,11.695263611547928,223.3884351218739,137.75397355396206,146.32129575930173,181.36581400048388,142.02168589039317,92.31147480495838,0.0,0.0,759.4006393365025,2116.583902195866,224.45796026296526,53.25651083616589,42.86811717601741,93.54911172280619,169.9971382705764,0.0
832,Mic,012_00846,0.0,5.454527787312647,0.0,12.986140855600182,141.05690085688244,50.94239873705363,168.32929587039834,338.51876747007617,210.72409539343803,229.90612623196185,0.0,0.0,29.327562220188774,0.0,12.368627274030992,130.17867805525157,97.12350862693485,0.0,0.0,105.1390844334032,0.0,0.0,0.0,977.7158165476025,1333.5433844137976,237.3812973690148,45.05823583471975,22.66814074913648,39.574109080314386,201.57695560036305,64.42337563152448
833,Mic,012_00847,300.918778370255,83.193007848508,0.0,12.003995748874118,0.0,70.63441841692308,127.30787082635169,342.5167179375855,301.03442199062573,212.51826794551096,0.0,0.0,81.32853388791844,23.73005353226969,0.0,73.53697499853146,142.74707276345302,185.95510332211538,88.6507970394522,52.06467266360002,135.36430549130452,0.0,0.0,0.0,0.0,0.0,218.6649680214341,31.430615324432928,54.87166385085607,181.2956493703015,0.0
834,Mic,012_00848,464.9437802254609,43.548246043867096,47.44069153656084,43.19986373334738,66.0414253563809,237.25189734393925,537.5677513280463,146.09135998054722,342.00180804781775,632.8416970877413,108.67521640124521,123.78164678396809,58.53686814110259,68.31958960500225,131.6660322719428,272.66367379404164,195.14775947097436,157.8657313252574,340.30467250628425,239.8333953665188,422.19471894162916,0.0,1016.0901061510892,518.8483271857597,0.0,0.0,284.7934865763033,90.48975540985933,111.90058061520345,155.86186791462245,407.1921020258654
835,Mic,012_00849,0.0,0.0,0.0,119.03962450966834,0.0,0.0,0.0,0.0,614.6119448975276,0.0,0.0,0.0,0.0,0.0,0.0,0.0,106.83585948962836,70.92518363888377,0.0,51.63080039140336,1006.7720220915774,0.0,0.0,0.0,0.0,0.0,0.0,0.0,0.0,0.0,0.0
836,Mic,012_00850,0.0,62.06876447631631,0.0,0.0,133.7608542608368,434.7670237041646,383.0942595671135,0.0,735.7177468477794,256.48756476182353,0.0,0.0,0.0,97.37504725310664,105.55983621802312,0.0,66.31191278666589,264.1351666551533,0.0,128.18681476486353,694.3255324769499,0.0,0.0,0.0,0.0,0.0,544.7773772258142,0.0,112.58151721123917,154.9869416312204,0.0
837,Mic,012_00851,7.079275379122308,14.826970097307852,62.45532738988569,32.94671650349964,71.00612801691867,221.56166831272088,246.2543900048002,2.4870028332767515,170.10676563885443,242.6279401750232,133.2032306466663,50.57306161849108,79.72072102687227,46.52185124118769,67.24294893624756,264.7419207750036,160.5177987718963,56.085812432725206,0.0,93.90511306772538,53.0752960575461,0.0,0.0,847.936640145426,12.946261380811757,387.16224776824487,48.99248047926695,117.07515856432103,37.65082041825627,91.81763461381689,192.6333225225979
838,Mic,012_00852,192.14764921300673,0.0,191.30555286287947,0.0,21.024741320131533,0.0,0.0,0.0,873.7340540703528,907.0901680601078,0.0,0.0,0.0,68.8750334229291,0.0,0.0,46.903548068617326,124.55154199999099,0.0,120.89163018474933,0.0,0.0,0.0,0.0,0.0,0.0,45.33298117517536,0.0,79.63082924697407,0.0,0.0
839,Mic,012_00853,375.7044944373544,0.0,64.29121038834474,0.0,0.0,137.7950129772762,488.43090768951646,346.4680340522267,0.0,536.5215289116178,0.0,0.0,158.657303814136,0.0,0.0,182.58211676237465,215.42312651187353,139.52495142075492,0.0,365.64763555879097,396.10702508521075,0.0,0.0,0.0,4895.384672291869,0.0,182.81825195234651,30.657731341045235,80.28354096211318,235.78341284225004,0.0
840,Mic,012_00854,203.534406400343,6.394295452267046,30.185275214894837,27.90982315324373,33.68439905996206,209.01765734030883,243.97283380150097,579.1756935640877,218.9584294940697,433.34097975390154,0.0,23.36806526446898,8.595111485490493,0.0,7.249817052273938,132.82489945641416,144.59844570354673,211.64175579631387,112.42747617436746,167.2727884794311,371.9512976821458,0.0,951.1180922586574,0.0,809.5667463105838,139.14001444364987,92.43741099307516,73.07757630494264,40.593335690731,114.96011869484484,56.642221914040164
841,Mic,012_00855,0.0,43.548246043867096,31.627127691040556,111.35964873485104,9.268971979842933,135.5725127679653,366.52346681457703,137.97517331496127,215.25579636964096,207.94798261334938,0.0,212.1971087725167,130.0819292024502,30.36426204666767,10.972169355995234,12.831231707954903,161.97694825846878,36.60654639426259,56.717445417714046,93.2685426425351,86.60404491110343,0.0,0.0,578.219031291593,0.0,0.0,169.87681655428617,60.32650360657288,35.1060645067305,173.98534092795063,0.0
842,Mic,012_00856,673.7250309092775,28.45840584684859,10.334028547270169,0.0,54.514744292514955,132.89321409666164,0.0,471.38042238782634,241.5414532177748,146.99880193859454,106.5274848518135,34.667248337011955,57.380013039499765,66.96940008711682,48.39897628968648,421.351276797191,164.68768854132432,53.8246452911687,0.0,186.115770580869,0.0,0.0,0.0,0.0,0.0,0.0,191.00773886457284,221.75355080676988,12.904600787059037,419.26111799370454,0.0
843,Mic,012_00857,152.77414901874485,45.378004281004365,42.25128025952412,14.774148613998914,65.75158274518185,347.7386752833137,214.79122821471645,206.8761943098807,140.98218405443333,272.138777504885,104.53052489014408,45.356503318753845,96.96863655867199,83.96788172956967,68.59910925092818,277.6920734210279,282.5936244547894,202.4599941495221,518.2661980767974,294.76614677238166,562.2824997331111,0.0,1180.950233264162,918.6682457633998,5.079754788721872,253.18625769804422,100.92229293296957,77.36766849091183,35.87762636402128,176.6470429761912,89.3265292369877
844,Mic,012_00858,963.2920425723835,347.36729592885797,321.08007995114855,91.89023646360361,524.2660642633967,688.1692460970402,0.0,0.0,1022.8128606815998,487.1763803195339,0.0,307.7478536583868,367.8808243409644,396.33352566176745,143.215684225622,344.2671992754216,457.3324511485845,139.36176434306984,0.0,333.33569375502515,1130.4106914712447,0.0,0.0,0.0,2113.9503524855313,1374.3127742416643,391.2952059330926,218.7276738951765,38.18554384942615,252.3296172522325,248.65162524448039
845,Mic,012_00859,454.89362700779867,20.41581289013051,145.79966363431174,70.20862541969096,244.42752196372192,317.78812066592997,578.4927408173614,773.3544519197085,386.3938989255858,120.9224927251395,0.0,124.34991251319504,182.9507662128978,96.08653055977632,38.57889414395299,592.5166883968286,369.58340806430976,90.09777581347802,79.76895915081143,126.49058092109405,213.1540008965154,0.0,0.0,1582.8804537409878,14.855161924674357,0.0,224.86529792752387,134.3376583148258,104.92001509478435,299.0749905806234,160.75398078187578
846,Mic,012_00860,0.0,11.68827382995567,19.80688804893449,0.0,14.926656175331475,72.77485533864804,94.00207431723544,49.01333505840871,120.86988155684217,61.17950137825315,0.0,9.49222275894375,20.948258728706264,24.44914606355059,8.834733767164995,144.6429756169462,91.57359384825287,51.581951737370005,0.0,75.09934602385943,0.0,2924.3341858030567,68.17920625689128,0.0,0.0,0.0,152.8761572963706,48.574587319578164,7.066805192913282,120.63485759867285,92.03339375932067
847,Mic,012_00861,160.29429560015535,51.64976097024887,0.0,0.0,0.0,337.66697584675427,268.07104507337465,680.0828780730018,260.00390536349596,200.6270018768238,0.0,12.583664030507926,27.770718888557514,24.308835325739686,40.99215064994489,212.29521385385357,172.89935366470698,97.68748392156155,60.54200773426004,184.89308145902837,69.33293695896086,0.0,497.11151534795044,622.7202090431799,0.0,0.0,181.33192470070145,187.81709157283092,98.36749495214443,147.02634979420793,228.76306268009046
848,Mic,012_00862,0.0,0.0,9.141640637969767,49.94669559846224,0.0,0.0,0.0,380.04185952981516,44.20785218044154,20.80598427438569,0.0,0.0,33.839494869448586,0.0,0.0,367.17063041224793,206.20067985410785,0.0,295.0893663690857,51.99185493959499,0.0,0.0,0.0,0.0,0.0,0.0,129.97568029246082,78.46664105470319,22.831216777104455,100.57893834529548,371.6733209511027
849,Mic,012_00863,0.0,62.49979756295741,18.156314044856618,9.91996870913903,59.862110703152275,116.74299710574789,137.93650633824308,90.85620072864279,485.34832156590477,0.0,62.38762423034448,0.0,67.20899675459927,0.0,9.44825694544034,180.46889781836572,157.28612647084177,330.9841903147908,0.0,195.0496903675238,74.57570534011684,64.48274121043396,0.0,480.1283027689119,90.95347983973075,0.0,68.83897141415518,8.657970425017405,7.557555553532261,116.52721907828791,49.212300829636746
850,Mic,012_00864,456.47063918934066,1285.7101212951238,1264.1583053649617,1161.6174347756646,378.9074259891836,184.7361712442604,244.16996763618218,398.1390909359969,370.50390398846247,212.51826794551096,296.1698205220749,1204.7821194043988,1861.172217819672,558.5689523749634,1166.184857265779,104.90589440349943,4177.164704001073,5312.374194314634,9506.093159461261,8442.486921143758,2655.2229154063575,0.0,5538.249369790553,0.0,2936.098267881242,0.0,245.09699712292613,205.50786942898455,107.63287909206385,118.53946304981253,0.0
851,Mic,012_00865,172.6313200213984,375.2430842607267,417.2995175912322,79.10124885984476,196.55051331849344,383.3125116696869,473.734565576626,265.534133124252,593.7340147078954,692.9341570470895,175.57950271992712,299.97897461652195,315.24741148737115,441.51812956457485,305.7911433547076,300.59354541893043,311.11159082647475,177.4284724256115,618.5342255977415,306.75758929615546,787.0530465862494,0.0,0.0,0.0,0.0,0.0,217.95270428195062,194.93124292417036,42.53894461401872,409.93288796270673,69.24988260066148
852,Mic,012_00866,4.806622097457764,0.0,52.641125284416496,33.55479348594678,23.141326016789062,338.4763406018999,0.0,430.59366168763086,565.7022695125853,0.0,0.0,58.86452234405385,0.0,0.0,68.48401007433266,341.7068954172151,88.1933605182838,57.1209532662151,141.60328654623908,174.64378118971337,54.054873669346435,0.0,0.0,0.0,26.370404893129983,0.0,49.89670411227355,62.75575878536105,54.779597300770746,223.22280318161006,142.682644016128
853,Mic,012_00867,409.2495385835468,0.0,9.828982039320875,0.0,0.0,252.79686591319845,0.0,0.0,316.87833893750076,167.7775799569823,0.0,65.9459686410829,0.0,0.0,0.0,0.0,139.77022218943858,307.1647050826845,0.0,74.53468928683793,484.46172491624776,0.0,0.0,0.0,0.0,0.0,419.244863499742,393.7098130113178,73.64354885246473,202.76487100625823,0.0
854,Mic,012_00868,238.72889750706898,0.0,15.845510439147594,30.30099532973376,114.93525255005235,101.88479747410726,379.5060488714435,379.6899689191394,367.170772276445,365.1450240154688,81.67107171972368,0.0,0.0,0.0,0.0,91.60721789073256,112.66327000724445,30.949171042422,191.80808813990566,52.5695422167016,0.0,0.0,0.0,0.0,0.0,0.0,123.9101485454793,68.00442224740944,29.680581810235786,59.92828409740522,64.42337563152448
855,Mic,012_00869,202.8139306254745,95.57491167149593,26.993458048990366,71.63446430670308,10.171261287615252,396.71956538590433,655.441506044029,71.25006347133866,251.7500254700366,1259.437169034016,0.0,12.936303582985287,28.548954373635084,116.62026308189175,24.080513276874495,328.54009210928774,177.74461578805426,361.5301396105933,0.0,190.07445099844068,380.1381086363478,0.0,0.0,1121.7156808052457,46.362127776712306,462.15827806356856,197.3789976830644,33.09949755404884,38.52346901623524,206.83213095564636,31.356510263131376
856,Mic,012_00870,315.96471728876776,0.0,38.44866503616696,63.020977681589116,0.0,412.0341074320513,69.31206300545814,0.0,335.71240687680074,0.0,0.0,0.0,71.16246715192864,0.0,40.01614706304144,0.0,191.67610084903907,133.50622802613412,0.0,279.41374329465344,315.85004614637717,0.0,0.0,828.4566792875343,0.0,383.99915750870036,327.9974520321511,403.35956333022256,96.02541173899814,193.88562502101686,156.3214261647285
857,Mic,012_00871,92.806588517418,180.4395133553548,110.26964324553505,120.49487664303837,166.50155778950128,349.372685715001,446.9574946583193,354.3340564809361,398.0057791966525,485.5704679586308,98.84396210577806,75.05586406460657,70.98847578969898,48.33040242635856,74.8468276362511,305.37704020839374,284.4602713550251,58.266165532188126,51.586527372590766,190.86985376968673,177.2312606126982,391.6262326814619,577.6062339367439,760.6922743135818,1066.357277573293,0.0,163.59775113584067,123.45546092592055,43.90403910805049,274.7323537472733,64.97467591198983
858,Mic,012_00872,214.85600775636206,0.0,24.081005996336145,26.314022260031948,0.0,398.1550638132875,212.62647899418738,119.17979366834116,288.3592884331257,227.05899154178275,0.0,23.08108902437901,12.734336227187228,89.17504327389767,21.4823526338433,108.86287112222792,136.6374413472615,161.26147016840937,0.0,45.65249718818823,84.78080186034336,0.0,0.0,1920.5132110756476,454.95888020884263,0.0,136.9533220765824,39.37098130113178,25.775242098362657,61.50534420523167,111.89323136001617
859,Mic,012_00873,357.09028366603593,5.042000475667152,47.603109092397176,8.002663832582746,38.63369833615205,329.62728594564106,155.59850878776317,143.77244950466553,292.1804684026662,120.84372098862387,0.0,12.2840529821625,67.77377823993203,31.640071376359586,11.433184875154698,31.197504544831524,147.2359744226811,95.36159144723867,236.40212543853923,118.01325803749339,45.121435163768176,585.221516867804,264.69574193851906,484.1629943888188,22.012270751128113,0.0,208.2523504966039,220.01430727103053,82.30749577628411,226.6195617128769,208.42856821963795
860,Mic,012_00874,0.0,25.861985198465135,15.025915071605475,0.0,29.724634280185953,338.1521295476835,133.50254500066075,134.47681699358802,293.6815697293605,282.1363212380059,154.89341188223455,37.80523202268976,41.71592902009609,0.0,0.0,219.45830783260794,139.99181588296128,136.95897530267206,121.25798675511278,227.88767069309066,185.1534753271866,0.0,0.0,507.72188338781496,0.0,0.0,106.81909357368907,21.495650710388038,0.0,134.322016080391,0.0
861,Mic,012_00875,304.8232616929103,33.47096596760033,10.80375711760063,14.756978245000209,32.058386558382374,138.93381473741897,269.18775827208333,224.57018972216352,145.8524213983507,233.59445980787567,222.7392865083373,0.0,119.97639090077223,35.00673186372016,42.165774797832924,269.56190910430877,101.9796840582816,84.40683011569637,130.77824191357206,87.04696925492796,33.28171973856454,0.0,2407.9656028002055,404.7362552266861,32.47264734773858,0.0,215.05067102934427,46.36665153232461,13.491173550107176,167.15533787499388,43.925028839675775
862,Mic,012_00876,0.0,117.15938383399352,0.0,118.33524803327977,71.40947643642306,99.47332297767866,974.1186471079857,1313.0933479908358,692.0229168246042,466.53418584487906,318.9521144083883,0.0,57.26683747137452,0.0,144.91054439397254,141.21947323548,204.8214110925419,0.0,0.0,234.62990947099277,95.31569439920258,0.0,0.0,1750.0534586133124,0.0,463.52561024718864,263.95061228622814,132.78970024642078,0.0,212.76313880735583,125.79712401421938
863,Mic,012_00877,0.0,0.0,7.104644626248241,15.526907544739348,103.06693842803608,0.0,340.3179242597184,845.0538268439986,641.3342033713332,0.0,0.0,23.83373323169572,26.29917264310406,30.694308373261883,0.0,155.64841941388772,118.44845291241404,18.502221818839242,0.0,13.46890444993131,87.54539322535456,0.0,513.5672819133223,0.0,0.0,0.0,20.202741610675975,20.327408823953906,35.48765216441235,87.93824296901853,0.0
864,Mic,012_00878,691.8502515132047,126.6986187489855,95.1884425652677,121.35107352927355,100.42886145150204,204.01688814596716,326.0358691858686,604.5771086573618,370.8130319423363,104.71167085664737,65.41614967841946,149.01868156516545,152.68840039394394,68.54068860048768,118.88292234262795,88.82202143467812,213.1530983021226,231.36758934626155,102.42179463781372,90.22858320827771,117.29382781649443,0.0,0.0,624.6329375828562,38.14747892307154,0.0,234.5871744307618,226.95650628686403,23.773281547033516,279.2774404539273,0.0
865,Mic,012_00879,200.01610331673342,105.4050639980687,158.99042569009578,0.0,559.1444718651196,227.1755619355094,127.38433201003117,272.00193149531316,251.54002378045527,0.0,0.0,138.2785964073157,130.78507476570667,25.440327660721557,36.77159459847051,0.0,228.1089972886659,199.3572729309165,95.04004367292623,223.26832601687937,217.6804372089897,0.0,0.0,0.0,0.0,0.0,184.19076135138818,168.47942448682517,44.119783771972116,64.78733415935699,0.0
866,Mic,012_00880,0.0,0.0,13.617235533642463,0.0,0.0,175.11449565862185,0.0,1761.2125064321526,460.9589586731457,0.0,1122.9772361462005,0.0,50.40674756594945,58.830757715418606,0.0,0.0,166.9310304525443,248.23814273609315,0.0,0.0,0.0,0.0,0.0,0.0,0.0,0.0,309.7753713636983,77.92173382515665,0.0,56.18276634131739,0.0
867,Mic,012_00881,0.0,60.81061384503963,0.0,0.0,11.648843163856657,227.1755619355094,641.4711004790855,306.0021729322273,92.54774459846941,271.391571903389,364.2088333447137,29.63112780156765,65.39253738285333,0.0,220.6295675908231,516.0235886874837,298.85166100477124,23.002762261259598,0.0,33.49024890253191,108.84021860449485,0.0,0.0,0.0,0.0,0.0,100.46768800984809,25.271913673023775,0.0,36.44287546463831,287.2934318703118
868,Mic,012_00882,0.0,0.0,0.0,0.0,0.0,353.9156122784778,0.0,460.8285355175858,0.0,375.82177910364044,0.0,0.0,0.0,0.0,0.0,100.48880411282576,182.18325512968204,107.50764677893959,0.0,208.69713000314619,0.0,0.0,0.0,0.0,0.0,0.0,0.0,0.0,34.36698946448354,0.0,111.89323136001617
869,Mic,012_00883,284.71356219080764,106.96686664873364,42.86080692556316,67.3256892718616,17.664229387815425,310.03877919887145,196.61413656993247,473.30008223205976,544.0827053191227,0.0,110.4567773258558,0.0,49.58040744191749,11.573263812869234,33.45612295434612,228.22764595296835,227.24512735703735,174.4061892759437,86.47085940733453,198.05913592767845,198.05351254260538,0.0,0.0,0.0,0.0,481.5727139248455,190.43567911702766,222.2685522225779,93.66413112246538,302.0974977041329,21.782493809839217
870,Mic,012_00884,234.38837209784953,0.0,0.0,0.0,0.0,152.82719621116087,0.0,892.0426980630384,0.0,351.6211342371181,0.0,0.0,43.99134333028316,0.0,111.31764546627893,173.57157074033543,303.02534691603677,185.69502625453202,0.0,45.05960761431565,146.43956684968398,0.0,0.0,34.918422019557234,0.0,0.0,67.58735375207962,0.0,0.0,0.0,193.2701268945734
871,Mic,012_00885,0.0,0.0,0.0,0.0,24.985924467402686,243.63755917721298,307.38393158942307,0.0,152.6986198503174,366.5170128335624,0.0,0.0,0.0,122.77723349304753,29.57715217703063,11.529512549176868,106.83585948962836,123.34814545892829,0.0,0.0,116.7271909671394,0.0,0.0,0.0,0.0,0.0,134.6849440711732,81.30963529581562,0.0,65.13943923631003,0.0
872,Mic,012_00886,589.1510067012499,1198.4537017522157,1347.5812316275071,1277.9163803402955,2273.5906641970514,302.51141666476576,693.2224472606122,213.44110434175926,0.0,0.0,69.28394258999694,913.1567097305732,1231.5314366755363,1117.9356324739701,912.8619255460919,392.6554813663115,349.3450212617153,551.3566974909627,922.05944684222,586.122402386728,496.91575383440323,0.0,0.0,888.6693521686802,0.0,0.0,181.56499915404422,38.4600845615169,117.5015321022188,161.76014987731486,27.32611048637927
873,Mic,012_00887,366.42109849922207,520.2640955938408,786.0899821680114,431.86468426763395,521.2180057502374,558.5047037617173,177.83626606905872,777.3742909263891,392.0448286389544,148.26855903175183,179.07942636218482,728.472909407311,675.2159673950438,694.2420312464017,596.6527176708637,782.3214760943135,366.2943753930115,576.8267426843437,700.9597905445057,502.2424702525882,588.6773285319522,1804.659840387693,0.0,918.7837288866887,0.0,0.0,197.59757907584742,173.9648010980241,21.69344849917566,155.29588570091718,317.83625519207254
874,Mic,012_00888,64.44215638227628,84.66230246565028,112.2795371608311,52.58192002881055,49.35869741413292,378.16136485788275,223.06213440494506,453.8093574855854,400.763617005925,584.099288586435,110.23089434563931,107.61734759833159,188.0202608594924,92.39677285366358,108.5100429562228,273.3131073007326,176.9673746147218,167.087549186082,0.0,81.08886441840036,131.7656634230285,0.0,0.0,0.0,32.140616188763744,0.0,174.84254089239414,137.6776646726694,66.76613495145064,297.8031295637928,65.21384649816895
875,Mic,012_00889,99.643365915994,11.739092411825043,22.73486280399437,3.1053815089478696,86.20143941253927,109.63690162974584,173.45236139688873,344.5850556062907,155.75259224732375,158.4647084898049,175.77035000549225,0.0,31.559007171724872,0.0,0.0,176.4015420024061,75.24960537965127,125.81510836810683,91.73430302343316,86.20098847956038,140.0726291605673,0.0,0.0,0.0,34.16687242675103,0.0,88.89206308697429,40.65481764790781,56.78024346305976,117.25099062535804,0.0
876,Mic,012_00890,0.0,73.46914978829278,113.38432852502295,51.016981932715005,96.75671770795223,85.77036522054945,0.0,523.7424946241387,322.53688070424187,0.0,137.50741667096332,22.37452507465312,0.0,86.44519501041101,41.64945918806354,0.0,114.46699231031609,69.47773091155959,0.0,50.57711058749716,0.0,0.0,0.0,646.7034282193508,1323.0947026481647,399.67259250905545,75.86335625233427,76.3314943593371,16.65746938329559,146.76314472833928,0.0
877,Mic,012_00891,45.42975288380789,16.790990390048258,29.26689428126141,103.93758259426265,106.14356345573864,188.18274160329509,48.99136223093683,0.0,318.44499490426267,469.04684884242437,50.28256281251644,40.90864659171653,45.1403709545816,94.83166915321208,60.92010448403323,344.3366359836256,199.71927464292463,127.0301796517321,39.363600177965715,166.45153559019587,120.21158472735252,0.0,0.0,329.64032727417833,0.0,0.0,69.352695081425,83.73678858822802,91.36746266210643,157.64716525623388,297.4773408358639
878,Mic,012_00892,105.36344979437239,0.0,15.59349436854485,0.0,30.847433586992185,33.42145443981649,307.2093312306673,345.139627787045,232.50869372436995,455.45664581562784,160.74425646625537,8.718502812389687,28.861119878714597,0.0,56.80224453879043,6.326332929568222,144.00539310928033,101.52312568587735,0.0,64.05093328873896,64.0491147255079,0.0,0.0,0.0,249.96837083587232,0.0,73.90267308875507,96.66632585864365,12.981566596922212,139.39580992835806,21.1329164596452
879,Mic,012_00893,0.0,75.90336860657959,0.0,0.0,0.0,0.0,103.43125408903994,172.78676913361912,126.94222614062532,322.61809350764315,0.0,0.0,29.15089015862137,34.02260687156739,0.0,95.84775492689204,65.64613052977164,0.0,0.0,74.64694032492052,0.0,0.0,0.0,393.35812756971103,0.0,0.0,134.36040203726674,22.531585684382645,0.0,86.64330230950152,0.0
880,Mic,012_00894,169.94260500503214,36.05535317037173,44.313715634904284,26.412489875796982,50.472337406417445,259.02914612061164,410.83760348029426,0.0,349.04222272410766,242.97157906867355,0.0,13.514351046631777,111.84239829733006,43.51119214699681,18.867397536657446,252.51231336517725,215.31788014242505,267.52673273958,130.03938178976654,57.279162221587704,99.28106227097219,0.0,0.0,0.0,12.108444773733028,482.80941837765715,171.83225530189736,190.18185882750097,65.39789212424834,216.0742446655288,163.78824313099443
881,Mic,012_00895,199.2042456019251,50.662087560966796,75.75150892887197,87.50594914286877,59.9413982669975,306.1604427409018,91.96799277687326,479.8762553003406,455.2896431927759,36.944400884567294,133.8648360968981,36.30303737278156,64.09334789842579,74.80467206198922,27.03077483728627,226.54346843316407,164.49892272409662,129.63808400219813,279.4554926541672,131.29951887615158,346.7029480050465,0.0,0.0,1278.2223689609443,13.010564003564133,0.0,203.09776003315318,74.30946801869243,162.16211916188425,214.31306895760807,158.39190863048645
882,Mic,012_00896,277.0649248439705,0.0,9.542004461530485,0.0,0.0,61.35398388039305,7.372085950528395,38.56669722114203,207.6478312271105,59.72228697738811,98.36296958944824,48.01540417480305,17.660758271281562,0.0,14.896521899380392,296.14857416462337,98.25779777878228,149.09819626276294,0.0,36.179246989596514,176.36882138830552,50.8331098593202,0.0,0.0,0.0,0.0,54.26721834108584,27.30104542779211,23.831124081211218,19.684472878709744,38.79509846423919
883,Mic,012_00897,0.0,0.0,256.32443357444635,74.69152910410563,0.0,0.0,561.0976529013278,2022.6810297960299,564.6854843876444,0.0,0.0,0.0,126.5110527145398,147.6536664230114,80.03229412608287,0.0,175.9649450417408,400.51868407840243,137.90123983914788,275.3642687541512,105.28334871545907,0.0,0.0,0.0,0.0,0.0,121.48053778968561,24.446034141225613,192.0508234779963,23.501287881335383,0.0
884,Mic,012_00898,0.0,318.64761654800765,211.98723425346105,181.45499519852146,326.1676085879864,454.3511238710188,372.5991711293412,124.44088365910578,391.54815022429364,524.6903723465521,218.5253000068282,213.3441201712871,241.95238831655737,244.227145542927,215.1138284010525,45.15206401015482,189.70583698563738,225.42707016034402,228.09610481502298,271.27101611050847,195.91239348809074,0.0,0.0,0.0,0.0,105.85922720510119,145.67814761427974,146.57709930353792,22.059891885986058,153.0600769514809,244.19941708976503
885,Mic,012_00899,141.5046287642707,32.66118453290033,15.813563845520278,46.079854648903876,62.5655608639398,372.8244101119045,480.5529898235565,374.35910995015223,426.9712013516235,383.90396790156814,217.35043280249042,17.683092397709725,29.268434070551294,34.159794802501125,98.74952420395711,269.455865867053,204.19434434711226,233.36673326342395,0.0,259.81951164706203,64.95303368332758,0.0,0.0,410.43225881858604,0.0,1105.5459615371453,127.40761241571461,143.2754460656106,19.747161285035904,137.73839490129427,257.17395917423073
886,Mic,012_00900,0.0,439.9985748432201,271.13428973652543,380.9267984309387,38.311750850017454,1120.7327722151797,718.2049957136996,1118.2301628140651,398.03440240982735,628.1095474833991,0.0,129.9379826557633,107.53439480735882,125.50561645955969,90.70326667622727,0.0,337.1264899450494,252.17843071603113,156.2880718177009,165.21856125249073,238.6422570883739,0.0,1633.2707632206395,2304.6158532907775,0.0,0.0,82.60676569698622,138.52752680027848,145.1050666278194,199.76094699135075,78.7396813274188
887,Mic,012_00901,0.0,17.73393270751895,0.0,0.0,4.246376325740851,0.0,87.06687717434397,118.98409614179216,111.59034608273195,43.96929681631261,0.0,10.801494863625647,35.756510588653796,0.0,0.0,105.81025556215029,102.62557931269718,41.92621692938941,0.0,36.62480421853243,39.675744712968566,0.0,0.0,0.0,0.0,0.0,36.623689225264826,27.637265199070335,80.41536943659942,110.70495830801457,26.181913741875707
888,Mic,012_00902,126.15398620557039,49.5411239398121,1.1993161570914461,17.03686369129198,41.12362247203708,92.53756834804236,126.94190936281417,340.70113492711107,181.72536666957038,256.58168863880036,74.17831284635453,16.093236383970684,44.39493363606557,36.26997172913881,3.744630275624061,255.44745693818473,114.67702348886712,28.109797552291543,0.0,93.21964694521266,73.89152455717999,1290.6013598594743,0.0,651.9173285302658,0.0,0.0,150.05632667892908,99.51105824276884,2.995288072592602,120.40636896634628,39.00864946495977
889,Mic,012_00903,170.00391186109456,0.0,0.0,3.6072613487778287,4.353608051138347,297.1639926328128,581.5012039159216,869.1698083691143,242.11985708084418,116.45571753579766,340.29613216551536,33.222779656303125,24.439635183490644,0.0,10.307189395025826,253.1252073296558,137.59163722149106,146.14886325588168,0.0,168.9735285536837,40.677657458245555,0.0,0.0,611.0723853422516,138.9107692097706,0.0,234.67831163916537,122.78576239115591,57.7122424087918,286.02135591943403,53.686146359603725
890,Mic,012_00904,17.793458199284643,0.0,4.059796929284709,0.0,5.35412667158629,0.0,9.409712191512952,126.58226532475986,310.8507618381462,226.37815498543557,418.5008333464101,0.0,30.05619730640464,17.539604784721075,0.0,340.94415681137315,127.40673926713443,21.145396364387704,0.0,184.71640388477226,100.05187797183378,0.0,195.6446788241228,1872.79859713588,0.0,0.0,57.72211888764564,151.00360840651473,10.1393291898321,106.08422961341918,33.011978196278065
891,Mic,012_00905,220.36513616037138,48.46138149497005,15.083707052650114,21.97654606332339,6.630879954810714,387.94595961294687,31.076177699150467,174.1858522844986,0.0,165.92772458822589,207.31887436545244,67.46779868664635,74.44688871278689,0.0,62.79456923738812,416.1267144672144,212.02809037172395,261.8776011281862,0.0,324.0825624568088,0.0,0.0,484.59681985667345,339.7831065749223,0.0,0.0,257.35184697907243,187.01216118037595,87.90018459185214,248.9328724046063,81.7681306092426
892,Mic,012_00906,105.32157242958925,0.0,0.0,0.0,25.35336453309979,0.0,155.9521417622808,133.20094586461659,15.494418778929269,0.0,0.0,0.0,35.58123357596432,0.0,0.0,0.0,75.41354787503178,0.0,0.0,0.0,0.0,0.0,0.0,0.0,0.0,0.0,0.0,27.501788408878816,24.006352934749536,145.41421876576266,0.0
893,Mic,012_00907,53.517247353233046,0.0,14.365435288238203,3.1395065804747695,7.578148519783672,147.7889369954083,463.92293850874614,6.635651515599947,328.82221478976044,94.81584262184334,177.70189231324494,0.0,116.98796797723652,12.412643386110298,0.0,69.93726293566628,69.03240151637523,104.75104045127449,0.0,92.59501784480251,106.20891661625433,0.0,0.0,422.0908156210215,34.542332563308726,0.0,114.37859865736554,82.20314777159382,7.175525272804256,150.14998652976254,93.44929212484868
894,Mic,012_00908,0.0,0.0,10.54237589701352,46.079854648903876,13.903457969764398,0.0,521.2778194696207,815.6767598913887,594.7857531266396,551.8619538585043,434.70086560498083,0.0,117.07373628220518,45.5463930700015,0.0,192.4684756193235,258.4738536039396,0.0,0.0,359.7500930497783,129.90606736665515,0.0,0.0,0.0,3105.3278407216458,0.0,119.9130469794961,271.469266229578,105.3181935201915,275.47678980258854,0.0
895,Mic,012_00909,359.1194016940149,41.26061134242231,37.45715218423141,83.90758633059718,9.879821136107653,120.42257581108663,303.8609065855328,190.32341453053144,344.16256267696184,228.04610700743225,115.83719341336166,138.2219944439889,110.92373103337873,16.182672609398814,81.86684528083549,150.44527263309874,146.93757179089283,156.07604880992184,181.36581400048388,173.97656521573165,115.38934350619796,0.0,0.0,0.0,0.0,112.22898013148263,218.35169442828018,64.3021757640261,51.452011447543406,195.75428043278495,30.45804292034824
896,Mic,012_00910,249.108414789985,0.0,0.0,0.0,4.409280788365179,42.99486338421405,28.41364073515675,239.37561285815156,121.26066870466383,83.70284722150559,344.64774510880835,11.215874461974455,0.0,0.0,10.43899488601081,40.69239723238895,139.3511210734283,43.53463957373939,0.0,19.01492392931479,0.0,0.0,0.0,0.0,0.0,0.0,38.02869009068419,28.69751833969963,0.0,78.16732708357203,27.18633498517017
897,Mic,012_00911,88.10233122284689,0.0,23.343832343387078,34.011321288476665,13.682768160720519,433.6168463927779,298.5841081510637,275.5638615506089,131.70255962089877,112.16241919346412,53.47510648315241,34.80481678279375,96.01285250657038,0.0,16.197011906469154,239.9236659042996,212.3998635091421,101.3216909126911,83.72575275948263,78.67550535832892,191.76609944601475,0.0,0.0,0.0,0.0,155.42823042018824,103.25845712123277,96.47452759305109,6.477904760170508,317.4772193255395,189.81887462859888
898,Mic,012_00912,279.73409637298903,63.52920599340612,221.46431060832165,258.806148345726,60.848074879439494,553.7738403886771,727.1825581601208,71.04050446112885,813.1470975182079,182.0156459580376,126.83037020004147,123.823254060198,170.78992116462874,66.44414989035513,134.45425413181925,235.85313435892635,227.74891458259597,504.65354193878704,148.93333902627973,227.4184901946049,151.60802215026106,0.0,0.0,0.0,0.0,0.0,323.6241526717224,272.81774101607783,138.2765929041573,109.98602728464957,175.0799973044959
899,Mic,012_00913,39.109170922659764,49.14659849319244,142.77183467354828,78.00548773329803,17.652171893352754,114.75079578995015,317.12549938723515,427.6371663594403,50.34364053768144,330.01983588808014,0.0,29.93451818861442,33.03104277359145,115.6536397408912,13.930535837645825,385.55004763424904,166.27014309648644,267.24028237995793,72.00986244160282,245.29035544311768,274.88655893285386,427.8308836624014,0.0,0.0,26.820411802569065,802.0733255813128,215.67978074469096,140.4186875757089,66.8572832585516,288.39208388171113,72.55875071127329
900,Mic,012_00914,463.58972627928745,59.750843811225664,10.848585985308517,0.0,28.61458569710847,0.0,117.34158384326521,87.69522853604079,222.9653291507332,67.90002751786034,0.0,72.7868367573778,40.15807274963608,0.0,0.0,303.69023096338077,180.86734718576088,240.14502012169774,0.0,41.13325176410557,133.67927264286504,2080.571766192259,0.0,111.56508280107496,0.0,0.0,293.06549655984736,124.15745140605871,54.188614093376536,104.43933328178503,44.107290370130855
901,Mic,012_00915,131.15708104002823,164.81874326000138,69.30024445072983,34.42109624375952,112.16572839221978,121.52524036068215,350.4494256193354,0.0,385.90436746750095,150.5551103035668,129.88652369883764,169.07592923882456,81.62249244413982,68.04521374313478,9.835293976940305,141.85467729180021,128.20303138755403,172.271289416855,101.68139612235963,77.63281793791732,155.2612275032794,637.6799275364359,0.0,0.0,18.935857007596955,0.0,223.93400339544456,126.1768798325428,47.202852999411135,108.30412788687691,76.84233960868582
902,Mic,012_00916,395.5060839296217,40.298376936115815,0.0,0.0,6.432943239741736,188.18274160329509,0.0,580.1862094749843,322.37641459443876,133.22040677181283,100.56512562503288,0.0,0.0,105.36852128134676,0.0,83.11573972018549,114.80868482467524,38.10905389551963,0.0,147.95692052461857,60.10579236367626,727.5963038072846,0.0,143.32188142355582,0.0,584.5957323266781,69.352695081425,83.73678858822802,48.72931341979009,73.79229011993925,118.99093633434556
903,Mic,012_00917,87.47318381938405,137.40413510024223,69.85329983670027,92.68734122126848,13.160525101151032,320.8204500615972,215.8726847803582,126.76120547930432,904.8267454870906,493.98330220922196,0.0,0.0,73.87859185238392,0.0,62.31522138061415,236.83907076209888,127.22438229299253,194.90890160303934,80.53011334118177,66.21354554012035,61.48226089108869,0.0,0.0,0.0,89.98145791777942,0.0,113.50547958364517,57.10294997874074,124.61312973763117,48.03412084143167,40.5719732030593
904,Mic,012_00918,298.2576971425077,87.9174530242938,154.5853781916841,22.033041040349925,4.431950612469885,129.64774999918532,137.6059539506084,73.73419968169864,241.0596978151155,405.36903551560187,69.28394258999694,496.0357435573484,733.9429774126932,130.66780119825623,52.4633290543731,229.04903079701504,326.2750670274511,148.77879138645025,162.7163729721565,267.5776184808976,331.27716922293547,0.0,0.0,0.0,0.0,201.37745021021817,133.78473621876947,38.4600845615169,33.57186631491965,147.894994173545,0.0
905,Mic,012_00919,515.6544186152689,53.9998250943952,49.6756752267277,99.9932845881214,13.792230306006282,403.46379799746467,519.1275484643085,543.4598591276357,566.8478166083484,714.0613802969168,323.4174440101058,306.97848402424086,435.51429896980324,11.295505481360372,57.14305800602318,814.6292386746408,258.9701234028591,245.11743465598227,168.79111756311698,232.95817136601192,193.30022824158286,0.0,0.0,0.0,31.43352263261094,1096.7015938448483,579.8994951928432,104.72681026101053,58.76755198426686,302.0385518509223,42.519427916806144
906,Mic,012_00920,381.5492423038744,0.0,39.95974794151849,31.18942126890874,15.057019984723016,220.23133078464232,824.7400435222137,243.91090232560066,437.0914642440308,292.3286218464451,0.0,57.45074560653292,380.36183316140017,24.662675723494264,17.823786028079596,55.58332687463434,142.758834077844,89.1984842270678,0.0,259.7322360301165,0.0,0.0,0.0,0.0,0.0,0.0,146.09493496628565,16.33293984108087,57.02819212447051,157.01733824647656,278.51153657296607
907,Mic,012_00921,186.70447381408246,14.663903623732573,55.91109335198209,0.0,7.022520522406458,102.71481619080059,115.19071978096504,390.469575182223,201.71145587559238,330.2473288033093,0.0,26.794746932578487,68.98846102712429,46.010205626722495,16.62585336224125,317.56645155818325,167.10782095322725,76.26985124507256,0.0,100.94820443125707,131.22893974309767,0.0,0.0,0.0,0.0,0.0,98.42150291799781,53.323223147154025,19.948252540484336,168.43387383792097,43.29880643259282
908,Mic,012_00922,211.74215257148725,0.0,71.04644626248242,59.00224867000953,0.0,328.9107048892375,237.12474722612635,0.0,416.86723219136655,358.97107433404784,0.0,19.066986585356574,73.63768340069137,0.0,44.36572826554595,124.51873553111017,135.17058744122542,133.21599709564254,45.86715151171658,129.30148271934058,210.10894374085092,0.0,0.0,0.0,1981.6786007515595,340.5905570946734,105.05425637551507,56.91674470707094,14.19506086576494,226.68524854235886,92.43353894957858
909,Mic,012_00923,163.87322625485243,53.38965757920429,0.0,42.37003584242432,7.305206729876209,0.0,145.50498456593755,83.15652270079171,250.01163860238407,0.0,0.0,18.582232689118698,41.008879375687684,0.0,0.0,107.86933774823105,114.07896860756927,201.95645510733002,89.4020749804645,94.5106176656197,136.51146062258675,0.0,0.0,0.0,0.0,0.0,0.0,31.69697647125016,0.0,76.18002215771851,0.0
910,Mic,012_00924,321.3658235672082,57.6921208273453,35.6143083187572,6.867670644788559,5.525733295675593,269.40691639787974,241.16408735278222,396.7566635369135,317.4369385734483,190.72152251520214,0.0,35.139478482628306,93.0586108909836,9.050885802372092,65.41100962227928,86.69306551400298,149.98111043736287,245.51025105767457,0.0,158.86400120431801,180.70267063182158,0.0,0.0,0.0,0.0,125.53818610861357,77.44384284092457,167.83142670033737,31.392923068518623,187.27588780439132,85.17513605129437
911,Mic,012_00925,237.99434705320104,0.0,0.0,39.55778291398209,0.0,51.7261279483929,422.6360167084463,4.644956060919963,356.6100075888951,238.02046009897228,0.0,0.0,14.889377742557373,17.377700740554417,12.55891384747762,205.61555303085888,220.90368485240077,209.50208090254898,0.0,61.00377646245811,49.56416108758534,0.0,484.59681985667345,0.0,0.0,0.0,22.8757197314731,184.13505100837014,50.2286769096298,221.27366435965007,196.24351346218222
912,Mic,012_00926,400.3878359764227,77.95250341710593,0.0,33.74351560903985,0.0,463.29504363225936,600.418669521972,231.79062233134067,49.777345368528664,714.5299245097101,0.0,0.0,114.30821495270426,22.235247010551912,32.138952759293126,400.90021588318933,206.9419010586502,147.43502740681348,0.0,165.86902802907534,380.51226031807647,0.0,0.0,0.0,0.0,616.817544344684,29.27011382964078,88.35220213246107,141.39174799364292,42.46886274619268,0.0
913,Mic,012_00927,388.56937572959094,67.02105951432029,24.337186911190784,0.0,45.85182947475493,268.260503987676,510.36009918152683,497.8503437634961,624.8866126693707,360.0375975566236,143.35879610377026,11.66331626231918,12.869807889178581,30.04123798234141,97.69899735072352,342.7576895603698,173.8924095948206,335.00831420919565,56.114068338802184,224.09964425204862,171.3654505687791,814.9520910425057,0.0,0.0,0.0,625.0199053067145,237.27475253389656,99.4745538193489,17.36629786769115,191.26048116193155,28.27089622128068
914,Mic,012_00928,266.0122000793054,0.0,24.900087832946216,0.0,8.209660896432311,0.0,4.809408453439953,50.32035732663293,15.051721099531289,42.50365358910219,0.0,0.0,0.0,0.0,0.0,303.0614727212205,100.73095323307815,162.11470546030574,100.47090331137916,70.80795482249603,153.4128795568118,0.0,0.0,877.9488964917248,0.0,0.0,17.70144979221133,53.432046051535984,124.37577139527376,111.295384752324,50.61836656762637
915,Mic,012_00929,349.6344483174396,0.0,0.0,0.0,244.35053691743414,661.850062331799,381.72312764310806,0.0,16.59244845617622,245.98571171645756,212.2161706103056,103.59228932201604,152.41095327027233,88.94098804220765,96.41685827787938,613.8784555711337,297.7944429868381,348.48279205246826,664.5319589099093,331.7380560581507,634.1871005301275,0.0,0.0,0.0,0.0,0.0,204.89079680748551,147.25367022076844,25.70759054429871,56.6251503282569,167.3993225071108
916,Mic,012_00930,10.12278010630681,0.0,0.0,85.80948197870084,79.19566871823396,178.20839134163634,328.33134742211973,0.0,163.81378440479278,283.8583225561948,380.9392744524214,15.49613750753361,51.29732614485315,0.0,28.845561840496302,123.68763285972074,181.2056980742813,276.68340189868434,149.10876109815987,70.0573404604201,0.0,0.0,0.0,0.0,0.0,830.4151392060941,118.21816292324883,52.86562860222641,57.683109525193224,260.4656870664609,0.0
917,Mic,012_00931,363.0668649586674,37.49987853777444,2.2695392556070773,42.15986701384087,47.88968856252182,58.371498552873945,110.46610041494891,770.5304715640668,259.7467148078837,240.18991741758268,46.79071817275836,22.8406610137084,92.41237053757399,29.415378857709303,35.430963545401276,116.01572002609224,173.60827167064605,183.22339106711635,0.0,77.44620058710503,27.965889502543817,701.2498106634691,0.0,533.4758919654578,695.7941207739401,0.0,64.53653570077049,51.947822550104426,17.00449999544759,127.97185666633406,0.0
918,Mic,012_00932,730.6551105519384,309.0899079477166,26.40918406524599,64.93070427800092,113.19380932959702,594.3279852656256,219.33817340688267,953.0370705801694,101.10499526452834,165.29198617984184,408.3553585986184,22.14851977086875,171.07744628443447,199.66802618566314,41.228757580103306,666.964832011474,233.0964207046437,343.87967824913335,106.56004896661427,200.26492273029183,244.0659447494733,0.0,0.0,2715.8772681877845,79.3775824055832,1582.5419824600986,150.19411944906585,113.34070374568239,197.87054540157192,481.24228138825407,53.686146359603725
919,Mic,012_00933,53.05086611268199,42.105126779255514,109.57494791983642,2.784552620109201,40.32815878949205,327.6996409985905,110.25076688587494,411.97953366833985,242.3532481133108,165.29198617984184,0.0,59.83986043357522,37.73136659907327,66.05558761029457,15.91285380284689,369.0792496736501,183.68270578918558,119.45294086548843,41.12843995202656,149.759514585591,157.00148492656174,0.0,0.0,0.0,15.318480815112546,0.0,144.92415034558982,80.20014709489806,25.45702923295077,133.17396466090048,103.60484385186682
920,Mic,012_00934,61.30781025473367,0.0,0.0,0.0,13.416566445531403,65.41241861178092,451.93468541079716,217.33695187767532,418.1684383293907,324.15237756669376,0.0,34.127680269509824,18.828979635529755,0.0,15.881894943308277,414.79328027116475,132.19378722841174,26.49345381063362,164.1936941275457,96.43106687888564,125.35682765342598,0.0,0.0,1509.5084382773573,0.0,0.0,72.32109837284784,160.0882313606331,0.0,139.91039088888377,124.08393360935646
921,Mic,012_00935,44.30020778481692,0.0,0.0,11.044913614299125,0.0,43.32729789491674,44.25151592469235,241.22645522561152,689.7412400764595,333.5660442752994,69.4625094523423,0.0,74.83063556182186,0.0,21.03941752799086,270.64639252036835,171.81849567404146,263.22748567008404,108.75716337829702,108.58436370975551,83.032744090027,0.0,0.0,405.8816580108328,0.0,201.89646425715173,297.0011292456077,192.7960424539958,210.3649483972897,213.14698983097733,0.0
922,Mic,012_00936,494.50985912178567,0.0,0.0,17.005660644238333,0.0,0.0,216.42338040479788,422.33157041995497,294.7628715324877,788.088576964603,0.0,0.0,57.60771150394223,0.0,0.0,587.1816033973648,83.94246102756513,121.58602909522929,0.0,88.50994352812003,95.88304972300737,0.0,0.0,22.86325251280533,0.0,0.0,132.76087344158498,44.52670504294665,58.30114284153458,203.3281067590534,0.0
923,Mic,012_00937,0.0,0.0,21.57185827111677,0.0,0.0,0.0,246.66075038434604,428.4703693158844,306.00198670994297,137.4705627634328,88.94869197197627,14.47329014730037,95.82272804616133,37.278895978087036,0.0,42.00852097125829,169.2449259241637,78.64970858965327,69.63329932471824,106.32877704368215,159.48863716302216,505.6468419669672,0.0,0.0,0.0,0.0,110.41498385240732,0.0,21.55025741997318,136.4703499247842,420.9844348198629
924,Mic,012_00938,1406.330232587097,114.54508353356556,35.652398488082085,0.0,0.0,152.82719621116087,0.0,2291.863547331191,1005.7286371050451,0.0,245.01321515917104,119.60200676269125,131.9740299908495,0.0,0.0,1431.965458607767,559.4314096911448,464.23756563633003,0.0,292.88744949305175,439.318700549052,0.0,0.0,733.2868624107018,0.0,0.0,439.3177993885175,204.0132667422283,29.680581810235786,523.0104793955364,193.2701268945734
925,Mic,012_00939,176.8894842974065,130.12006046842217,3.9375138892460133,0.0,5.192857795936101,50.63551681695089,644.924290202249,0.0,123.76867048710969,483.9271402614647,405.8953865588677,66.04528485891585,247.78256634828162,34.02260687156739,24.588234942350766,407.35295843929117,202.73069722429477,512.712170883497,127.10174515294955,261.2642911372218,48.519133594774814,0.0,0.0,196.67906378485551,0.0,0.0,291.1142044140779,33.797378526573965,19.667855416421304,135.38015985859613,64.03528300723818
926,Mic,012_00940,0.0,64.28550606475619,149.4005269976773,0.0,0.0,240.1570226175385,0.0,291.1392102469477,1008.4653136685962,127.51096076730659,0.0,250.594680836115,172.82313451182668,40.34109100485848,116.61848572657792,602.3346770334258,169.41114861926783,170.22044073332103,0.0,336.33778540685614,0.0,0.0,0.0,713.3334783995264,56.13129041537669,0.0,238.96957219485293,160.29613815460797,23.320457136613832,218.31017778340473,75.92754985143955
927,Mic,012_00941,123.23663820534166,2.538778800864842,5.531401740040944,2.014775026961946,41.337784767649296,94.84339398153847,564.1049463865535,332.15694257918494,254.11720953651553,214.01698633722822,190.06666902333436,12.370682410809625,34.125865771023605,0.0,34.54144147049558,341.1044502560423,192.57578057509878,163.25796854535724,29.758659654992417,132.827334152214,45.43963992514877,0.0,177.70828372741195,0.0,0.0,110.48776887415356,125.83259090655164,94.95680962614291,41.44397178015998,172.43117004048892,74.96373045981338
928,Mic,012_00942,100.71375363579472,49.21859058082896,25.532316625579618,0.0,6.73448745410463,197.00380761594954,161.7539327504609,188.7013399748735,209.9009543958074,191.76453084145714,0.0,85.65247880140649,56.70759101169313,22.061534143281975,15.943933595430574,285.89588149287016,167.765685604807,0.0,0.0,38.72310029355251,62.923251380723585,0.0,1353.463774209068,0.0,61.39359889181824,0.0,29.041441065346714,87.66195055330122,0.0,126.41122426796413,83.045757650012
929,Mic,012_00943,0.0,0.0,51.342326120803,51.78763120662308,0.0,152.36548262744134,189.17975245857457,337.49605216049883,155.97402831236352,193.2567935093619,162.8486626435578,26.497926976628474,73.09739828294785,34.12539420350566,12.331259820030898,100.9441914426422,178.16735479841344,174.84879108558656,254.9714766814456,134.7704276077719,243.328585399777,0.0,0.0,0.0,0.0,0.0,78.6136894095186,101.69845623102015,9.863637459594974,222.69422791482907,128.4574861534929
930,Mic,012_00944,187.4133400990074,16.8223754188147,0.0,0.0,0.0,157.11207087128687,0.0,0.0,172.32110604603577,152.9337068392929,0.0,102.46277837925263,22.612372739865172,0.0,0.0,0.0,86.86653995885669,47.725357214949824,98.59294250182067,208.4533249447313,0.0,2603.415346066118,0.0,0.0,36.721404944638955,0.0,52.1117447153885,69.91108829172931,0.0,33.60464528826461,0.0
931,Mic,012_00945,187.49227091946688,36.08478878163201,0.0,37.059505743576,0.0,0.0,258.44898965006917,201.16274921849725,160.27953010467868,133.32513979600452,31.78237460791134,10.342940836396256,68.47709103298793,19.98025733731198,19.253051888821826,377.12926779371224,123.9699124266442,216.7901839528145,24.880766150223614,108.1324310084108,151.9655882402381,1215.4388390419533,742.896068176504,335.18390948018384,0.0,92.37715581577227,48.21975120283983,44.106641787824515,3.8500754706673783,110.2454282923964,162.95771312455187
932,Mic,012_00946,122.11478167412284,74.65413607520073,24.096859193173756,19.748509135244515,63.55866500463725,154.9400145919603,2.327133122632235,427.83898280017405,247.62508905680508,524.4402418655351,186.3003709735632,0.0,89.19903716739441,39.039765488572705,28.214149772559168,267.62283276591654,141.79137111987538,94.13111929953234,0.0,108.49605980866328,74.2320384952315,0.0,943.5122414260114,0.0,18.106867875927964,360.9945996855985,59.95652348974805,68.94457555036901,7.522728108585107,115.99022728530042,146.9565480995604
933,Mic,012_00947,1724.9003439595265,0.0,0.0,20.119373156563665,0.0,236.77452934123514,0.0,127.57273688442153,222.59587541560353,565.7176428408673,0.0,123.53258914456373,136.31120468538444,39.77290662450835,28.743992960776247,380.96107662491454,275.3656660084787,215.7723896619562,0.0,104.71598952622654,567.1955054037056,0.0,0.0,3435.2841944592574,0.0,0.0,471.2076071447804,79.01922303396167,45.983999987689245,177.25267127401543,149.7162954817118
934,Mic,012_00948,19.443982602385706,8.14476999915463,82.81250930866727,0.0,0.0,228.2035056546746,411.3023519005209,177.60126115282213,123.95535023143415,262.52256628563117,0.0,9.921735100977402,142.32493430385728,76.66632679656361,83.11045928477837,410.36717516663003,207.38725665633737,338.90042498941744,286.4102673582302,325.2039554064863,364.44236093812754,0.0,142.52847642843332,0.0,0.0,0.0,294.3566877211613,186.1659523062566,29.546280535076345,138.29604022478128,120.24725089594499
935,Mic,012_00949,57.29493540169655,0.0,0.0,7.142377470580101,8.620143941253927,0.0,141.3966085311346,1252.97689743316,179.1154810844223,208.2679025866007,0.0,65.78110371948019,72.5857164949672,0.0,20.408235002151137,0.0,160.2537892344425,34.04408814666421,0.0,61.956960469684034,80.5417617673262,0.0,0.0,0.0,0.0,0.0,74.3460891272876,56.10364835411278,0.0,206.752580136048,0.0
936,Mic,012_00950,317.6221383141261,0.0,16.8316044364336,32.697579264458255,0.0,288.6007138751536,319.3199518228157,263.479982568636,305.98706269576485,127.69337988142289,0.0,0.0,27.691260465414288,0.0,58.39266095036089,345.98434224826036,232.9296850675159,155.8527640476759,30.18439155277486,148.90943288851096,276.5382378277294,0.0,0.0,131.88073552450803,11.242318538129808,224.13684730121568,159.54096379246263,107.01697349377734,70.06145920871109,100.30914505574265,30.41446918226477
937,Mic,012_00951,215.83708541735004,0.0,0.0,0.0,0.0,172.71566695096945,65.7176018124158,129.247493133475,72.16578609364316,76.41924018588578,0.0,0.0,0.0,0.0,0.0,81.73318827669902,28.538346028051407,11.658934296802808,0.0,25.461764576582475,55.16559025159328,0.0,107.87257976261564,0.0,0.0,0.0,50.921978854306566,51.23620854256875,0.0,86.19821685243217,0.0
938,Mic,012_00952,241.60514928426255,0.0,0.0,0.0,117.70477670788495,270.05608969040475,0.0,24.250774615244787,110.01659598854192,143.3858193367303,108.23876974903138,0.0,38.86785354482849,0.0,16.392156628233842,460.06922364908183,159.61019971944475,95.70627189825277,0.0,39.811701506624274,64.69217812636641,0.0,0.0,431.9226498804669,31.559761679328258,0.0,164.21826915665932,75.10528561460882,0.0,187.72715500391996,256.1411320289527
939,Mic,012_00953,0.0,0.0,55.97815715593073,111.54342649268669,34.74113427205613,254.07040176162764,320.54646770282403,34.22291304330199,228.24020407853487,266.04931780584116,67.88779261337233,44.18546009704798,12.189037194788783,28.452154864887586,0.0,508.9829645765083,122.7132290359459,60.027359452556524,0.0,106.12275344933285,81.15038969000119,0.0,0.0,0.0,1860.6745135172725,0.0,65.54441106939711,56.52760539457207,90.46222667603351,81.51454260100458,26.775458385898077
940,Mic,012_00954,6.510788113829153,110.45418769308108,0.0,35.711887352900504,7.836494492049025,725.9291820030141,114.76997445708976,401.4192141283673,191.56735944858002,243.43001601031256,0.0,19.933667793781872,65.98701499542474,38.50740505009218,46.38235227761622,408.61640611787294,311.7664626924609,131.5339769302935,335.66415424483495,326.6821552037885,219.659350274526,0.0,357.9408328486792,0.0,321.47920874261195,890.1798651338055,76.03577297108959,178.51160839944976,133.56261814606103,310.5374721410998,24.158765861821674
941,Mic,012_00955,128.85367271302047,41.42245997478014,0.0,26.895982106786988,18.033773935677672,281.3555076690828,228.19536343936844,129.48543830911822,108.0071200238333,149.3852260035391,56.38379428349125,9.174491453205047,91.11177802715548,35.44614690803464,59.77307322805772,236.33088693898526,124.71633806529837,185.17704849649985,44.13993660123353,129.61707211230967,202.19689146609085,262.24780107339666,0.0,441.95910715129975,16.440126899901124,819.412428156641,132.20538861546956,54.773436328980395,81.96311294876828,142.92519638293294,222.38194517158027
942,Mic,012_00956,112.75242389546698,36.73457489414639,11.43371380084265,12.493954759032246,55.289552975972704,245.058186344427,144.28225360319857,1117.904148189338,399.3313761100137,307.9346331455362,0.0,25.57088579960357,183.40414274724463,32.93150286110896,23.799690964607738,691.1657056448246,190.62258311268965,218.3585828649016,307.5639897287117,267.336155962485,140.88937918482713,0.0,3122.329364091102,403.13979940946547,22.910730781786402,0.0,162.56433482643058,218.0899838838203,66.62987753318237,120.55544031256444,216.9358567183987
943,Mic,012_00957,405.38869387992844,24.258681533870263,35.2359733485088,19.251691295364154,4.6469778659050816,226.5632288844703,294.0091205499141,773.11600205339,440.1918434768584,120.29335921444016,0.0,0.0,13.043255434854844,15.223053209380556,55.00871968234808,360.24288266862067,190.05840232656257,183.5260816531763,0.0,80.15994885565588,173.67495798884354,1614.3280333221308,0.0,0.0,0.0,0.0,180.35439410932298,50.40759061465659,26.400517513147733,198.6840685709122,143.25952802158406
944,Mic,012_00958,569.0250433730137,0.0,0.0,0.0,0.0,575.7188898365649,269.78804954570694,0.0,317.52945881202993,0.0,184.5989977226631,0.0,33.144162783090046,0.0,55.91297260863325,250.64844404854367,140.49647275348386,163.2250801552393,144.512943119107,0.0,330.99354150955963,0.0,0.0,2657.1484153238416,0.0,0.0,178.22692599007297,25.618104271284373,0.0,480.24720817783634,0.0
945,Mic,012_00959,143.2373385042414,81.4283076820245,46.687664686774156,23.807924901933667,0.0,120.07851130876925,514.6067045180749,265.9790315836312,168.07755227809938,148.76278756185766,64.17012777978289,0.0,80.6507961055191,0.0,38.87282857552597,310.638009539251,289.98304718613406,251.2777934634739,50.23545165568958,147.51657254686674,115.05965966760884,0.0,0.0,356.6667391997632,0.0,186.5138765042259,442.53624480528333,62.33738706012531,124.37577139527376,201.18781089843182,0.0
946,Mic,012_00960,310.88022758527035,51.11545309814285,7.95489621437937,8.692548645736432,3.4970157976689356,170.4968720408488,411.7751132245444,214.34634966719912,485.1355948713026,214.24255409517025,54.66826301725925,8.89534871122112,19.63102542122169,45.82355164852078,49.67521704377559,287.2321970162075,170.3305995108476,262.4087930168843,0.0,221.1850921432939,261.3931416383811,847.5621968430265,0.0,140.24031561607165,15.93992019909277,0.0,158.34359753276263,98.62710325942747,39.734653133378536,178.69082682187764,0.0
947,Mic,012_00961,358.81096819699735,0.0,18.338241039294054,17.176058045483206,0.0,269.5148951218869,218.59195135073773,217.81958281668764,477.1908372636973,56.64314556463518,270.05464596702217,8.788390610484996,38.789962054758696,22.636283529780307,32.71861322990162,312.4752058418196,192.68992693520144,40.93477532665034,84.56468815787426,89.39681670976452,32.2812672414133,0.0,0.0,969.8784152125515,0.0,156.98562751858694,104.29311100020303,157.4050254424006,13.085627251005759,291.83513097534006,127.81391157356556
948,Mic,012_00962,510.76880396861264,41.860329530538905,0.0,121.8079878703583,187.10389950008525,0.0,375.80493961763347,795.7637902816371,375.7096274456647,0.0,208.92599742254893,0.0,0.0,0.0,0.0,789.3694173203884,203.7334994918494,475.03378809298886,0.0,57.634381832264204,0.0,0.0,0.0,506.1817765625739,0.0,0.0,172.89788169136648,115.97653406534941,0.0,292.67301535942084,0.0
949,Mic,012_00963,0.0,136.1340128430131,0.0,156.05194473536352,0.0,141.26883683384617,42.43595694211723,0.0,885.3953587959581,250.02149170060113,226.48280392864547,0.0,0.0,0.0,34.29955462546409,13.370359090642083,317.8142374733482,114.43390973668639,0.0,62.47760719632003,135.36430549130452,2457.9303708447765,0.0,0.0,0.0,0.0,124.95141029796233,0.0,164.61499155256823,75.5398539042923,0.0
950,Mic,012_00964,33.97966059407186,0.0,7.156503346147864,49.5274350149715,0.0,153.38495970098262,270.92415868191847,269.9668805479942,88.4425947819174,274.1795902143727,196.72593917889648,0.0,35.321516542563124,30.91835441978204,37.24130474845098,371.63742640266463,156.74458217091458,105.6112223527904,38.501623531732896,194.46345256908126,146.97401782358793,1143.7449718347045,0.0,0.0,0.0,0.0,61.05062063372155,95.55365899727238,65.53559122333084,213.24845618602222,19.397549232119594
951,Mic,012_00965,537.1400193909052,19.28565181942686,23.343832343387078,0.0,12.314491344648468,240.1570226175385,887.3358596596711,156.35253883632376,312.3232128152742,419.7235791923841,192.51038333934866,0.0,17.28231345118267,20.17054550242924,0.0,375.0385724925104,318.2182386226787,243.17205819045859,0.0,185.8708814090521,57.52982983380442,0.0,0.0,0.0,0.0,0.0,252.24565953901146,307.2342647963319,128.26251425137607,263.25639085645867,417.6015241829175
952,Mic,012_00966,212.64099736712123,92.78320462954501,16.172221994593933,58.90620594292866,0.0,346.6183831593339,333.18788460944825,21.78819595586168,206.37926868429494,205.5073560132879,111.14001512374767,18.084152225286648,89.79676267418624,93.15880809369379,25.247301033589032,593.7817823780202,203.5388333369414,294.81478395049413,0.0,163.51527711586712,232.4916834520756,0.0,0.0,0.0,0.0,0.0,321.9109013758844,354.74471811535227,107.70685357941232,318.79375870372263,87.66892353980649
953,Mic,012_00967,137.50784496407172,35.99988339626347,0.0,0.0,0.0,0.0,311.07253876849614,259.65304380542597,450.94956414195735,35.70306901484584,107.80581467003525,0.0,0.0,22.591010962720745,16.326588001720907,127.28581854291264,187.17642582582886,177.02925836265385,0.0,307.3065239296328,257.7336376554438,1559.9664753628183,125.99517316273507,0.0,0.0,0.0,74.3460891272876,29.921945788860146,13.059455996503745,143.82788183377252,42.519427916806144
954,Mic,012_00968,68.45902207923301,0.0,0.0,0.0,0.0,61.80511611480771,7.426292464870516,11.100078822051383,42.60965164205548,246.11490589277923,297.2586801563472,32.245639078176566,17.79061678798216,0.0,0.0,169.63643096252142,65.98685439065281,37.54862663235022,77.56944740952069,182.2263543226001,118.44376730489147,0.0,0.0,0.0,28.89110536085565,0.0,150.33216551473592,27.501788408878816,0.0,13.219474433251154,78.16071308236425
955,Mic,012_00969,0.0,48.38694004874122,42.16950358805408,0.0,0.0,180.76335035728704,135.74943215354705,0.0,0.0,0.0,0.0,47.154913060559274,52.032771680980076,0.0,0.0,196.74555285530846,110.28217753768088,54.90981959139388,0.0,106.59262016289725,0.0,0.0,0.0,185.85611720086914,42.24935837716525,0.0,199.8550782991602,20.108834535524295,0.0,38.66340909510014,0.0
956,Mic,012_00970,344.59997379281253,10.434748810511149,11.367431401997186,8.281017357194319,104.9408827630913,97.45502367088518,146.37330075686813,0.0,109.94300629222853,470.004169398333,0.0,12.711324390237715,56.10490163862199,32.740595598146,35.492582612436756,350.4971814949768,167.22134528811395,187.489181097571,0.0,93.38440418619042,140.0726291605673,0.0,0.0,1536.4105688605184,0.0,227.0603713964489,107.74795525693852,108.41284706108749,37.85349564203984,83.37848222247682,246.4894371988762
957,Mic,012_00971,508.26152372472745,24.884712025066907,42.16950358805408,19.748509135244515,0.0,154.9400145919603,4.65426624526447,0.0,364.1545427305956,137.10855996484577,0.0,101.046242272627,89.19903716739441,26.026510325715144,56.428299545118335,234.62823694546105,283.58274223975076,282.39335789859706,0.0,125.62701662055748,296.928153980926,0.0,0.0,0.0,0.0,0.0,68.52174113114063,258.54215831388376,15.045456217170214,447.3908766718731,342.89861223230764
958,Mic,012_00972,155.01876461497983,0.0,0.0,0.0,44.77996852599442,436.64913203188814,126.79349559068966,1176.3200414018088,725.2192893410529,972.4320745385501,233.34591919921053,37.968891035775,125.68955237223757,0.0,0.0,275.5104297465641,102.67342340561686,235.8032079422629,0.0,300.3973840954377,209.19938121383424,0.0,0.0,0.0,0.0,0.0,225.29117917359875,80.95764553263027,84.80166231495939,62.26315230899244,138.050090638981
959,Mic,012_00973,271.44808650549976,12.182701656941951,53.08648167430158,29.00457856073137,0.0,227.55995374927505,312.73361567799896,2.554332859219946,404.690098598227,445.5332216319595,0.0,51.942213878890165,32.75159232711436,19.112530425313658,0.0,220.7579763223104,158.35569020797703,224.6564192419465,71.40064194717301,138.38102846020797,54.51219070546612,0.0,0.0,227.4719539345099,0.0,0.0,226.43478922016524,44.300681159479915,55.24304567048962,66.92498731689922,521.600427067419
960,Mic,012_00974,583.9292196862802,18.81527006773352,54.65872938939413,49.77266530020976,12.014137897218015,995.773020609306,130.20593617849627,946.7941796648705,480.9208448874631,217.70164033442583,0.0,15.280163465616766,33.72158722181984,0.0,0.0,681.8883136227463,129.54313276094308,237.24103238093522,0.0,189.9725617188918,505.139969272429,4658.934222089053,0.0,0.0,54.76223455158701,818.8414090429429,271.99788705105215,52.12882541613266,34.12749824870317,200.4569781655366,370.37829195824173
961,Mic,012_00975,0.0,60.154046806095764,0.0,132.19824624209954,22.159753062349427,172.8636666655804,290.78994042392725,93.1379364400404,89.3816857067282,103.25437697095519,0.0,112.73539626303373,161.71624926042395,0.0,31.477997432623862,314.94241734589565,232.3473962165182,113.7720169425796,0.0,242.09403576843113,289.86752307006856,0.0,0.0,0.0,121.20895616688026,0.0,152.89684139287934,173.07038052682606,67.1437326298393,92.43437135846564,81.97833145913782
962,Mic,012_00976,0.0,153.1909931755892,0.0,50.65515936581631,0.0,476.90756264475726,0.0,0.0,0.0,506.4265108488771,573.435184415081,62.204353399035625,68.63897540895243,40.05498397645522,0.0,440.08394708985753,259.13378684718367,96.57897346571404,0.0,17.576442686435183,114.24363371251941,0.0,0.0,0.0,0.0,2222.2929966460956,210.91089114124136,0.0,185.2405105887056,63.75349372064385,75.38905659008182
963,Mic,012_00977,250.52918521654382,184.79027598842464,0.0,16.294397271285398,0.0,319.60060044159115,322.57781413947055,378.83767112826314,240.36969056285707,588.2634945411862,102.47701014261908,66.6982040248215,128.79594815330046,0.0,62.078281375364675,108.89471168119903,263.2305587425064,504.83628810642733,160.44783038319108,329.8089150477477,122.496976071979,0.0,0.0,1957.0248690808883,239.0381949247981,0.0,409.89288682344863,597.3011992072843,24.827863111223856,54.68740754135838,121.25312143575897
964,Mic,012_00978,229.00013365881847,45.14091961913914,98.35144410505401,179.11918421517495,135.11197400084524,526.9903317626238,569.8922869593423,326.5302183891228,578.0049638534742,340.4289495929658,506.9238934327676,54.98942839663965,227.54143101870596,17.704554046019393,25.59026332558136,448.89199329397087,466.1928414092874,426.88511782651045,132.28144009648668,178.6846508843552,555.4604259815599,0.0,0.0,276.93920912062634,24.634422125870646,0.0,291.3248006555156,187.59840619975014,40.9387335313597,90.17422058543733,299.90192104330356
965,Mic,012_00979,733.1044884075345,137.00743024824678,30.88003018652779,48.740633657501995,76.92516902956261,352.9866999102928,548.7269959869678,388.2988203157502,389.92253872014123,573.9666606717343,70.73872353676855,46.04101747645157,177.81277881531776,44.470494021103825,21.425968506195417,655.6388947256327,392.01189387532924,169.77366792299733,221.5106529699698,325.2333882923046,380.51226031807647,0.0,1074.7619757976088,836.7590368466077,20.625671018773588,411.21169622978937,302.45784290628814,98.1691134805123,0.0,273.688226586575,641.6974029439248
966,Mic,012_00980,355.58919698605376,6.29368590843767,9.141640637969767,59.93603471815469,0.0,235.11876340178597,462.61128165780804,332.53662708858826,184.1993840851731,712.6049613977099,0.0,15.333590610601444,50.75924230417287,19.747387205175478,14.271493008497298,66.75829643859053,168.0983803158488,35.71058197202539,73.77234159227143,190.63680144518165,0.0,0.0,0.0,214.88259704342917,0.0,0.0,116.97811226321474,0.0,45.66243355420891,295.45063138930544,111.5019962853308
967,Mic,012_00981,120.1655524364441,0.0,13.160281321104124,14.380625779691478,28.926657520986332,0.0,135.56721815065637,25.32903892280181,91.92661879579511,509.18806480904294,90.44111968962689,29.432261172026926,32.47683064651776,18.952190404967066,0.0,85.42672385430377,64.53172720850034,0.0,0.0,74.84733479559144,54.054873669346435,0.0,105.70064862645559,77.33610245942207,0.0,0.0,62.37088014034193,0.0,0.0,30.165243673190545,0.0
968,Mic,012_00982,267.1307277571061,11.575525207801759,12.610173098678551,9.186337582739679,0.0,108.10927063168937,237.06826878210444,0.0,132.12604052000134,0.0,173.32124545021748,56.40394745507412,140.03675208032257,0.0,0.0,56.27588440402085,133.97422894197766,328.3995641157319,0.0,119.53111344633575,103.59069037598225,626.9961717696215,0.0,0.0,25.26810501013742,0.0,155.3857168255207,12.026505542146364,10.497954981112336,213.89194645697683,34.17960443473163
969,Mic,012_00983,427.76761725248554,62.44323666018549,31.54762259377801,21.54563339541508,75.41000732921987,228.2035056546746,137.10078396684028,537.3576619495643,532.3723375324415,446.51274094735555,40.65075967950047,0.0,102.18200411558983,0.0,30.78165158695495,472.76218425629315,318.0904775754546,267.01245605226825,63.64672607960671,242.9684724301334,72.88847218762551,0.0,0.0,654.654578737702,0.0,236.3071738515079,285.9464966434138,203.09012978864354,128.03388231866415,303.7089510818726,160.32966786125996
970,Mic,012_00984,142.52471492959342,35.82077949876962,6.503754284724758,21.32052976292567,25.731772958966943,83.63677404590894,75.37132650913358,0.0,555.6406495448863,355.2544180581675,0.0,0.0,144.44918705466108,0.0,0.0,174.14726417562673,169.02389710299408,135.49885829518092,104.96960047457526,135.62717714756704,0.0,0.0,0.0,0.0,0.0,779.460976435571,92.47026010856665,93.04087620914225,64.97241789305346,107.33424017445711,105.76972118608495
971,Mic,012_00985,440.73027232074276,63.905118454905555,0.0,0.0,0.0,397.89329191071465,143.4285124576175,589.5521154244569,928.9316631249189,651.3873538211518,0.0,0.0,114.53367494274904,100.25596581089087,72.45527219698627,282.43894647096,329.9900512046509,241.73317027217183,0.0,234.62990947099277,0.0,0.0,0.0,0.0,0.0,463.52561024718864,373.9300340721565,287.7110172005784,96.59360944159576,468.0789053761828,377.3913720426581
972,Mic,012_00986,141.9469120312302,105.4050639980687,0.0,51.47659438255928,100.95664075342437,378.6259365591823,504.987887611195,877.206229072385,204.07964193508636,663.4016202082842,242.80588889647578,0.0,87.19004984380445,25.440327660721557,0.0,236.51081148176334,317.6201228070032,368.04419618015356,285.1201310187787,78.14391410590778,290.24058294531955,1443.0191816821437,0.0,0.0,0.0,0.0,100.46768800984809,67.39176979473005,73.53297295328686,48.59050061951775,335.1756705153638
973,Mic,012_00987,105.58034779182412,0.0,25.695422333752852,10.52930339643258,8.471885937350297,247.82788574782842,69.48236291456246,300.43849706073223,331.3597568840303,303.37374367651563,0.0,10.774955564206419,35.66865675428364,0.0,40.11446683469511,203.2820197859784,253.57110630707857,359.67955535787735,0.0,188.763221086998,277.0478291750778,0.0,0.0,0.0,0.0,0.0,155.26824510612886,119.46722827247602,152.41379848499457,176.69272952551907,26.11758471548289
974,Mic,012_00988,56.77089635838835,0.0,23.913194107859933,0.0,0.0,102.50604623919328,332.55299915859183,0.0,3.2122575517292384,72.56721344480863,328.6762642379124,26.740286064829345,29.506388819092365,51.65627506719682,0.0,160.07743947851054,127.0304426858386,186.82731299998648,0.0,181.33744527712398,98.22166069186122,0.0,384.13162549614356,0.0,0.0,0.0,169.9986794069076,102.62862503801118,19.90770731174352,109.62490993427784,0.0
975,Mic,012_00989,349.25153524182315,5.55553756115177,48.41683745295098,0.0,10.642153013893736,466.97198842299156,299.2520815473748,223.64603256281305,399.9855514412481,156.1090980587395,0.0,40.60561957992604,89.61199567279903,52.29400685814987,0.0,613.8397884978426,144.42625449523834,210.1486922633593,0.0,114.73511198089635,298.30282136046736,0.0,0.0,0.0,0.0,0.0,126.20478092595116,115.43960566689873,20.15348147608603,183.11420140873818,32.80820055309116
976,Mic,012_00990,349.14101260408836,0.0,0.0,0.0,113.1393892289578,420.2747895806924,157.80871487849845,344.37994545414415,273.28281121336494,158.06046178447374,0.0,0.0,0.0,17.649227314625584,0.0,228.7167051942961,184.2918576196089,255.3306610999815,0.0,154.89240117421005,151.0158033137366,1175.1979585601587,0.0,120.03207569222798,0.0,0.0,46.46630570455475,93.50608059018798,30.608099991805656,258.44072517006,166.091515300024
977,Mic,012_00991,0.0,0.0,10.686004996427872,0.0,32.88338288216757,45.8065165755523,588.9232040806306,139.8549440685711,88.99791494818227,308.0646281934927,293.7488138148099,0.0,79.11249754219858,0.0,33.364961856377874,255.7855345378694,108.29138891046797,83.4868646648441,0.0,101.29203346542347,0.0,0.0,0.0,0.0,0.0,0.0,263.3512693882122,50.9569921472414,8.896087191078845,146.96309451679753,0.0
978,Mic,012_00992,81.84990771670935,0.0,0.0,46.644097767053715,0.0,274.4651687057583,173.1387043238383,0.0,219.32507887888445,528.2596946074129,0.0,0.0,59.253646118340576,23.052052002776268,33.31956735045083,90.91844181636617,86.34081705692414,0.0,0.0,0.0,131.49675390583866,0.0,0.0,0.0,0.0,1278.9522960289776,15.172671250466854,15.266298871867424,39.977926519909424,73.38157236416964,0.0
979,Mic,012_00993,89.24444766619399,16.8223754188147,0.0,8.90015884184436,107.4161238785536,209.4827611617158,440.4878770440331,0.0,498.9106308380464,273.4269304096449,0.0,0.0,60.29966063964046,0.0,0.0,262.7004821952636,161.75148819925036,222.7183336697658,0.0,115.80740274707296,50.181783032601984,0.0,0.0,0.0,0.0,0.0,243.1881420051463,46.60739219448621,122.05099062153033,352.8487755267784,66.22963849969805
980,Mic,012_00994,404.43483812962273,7.058800665934013,41.011909371911415,61.62051151088714,27.043588835306437,263.7018287565129,455.47927117872496,526.883741420039,37.18660506943024,169.1812093840734,317.07592550010366,51.593022525082496,189.76657907180967,0.0,8.003229412608288,583.3933349883496,339.36096543764296,267.01245605226825,41.37037195174436,276.98405857035215,284.26504153173954,2840.2750951984085,0.0,0.0,1278.9129306405432,153.59966300348015,240.53146482357752,183.34525605919208,76.8203293911985,285.54064775822485,62.52857046589139
981,Mic,012_00995,145.97435771132876,68.7895861075098,0.0,45.492850131083436,16.47161262659986,267.69094877751104,591.8329383468782,0.0,291.92669266288385,0.0,0.0,111.73011247470095,61.64392059020569,0.0,51.99550319019397,298.95952603629956,220.47655079388272,97.57859659871906,0.0,39.463032146295554,153.90145560635577,0.0,0.0,0.0,0.0,0.0,82.86984456863266,95.29282098363105,93.57890443354594,166.04333491956223,101.55914311339048
982,Mic,012_00996,205.64960119139832,6.009997228090728,4.364790020800255,0.0,57.563565550944425,280.65094462817524,278.20701654706903,52.924582831016274,592.7714536526596,114.24187358673542,44.99407957847882,51.24849482875473,24.235631550907247,0.0,20.442305511336695,188.59125869254584,174.4331729229658,147.77066641289971,0.0,103.43399076741909,188.2445183209627,0.0,0.0,0.0,327.97915935528954,0.0,210.99891738963086,162.34778599965858,49.05471784997234,150.07082829066417,35.49200994725054
983,Mic,012_00997,698.4718273351699,31.80201713450836,23.09637122313916,0.0,0.0,118.80559422775755,89.22047484296732,346.7303773389902,156.36770329548403,73.59289844049496,0.0,15.49613750753361,188.09019586446152,0.0,28.845561840496302,146.17629337967,208.3865527854235,36.089139378089264,0.0,140.1146809208402,113.83994596088506,0.0,0.0,0.0,0.0,0.0,262.7070287183307,26.432814301113204,92.29297524030915,0.0,75.12266416396845
984,Mic,012_00998,752.7268298947378,0.0,60.02699745442391,109.32210414153215,17.59213049235495,257.3110956616484,0.0,254.16915180289084,0.0,204.92832980459983,0.0,22.37452507465312,24.689019215975236,0.0,20.82472959403177,324.7087207727363,219.1225281368908,17.369432727889897,538.2369820252455,214.95271999686292,410.92735595574584,0.0,0.0,901.4653847906102,0.0,0.0,0.0,324.4088510271827,33.31493876659118,82.55426890969086,0.0
985,Mic,012_00999,140.05428653748046,15.999948176117094,0.0,12.697559947697956,0.0,0.0,673.3171834815934,93.93133367638147,266.91718749835485,152.0686272854545,0.0,0.0,43.013757922943526,25.101123291911936,36.281306670490906,360.6431525382524,94.01555635087294,211.82988180146614,0.0,44.05828300066419,0.0,0.0,0.0,0.0,0.0,1044.477708423665,181.7348845333697,0.0,72.5525333139097,71.91394091688626,47.24380879645127
986,Mic,012_01000,34.724203273755485,98.18150017162765,0.0,17.31485447413358,0.0,458.48158863348266,850.828077308559,507.77815120511417,217.10967404172405,581.52726046908,81.67107171972368,66.44555931260625,43.99134333028316,68.45760897794166,12.368627274030992,207.3215983842895,336.0473398491946,113.480293822214,0.0,165.21856125249073,97.62637789978933,0.0,0.0,0.0,571.518593320199,0.0,202.7620612562389,260.6836186150695,98.93527270078596,277.8493171788788,354.3285659733845
987,Mic,012_01001,99.11512262570274,0.0,5.8359580858467694,31.885613707946877,0.0,75.04906956798078,42.83379403844958,168.4833392632799,355.1265446920663,189.27408238897067,0.0,0.0,21.602891813978335,0.0,9.1108191973889,131.40556043771673,81.55773202110021,106.38777545832563,0.0,77.44620058710503,71.91228729225553,0.0,0.0,0.0,0.0,0.0,116.16576426138685,58.44130036886747,58.30114284153458,188.61357271727982,166.091515300024
988,Mic,012_01002,348.41514771301956,18.710958106166043,21.742280436252415,56.426266919343824,21.50555661019691,209.700518709701,216.27339885219575,25.107870599567367,525.714998902548,188.65966821774046,560.3212820687903,63.82089064953033,150.90585549889232,58.70844844781898,50.91451559788225,82.69608793068649,198.5681047478747,106.16659505196736,87.72927108270115,123.65630364011781,234.42508622506583,0.0,0.0,694.738666792438,0.0,0.0,170.02224124743523,69.98376094068122,33.938295209209315,89.70553960526354,22.099494759254753
989,Mic,012_01003,606.3171431003399,0.0,0.0,24.34901410425034,39.18247246024512,143.27549644796332,180.7627097699164,205.85600724531653,0.0,25.357293334407554,153.13325947448192,12.458542371113671,54.989179162853944,16.044752104205074,0.0,189.84390549724185,118.36927613907686,48.358079753784374,59.940027543720525,133.7707101049996,137.28709392157873,0.0,0.0,534.6883371744701,0.0,0.0,179.5289084039615,85.00552780926179,92.75181815698681,76.61286319270555,271.78611594549386
990,Mic,012_01004,562.82446938257,52.39068269726492,40.766775817973276,80.18469509590965,86.02222644078763,314.5507780645515,419.9483472858171,87.87754709848579,265.047978613368,213.4019197872802,0.0,27.351810278370138,211.26819769844923,35.22506906869139,84.85752599647041,211.7019851025574,202.56612027971113,148.6332330727543,87.72927108270115,159.72272553515216,100.46789409645679,0.0,0.0,0.0,16.337589725889263,162.86034954630952,38.64141846532619,124.41557500565551,74.66424946026049,254.16569554824667,0.0
991,Mic,012_01005,140.70012316841746,26.086872026277874,14.735559224811166,2.3002825992206444,55.52427659422819,270.70839908579217,611.5151231620267,345.1927893904288,96.70912590520102,352.1437966440109,86.80017284221842,7.0618468834654,46.75408469885166,18.189219776747784,59.15430435406126,179.34797298719573,221.9295631910154,285.0712695050787,33.975667786456725,175.59460616206746,155.63625462285253,0.0,0.0,0.0,12.654397195092974,0.0,209.5099129996027,102.3899111132493,73.60401930396635,170.81008510854628,188.2905423046971
992,Mic,012_01006,175.34618545034317,60.0951948586274,87.28886116318984,61.31770801451915,90.44984103700465,213.8122935863618,237.64135887585653,72.00051127817113,190.95824224842556,281.44311160351447,0.0,20.916090212871282,69.23915722890354,8.978939174372314,58.4019443622767,169.478335500301,192.6102776808244,173.1972687906605,67.08708965147734,165.4812298713341,76.82838960317284,0.0,0.0,0.0,0.0,124.54026730011904,94.5578240092688,118.9266525789354,15.571688390107806,325.84218062500133,33.799227278860215
993,Mic,012_01007,0.0,0.0,0.0,165.6203471438864,0.0,0.0,0.0,0.0,534.4451694761109,0.0,0.0,0.0,0.0,0.0,0.0,23.059025098353736,46.450373691142765,98.67851636714262,0.0,71.83415706630032,0.0,0.0,0.0,0.0,0.0,0.0,0.0,0.0,0.0,26.05577569452401,0.0
994,Mic,012_01008,525.8079514712658,0.0,0.0,0.0,0.0,212.79736181300882,2019.95155044478,0.0,146.70664869163406,715.567838905138,341.1576413608711,0.0,0.0,0.0,0.0,322.2425785896522,186.62466594390776,86.18756492826381,0.0,0.0,203.90319434766124,0.0,0.0,0.0,0.0,0.0,517.5993546836478,284.06910559044445,82.6547847879984,0.0,403.6654549063875
995,Mic,012_01009,0.0,125.58098859161674,0.0,0.0,0.0,130.3177642110674,438.4390962205724,702.1445208367386,0.0,357.49197010989053,208.92599742254893,0.0,0.0,0.0,0.0,283.6796343495146,208.70260923555304,237.51689404649443,0.0,57.634381832264204,124.87094847647471,0.0,0.0,0.0,3959.64916883665,0.0,230.530508921822,231.95306813069882,0.0,153.30491280731567,0.0
996,Mic,012_01010,179.4143254365241,262.4221479604421,432.17246901022156,393.0507519744285,81.42230416790157,345.19489903958305,282.04662306005145,0.0,188.22378130625367,271.8662852773169,0.0,396.2174625129539,576.3136970168512,255.13462072887904,335.2482135876983,392.0507757995255,272.46434802077704,321.56633567691034,649.8631323015285,457.9980650736396,330.7669887775203,1001.0051818293238,646.7924700345742,0.0,0.0,1286.830852267349,236.62512966590504,76.80170890364515,20.11209855724396,62.758572668740584,21.827221723206442
997,Mic,012_01011,422.8090112474594,21.686676744737028,15.750055556984053,0.0,10.385715591872202,405.0841345356071,425.8933991901645,0.0,50.77689045625013,0.0,0.0,132.0905697178317,87.45267047586411,34.02260687156739,0.0,297.12804027336534,84.95381597970447,20.508486835339884,0.0,134.36449258485695,582.2296031372978,0.0,0.0,0.0,0.0,0.0,89.57360135817783,45.06317136876529,78.67142166568522,454.87733712488296,64.03528300723818
998,Mic,012_01012,0.0,0.0,0.0,0.0,0.0,0.0,0.0,0.0,62.71550458138037,0.0,0.0,0.0,0.0,0.0,0.0,132.589394315534,45.786796924126435,101.3216909126911,0.0,0.0,191.76609944601475,0.0,0.0,114.31626256402667,0.0,0.0,0.0,44.52670504294665,19.433714280511527,96.31331372797268,0.0
999,Mic,012_01013,0.0,0.0,118.84132829360695,129.86140855600183,117.54741738073537,254.7119936852681,420.82323967599586,0.0,518.8282651732376,664.9245807689092,0.0,99.66833896890937,73.31890555047192,85.57201122242707,92.76470455523244,241.0716260282436,208.81554354790995,412.65561389896004,0.0,394.271566625262,244.0659447494733,0.0,0.0,0.0,0.0,0.0,450.5823583471975,226.68140749136478,173.13672722637543,217.92103308147352,80.52921953940559
1000,Mic,012_01014,0.0,0.0,16.547526724426284,36.16393655989924,0.0,106.39868090650441,332.3970905795208,181.5354663049416,0.0,0.0,0.0,83.26721989807618,30.62688459703258,35.74527051063409,25.83320886348245,130.91104755204623,247.48053527344288,0.0,0.0,109.79714513614891,101.95159717383062,0.0,0.0,0.0,0.0,0.0,0.0,23.672425465870372,206.63696196999595,170.6818217964073,201.83272745319374
1001,Mic,012_01015,0.0,29.787137561920126,120.52702089351627,77.67124436091834,44.832899930871484,158.96918754825245,131.32072727477885,653.0939993456616,109.59645623299376,397.40413698557717,63.71502049056458,82.93913786538086,45.759316939301634,40.05498397645522,57.89570213376208,203.11566788762653,142.4478126528378,144.86846019857106,99.75834371342613,134.75272726266974,266.5684786625453,0.0,2904.1440622616237,0.0,18.577732052370536,0.0,360.3061056996207,256.42329428987716,347.325957353823,187.01024824722194,125.64842765013637
1002,Mic,012_01016,0.0,80.71722734588221,87.93192452217554,38.43431822733686,61.84856639464701,226.15683744252502,221.92292818787942,169.23886993262198,420.503239686457,173.44540253848874,241.7170732512001,19.665501859336377,21.699765768301106,25.32624547390218,36.606699555428044,763.4295170454961,152.34889380135343,0.0,0.0,133.36027365671896,144.46952783376895,0.0,282.5003882572535,0.0,70.47875029733396,0.0,116.68668697107918,385.7649961568293,263.5316232478334,104.80731299546203,381.3401606888444
1003,Mic,012_01017,0.0,76.48700438299603,11.109812560025578,64.74676460582526,92.79475064239354,285.7392337092526,294.69548115554153,273.6971276689383,220.87228129057243,332.9252186228543,0.0,49.69299619979617,95.95845428985278,15.999299548669082,23.125478755978623,256.91542694568057,128.92939417161946,135.01904647402233,0.0,63.18556875095255,228.1636310689127,0.0,0.0,0.0,0.0,0.0,221.1427580273427,211.9117973715308,92.48906513104636,208.81526753486807,421.58073005331875
1004,Mic,012_01018,0.0,0.0,36.312628089713236,14.879953063708543,5.986211070315227,116.74299710574789,14.027441322533194,518.9286849309021,186.57862612960656,92.97674222616104,187.16287269103344,30.454214684944528,16.802249188649817,0.0,85.03431250896307,381.19450865716027,231.47769556086143,118.2086393981396,0.0,77.44620058710503,391.52245303561335,0.0,0.0,0.0,54.572087903838444,543.9988064706589,232.3315285227737,103.89564510020885,90.69066664238713,249.70118373918842,73.81845124445512
1005,Mic,012_01019,403.8073904640847,95.74437073474326,27.81392789850375,0.0,64.1925612646569,0.0,209.5162512429426,168.62672933924864,218.57020532830006,269.039083888466,573.435184415081,46.65326504927672,128.69807889178583,0.0,65.13266490048235,270.82089051683533,197.75999522548227,36.217115049642764,0.0,184.55264820756943,0.0,0.0,0.0,0.0,0.0,0.0,316.36633671186206,218.8440184025676,69.4651914707646,200.8235052200281,169.6253773276841
1006,Mic,012_01020,326.4703005437293,31.79131839030836,54.972860018068815,22.82677408595827,60.89925072038098,268.6365349716789,152.04849769958605,316.14219447430446,438.6393070637166,391.6127208314672,113.33664284065942,77.45462170502293,130.23509547737316,23.750011525147965,51.492603033182,291.718970167735,202.1704658130057,148.88919963217313,70.98028492982212,208.43384514611952,257.4084900890156,796.5706500410882,635.8040697867203,287.51164976574034,0.0,0.0,190.71116218522047,138.41101920835226,76.88493858328529,96.77233428681079,116.22215368344825
1007,Mic,012_01021,986.1063002553301,45.22598416616013,6.569118649395359,208.16979562494765,103.9615349698966,168.95468927867032,883.0943964256073,37.92991758288914,402.3877198467661,306.49619547920423,135.4344405402453,44.074441353085554,72.95046883916302,0.0,61.53236684065669,31.981361442942873,264.1368988386791,34.21516396649669,212.04914266723242,236.61954752241138,161.8929884770376,0.0,0.0,0.0,4620.253954793317,0.0,74.71968756511316,93.9759603921487,16.406351754401694,198.75712313712282,106.83273345931194
1008,Mic,012_01022,50.14873995772127,137.85513335549467,60.070780822370246,68.76687280208411,82.99482131623037,404.6409352636863,497.25284338082656,0.0,96.83164120923847,374.3483713263376,176.92420350662238,163.13329879375098,148.24216351999138,49.433284382321105,107.17672648832104,247.19073075893866,314.19561302857875,163.88838932748632,46.16824878641056,162.6878611895423,176.24017892193916,1219.104779120677,0.0,353.0046164777996,0.0,0.0,105.74389044362569,130.9494345245521,28.57649014552242,314.72184208702964,0.0
1009,Mic,012_01023,145.8298695178928,95.70104749006691,25.139511754416855,25.8547600744981,11.70155286143067,95.08479402278108,506.130394144252,211.75534983605712,362.33102375342287,111.06723958238241,152.44034879812676,4.960867550488701,21.896143739054963,31.944302831901503,9.234495476086487,194.38445139471952,142.85066280174289,88.57624744041591,71.60256683955755,117.7462597161416,72.88847218762551,0.0,0.0,434.50525137458095,8.889570880263276,265.8455705829464,218.6649680214341,101.54506489432177,33.23956560196089,113.89085665570222,24.049450179188998
1010,Mic,012_01024,127.89048080735837,0.0,13.339332767649758,14.576280552204285,13.194097869266214,385.9666434924726,43.79996984382814,184.85029222028425,384.35644950588824,125.23397932503325,68.75370833548166,0.0,74.06705764792572,57.63013000694067,10.412364797015885,64.94174415454725,171.70048846547417,156.3248945510091,0.0,107.47635999843146,82.18547119114916,0.0,0.0,1224.8170989002856,0.0,1398.8540737816943,113.79503437850141,76.3314943593371,83.28734691647797,178.86758263766353,54.233964179599674
1011,Mic,012_01025,278.69708396752844,0.0,0.0,0.0,0.0,228.2035056546746,187.37107142134838,409.8490641988203,195.46805228803075,0.0,0.0,39.68694040390961,65.68843121716489,0.0,18.468990952172973,0.0,174.03126432699642,231.0684715836937,0.0,33.641788490326164,72.88847218762551,0.0,427.5854292853,0.0,0.0,0.0,84.10191077747464,50.772532447160884,0.0,48.8103671381581,0.0
1012,Mic,012_01026,40.34854605753278,67.60541482866378,70.57947431521727,13.412915437709108,44.51717528347098,315.69937245498016,227.6001746980034,226.79597668341603,516.9170884651238,429.52635845325096,0.0,41.17752971485457,45.43706822846147,0.0,47.90665493462708,522.8877522302748,249.7852489475818,127.86511979967774,148.5837302492227,75.62821465783027,37.813033693580365,1700.1646696610192,0.0,0.0,18.446902953410177,367.7738409942482,244.32987037136766,140.47861872704294,38.319999989741035,312.3023255780272,74.8581477408559
1013,Mic,012_01027,101.5488593873353,67.16396156019303,0.0,0.0,77.19531887690084,0.0,48.99136223093683,95.75888894247312,259.47369955162145,49.95765253942981,0.0,0.0,54.16844514549791,0.0,0.0,451.19972990957837,107.63314202313303,190.54526947759817,0.0,129.46230545904126,0.0,0.0,0.0,57.32875256942232,0.0,0.0,166.44646819541998,41.86839429411401,24.364656709895044,46.95873007632499,79.3272908895637
1014,Mic,012_01028,0.0,0.0,51.99308112845304,32.46535213900046,0.0,191.03399526395108,0.0,25.732000905664567,125.71607963813064,143.69132889497615,0.0,0.0,54.989179162853944,0.0,0.0,244.08502135359666,69.20049989669108,58.029695704541254,0.0,70.40563689736821,0.0,0.0,0.0,720.192454153368,44.64989010314055,0.0,126.7262882851493,85.00552780926179,37.100727262794734,20.430096851388143,0.0
1015,Mic,012_01029,319.52944743253846,0.0,0.0,38.45895561081592,0.0,129.31531987098228,194.2261106196904,342.56550949284724,190.46216314406897,268.917346746435,0.0,33.73389934332317,74.44688871278689,0.0,47.09592692804109,79.5536365893204,155.3229034118443,65.46940028204655,0.0,57.19104043355449,0.0,0.0,0.0,310.23674948145083,0.0,0.0,28.594649664341386,129.46995774026027,12.55716922740745,41.48881206743439,0.0
1016,Mic,012_01030,0.0,0.0,0.0,41.50534123339526,0.0,162.81832041867017,266.5553498770957,47.51801297188098,51.022783388241656,0.0,195.77327119255798,21.236837358992794,11.71682267876791,0.0,0.0,211.886199148311,79.15683536035417,49.458723699754295,0.0,108.01213447499396,78.00654892719243,0.0,0.0,911.4299984765786,0.0,0.0,126.01032055472473,9.05627899178576,55.33667795128706,121.8880354523496,51.47630498402681
1017,Mic,012_01031,0.0,68.7895861075098,116.57047488672274,0.0,65.88645050639944,107.07637951100442,0.0,798.0744569637961,187.90683665656894,18.950673574758937,0.0,27.932528118675236,92.46588088530854,35.972947392867425,0.0,131.74487588040319,118.40407357449256,238.52545835242435,134.38783245471097,15.785212858518221,0.0,5056.761208808043,0.0,1003.0705943197651,0.0,0.0,94.70839379272303,119.1160262295388,62.38593628903063,332.08666983912445,0.0
1018,Mic,012_01032,0.0,13.235251248626277,134.57032762658434,105.03496280264854,456.36056159579607,0.0,0.0,0.0,0.0,0.0,0.0,0.0,71.16246715192864,124.58278104441587,0.0,0.0,56.56016090627383,75.09725326470044,0.0,200.4489897548601,118.44376730489147,2150.6890744891793,0.0,0.0,0.0,0.0,27.333121002679263,82.50536522663644,24.006352934749536,0.0,0.0
1019,Mic,012_01033,52.90015342486187,0.0,18.568957545876085,48.69802820850068,9.79561811506128,47.75849881598777,71.73123403568111,433.15534857868687,221.49975936242066,0.0,0.0,0.0,27.494589581426972,16.044752104205074,0.0,27.120557928177405,140.2220655801372,96.71615950756875,0.0,105.60845534605232,45.76236464052624,0.0,984.3372903338677,0.0,0.0,445.08993256690275,116.16576426138685,127.50829171389267,9.275181815698684,112.36553268263478,271.78611594549386
1020,Mic,012_01034,107.42800387818103,0.0,4.085170660092739,0.0,10.775179926567409,52.53434869758655,6.312348595139938,471.75334993718377,437.91101073948835,9.297674222616104,168.4465854219301,0.0,0.0,0.0,0.0,44.74892058149272,224.35530492821954,53.19388772916282,0.0,123.91392093936807,50.33860110457887,0.0,0.0,0.0,49.114879113454606,489.598925823593,58.08288213069343,105.19434066396147,0.0,39.32793643892218,0.0
1021,Mic,012_01035,182.3020671872163,32.727166723875875,41.594464902762425,51.944563422400726,0.0,76.41359810558043,431.5351039586576,782.2528275322029,86.205311751861,128.47695289433162,122.50660757958552,0.0,21.99567166514158,77.01481010018436,74.21176364418595,260.35735611050313,189.390841822523,386.864638030275,0.0,168.9735285536837,439.318700549052,1202.8962269437316,0.0,0.0,0.0,0.0,101.38103062811945,170.01105561852359,29.680581810235786,122.58058110832886,0.0
1022,Mic,012_01036,271.7148575841581,261.3574672796645,192.87363116503423,137.16041044205343,165.53906397724168,354.3300333701388,425.75091227173357,261.6187195904569,498.43404296808524,543.4893409754051,126.23631694383519,164.32438087614096,192.65529748859367,145.49245936178468,152.94227636272512,357.71190222832587,306.2461171318621,326.88702904291154,296.47151796800404,313.41225905039227,264.0713500568072,0.0,0.0,1313.325193522457,36.80740355106668,0.0,409.1646591314422,113.87157355245374,61.16841216161005,84.20836172937501,224.0485077583462
1023,Mic,012_01037,498.91657231814406,0.0,95.47365138194266,8.025143225370899,135.5977698624213,566.6626376368887,822.73307532161,1009.2341328993235,544.5678869718062,0.0,0.0,0.0,135.92830804300976,0.0,114.65300563006257,116.20194108552418,270.0906560131054,325.14016769286036,0.0,153.15203711607288,542.9781692179295,0.0,0.0,0.0,132.4446178340349,880.1778441772458,334.1397264147757,147.08821665872264,18.34193257935919,353.50954102401954,537.4646787236733
1024,Mic,012_01038,134.53230688243664,0.0,14.444802334029573,0.0,0.0,185.7568130743392,172.97927641930437,275.2328936650089,139.70658258128486,205.4734634832288,148.9030589365128,0.0,0.0,62.406107631825265,0.0,0.0,113.3286465304345,56.426665436460006,0.0,82.152875760907,177.99284368469876,0.0,0.0,0.0,0.0,0.0,123.22556208942694,185.97894482026337,0.0,158.92583628041163,0.0
1025,Mic,012_01039,237.6437661547641,32.727166723875875,0.0,38.95842256680055,3.9182472460245124,76.41359810558043,91.81597956567182,298.491210505709,33.5242879035015,473.3361422422744,61.25330378979276,29.90050169067281,43.99134333028316,38.50740505009218,18.552940911046488,50.625041465931155,173.36546289907872,92.84751312726601,0.0,67.58941142147349,0.0,0.0,0.0,0.0,71.43982416502487,0.0,42.24209609504977,127.50829171389267,66.78130907303051,85.8064067758302,0.0
1026,Mic,012_01040,493.5306316779802,577.4238722965031,634.212633170833,393.18434392500353,310.666573724399,266.3127379521219,157.99621038132437,304.91147211781544,246.1925074893632,415.35748606380065,160.1076455495573,607.8781861866156,613.2654594954324,581.5507772581577,444.53581192804455,223.69537417195042,257.6753997195393,633.6919377794922,501.35975513797126,667.4175543664973,318.9772743260443,165.48442100737108,0.0,0.0,0.0,155.12045174608886,154.58097739337023,118.50275559944613,6.465077225991953,117.48317080481421,63.14766522297943
1027,Mic,012_01041,553.6905522012692,100.84000951334303,29.294220979936725,36.011987246622354,62.779759796247085,235.44806138974363,523.3768022861125,270.63049318525276,191.83566107245758,466.7067845077887,226.48280392864547,0.0,94.88328953590484,0.0,57.165924375773486,516.9872181714939,276.5163422084498,257.4762969075444,59.10053135963481,97.18738897205337,225.60717581884086,0.0,0.0,753.1424357159402,22.012270751128113,219.42809000497164,301.9659082200757,136.1993330725427,36.58110923390405,458.2751136860399,148.87754872831283
1028,Mic,012_01042,10.417260982126646,19.636300034325526,0.0,15.583369026720218,37.61517356183531,366.7852709067861,352.5733615321798,384.2645468579242,0.0,173.10578916288893,196.01057212733684,79.73467117512749,17.59653733211326,20.537282693382494,29.68470545767438,324.0002653819594,135.1959240086933,247.593368339376,0.0,261.34572416303075,58.57582673987359,0.0,0.0,824.0747596615507,28.57592966600995,0.0,94.62229525291147,231.21503564119206,71.23339634456589,98.0644648866631,77.30805075782936
1029,Mic,012_01044,0.0,39.03601814052665,25.200088891174484,34.42109624375952,8.30857247349776,81.01682690712141,384.52089755454847,123.6789505377484,126.94222614062532,197.1555015880041,194.8297855482565,42.26898230970614,58.30178031724274,68.04521374313478,68.84705783858213,130.35294670057317,135.92610556752715,114.84752627790333,152.52209418353948,119.43510451987282,116.44592062745957,0.0,0.0,0.0,0.0,0.0,161.2324824447201,189.2653197488142,0.0,194.94743019637843,204.91290562316215
1030,Mic,012_01045,58.86465965927727,16.43830292066825,26.861396121157732,55.44311278532498,35.42524907364627,0.0,71.48230372578558,699.6597628292113,120.27631015607193,230.95592589512148,61.5329992408877,30.0370336618631,88.38443408824013,12.894412649954763,9.31882876810554,116.24275666019417,177.08409586637026,54.40836005174645,0.0,101.8470583063299,183.88530083864427,0.0,0.0,1218.955873696416,0.0,357.6978453505702,280.07088369868615,119.55115326599376,0.0,57.465477901621455,48.538159722381444
1031,Mic,012_01046,0.0,1466.6619161440672,636.33557795307,770.9232825388045,620.2854899526635,177.8940908278063,400.78403778666274,439.3047068198113,457.1263445042835,283.35769059401457,0.0,1090.5509258608706,844.9131020578193,896.4686889968549,583.0924286328896,454.59220908183084,552.8331776764896,378.2676460740467,893.0746961011481,734.3047166777366,426.1468876578105,0.0,0.0,0.0,0.0,2901.326967843514,98.34138773450739,118.7378801145244,120.92088885651617,285.37278141621533,0.0
1032,Mic,012_01047,167.11022825494825,0.0,0.0,0.0,0.0,168.10991583227695,323.19224807116484,166.05717917788868,147.5068667754066,173.55658548883395,449.19089445848016,0.0,48.39047766331147,0.0,27.210980002868183,387.1610314013593,134.61318295693172,147.5243819688782,0.0,123.91392093936807,0.0,0.0,0.0,0.0,445.3082372953217,522.2388542118325,61.95507427273965,49.869909648100254,43.53151998834583,89.89242614610784,177.16428298669226
1033,Mic,012_01048,85.26032053823891,25.714202425902478,24.900087832946216,81.62717109234401,28.73381313751309,200.13085218128208,170.73400009711833,111.42364836611578,107.87066787997422,336.4872575803923,0.0,10.441445034838123,46.08616920315378,40.34109100485848,38.87282857552597,174.26034681470182,122.09812513100383,178.32617600633628,0.0,200.62253866373877,76.7064397784059,1359.6646575228644,0.0,320.08553517927464,18.710430138458893,0.0,168.16377302600762,53.432046051535984,69.9613714098415,338.16674597821515,50.61836656762637
1034,Mic,012_01049,369.7605480184678,130.8266439212582,55.69756488948496,103.82403340692878,12.962622468051018,210.66405492766538,194.90760574467174,249.71004387652434,176.9237392401046,175.23436128840376,67.54750292608725,0.0,48.51175705595134,184.01199405724915,184.13445114722828,179.4442930586174,215.27827325729623,290.0999992447576,317.2765367727763,204.9703955388043,80.74362081937461,0.0,0.0,0.0,19.695189619430415,0.0,158.38139287768033,56.244259001616825,16.365233078325495,99.1294924919485,26.64124556190861
1035,Mic,012_01050,489.1031070876535,0.0,28.695832929431923,62.713558278264294,92.50886180857873,41.002418495677304,201.99515504447803,165.68898144135233,436.8670270351764,333.80918184611966,131.47050569516495,42.78445770372694,23.605111055273888,27.550013369171637,9.955236586415188,108.65862558541323,137.5837410012775,174.3721587999874,154.38211972236311,120.89163018474933,39.28866427674448,0.0,230.4789752976861,0.0,0.0,0.0,163.1987322306313,54.7352666869393,63.70466339757924,70.15994235793781,0.0
1036,Mic,012_01051,0.0,65.85344523706732,119.56597053929967,330.9882242463949,630.7422396039459,512.5302311959663,357.18655465182087,432.63234043019776,134.914817172628,417.26147730764956,0.0,213.92228851863476,265.5574993718312,516.5627506719683,223.99282319434172,582.0997799218566,469.03548068617323,352.8960356666412,0.0,151.11453773093663,294.6649820755836,9766.776168702314,0.0,562.101427631897,0.0,0.0,0.0,0.0,39.81541462348704,142.5123829145612,64.81620109269231
1037,Mic,012_01052,188.76238407535686,0.0,20.267513352398083,121.8079878703583,40.09369275001826,130.3177642110674,0.0,0.0,294.03362147921587,957.1559199716423,0.0,0.0,37.511998188613546,262.6861739851249,63.28134884387949,209.67625147572818,134.16596307999836,26.39076600516605,0.0,76.84584244301895,124.87094847647471,0.0,0.0,208.42779034929512,0.0,0.0,115.265254460911,28.994133516337353,50.61804649807653,0.0,0.0
1038,Mic,012_01053,0.0,18.74993926888722,81.70341320185477,0.0,269.37949816418524,525.3434869758654,0.0,0.0,76.82649311219095,0.0,0.0,0.0,252.03373782974725,176.4922731462558,85.03431250896307,0.0,120.19034192583189,248.23814273609315,219.78010099364195,0.0,0.0,0.0,0.0,0.0,0.0,0.0,0.0,38.960866912578325,0.0,0.0,0.0
1039,Mic,012_01054,246.55607447451382,154.9175310085108,267.8800432847698,497.6246598354988,226.10213616403743,620.0775583977429,0.0,0.0,669.3080898766985,0.0,110.4567773258558,341.4866040082305,376.81109655857296,347.197914386077,351.28929102063427,195.6236965311157,283.728020283931,223.2399222732079,172.94171881466906,233.60821160700533,132.0356750284036,0.0,0.0,0.0,5217.449453363703,0.0,30.46970865872442,122.63092536418094,107.04472128281759,250.5198761448907,174.25995047871373
1040,Mic,012_01055,66.10954084811141,55.38443599425149,140.78126582473436,71.42377470580101,99.46319932216068,452.6036195484379,547.7176319475269,203.2168276652484,316.086143090157,1224.4321745475975,414.6377487309049,202.40339605993904,37.22344435639344,173.77700740554423,31.39728461869406,250.89993078170275,177.5118896135363,301.1592412974141,162.29915150299715,200.1686415174407,433.6864095163718,0.0,0.0,2363.708567477721,30.224540992895143,0.0,114.37859865736554,115.08440688023136,50.2286769096298,207.4440603371719,122.6521959138639
1041,Mic,012_01056,0.0,0.0,13.870075450712747,0.0,0.0,89.18297922136709,350.9464895335095,144.15380878717127,192.83770002847777,465.6235791060797,285.9570680902792,23.264758167809084,38.50701140316563,0.0,21.653299737030384,105.5088018426,62.91130187452916,36.12104843147396,55.965224656205905,39.44209685072723,42.72772507550461,0.0,0.0,0.0,0.0,0.0,49.30112011093342,49.605347793203165,8.660116708556862,71.5324345990248,0.0
1042,Mic,012_01057,183.31893648048245,70.28176801873562,82.23510569557618,15.493226617310413,41.13734635739401,619.9281061060104,251.94623459994546,913.6255766245503,374.82377054798087,490.4976943471229,116.92604627986469,76.10250611075075,136.45904764057465,122.51090543774806,185.9318590217674,455.5783093184508,325.37428790333666,516.9384317280898,686.5148490907687,370.93538155385664,384.3641559395176,1329.3795498133716,546.6168033090458,974.837508441869,0.0,339.85174894479337,145.14420870837057,194.71982075180142,49.57494141839817,265.19240685185827,138.3495485362456
1043,Mic,012_01058,15.401864355294771,340.64405794313814,81.52770693690455,215.03932169488476,81.5669534226178,180.76335035728704,519.105828555164,68.17596799092205,310.4215168699033,604.6487494449699,0.0,141.4647391816778,166.50486937913624,157.89416264267186,70.2218838783695,232.67300163758222,292.24777047485435,168.39011341360788,226.86978167085618,229.17413335022908,346.4161796444137,0.0,0.0,0.0,2788.4576528929065,0.0,271.80290648685786,96.5224057705166,98.2969806188454,181.7180227469707,388.61842719661536
1044,Mic,012_01059,0.0,175.99942993728808,191.73067631368588,152.3707193723755,283.50695629012915,523.0086270337505,0.0,0.0,0.0,442.98252296197614,0.0,0.0,43.013757922943526,50.20224658382387,145.12522668196362,523.2861428986408,205.12485022008644,75.65352921480934,93.77284309062054,33.04371225049815,71.59267712651216,0.0,0.0,0.0,0.0,0.0,396.51247534553386,83.11651608016709,29.021013325563878,55.9330651575782,47.24380879645127
1045,Mic,012_01060,0.0,0.0,0.0,0.0,0.0,78.19065852664045,0.0,0.0,83.30952608577782,525.8591560326131,0.0,0.0,0.0,0.0,0.0,185.00845718446604,101.36983877155434,190.01351523719555,98.13437067623082,92.21501093162274,74.92256908588483,0.0,879.0360918330354,0.0,0.0,0.0,69.1591526765466,52.18944032940723,121.48331159538368,275.9488430531682,197.7647810084007
1046,Mic,012_01061,0.0,0.0,0.0,0.0,0.0,0.0,0.0,154.83186869733208,0.0,228.86582701824258,0.0,0.0,0.0,0.0,0.0,0.0,8.218143037663719,0.0,0.0,190.63680144518165,0.0,0.0,0.0,0.0,0.0,0.0,0.0,0.0,0.0,0.0,0.0
1047,Mic,012_01062,26.89903070502185,88.73210696262122,73.64814711153106,6.706457718854554,0.0,118.38726467061757,303.46689959733783,0.0,187.96985035095412,188.57254761362236,189.7989694894987,20.588764857427286,22.718534114230735,0.0,9.581330986925414,26.144387611513746,132.41627655052528,87.90726986227845,0.0,98.89843455254727,113.43910108074111,0.0,0.0,0.0,18.446902953410177,367.7738409942482,191.97346957750315,43.89956835220092,22.991999993844622,198.35417975901728,99.81086365447452
1048,Mic,012_01063,0.0,16.167612303711138,183.95499020297842,260.889236949333,41.294102712593656,201.32924051769692,169.3372557259097,185.31149554418718,372.2371744973905,262.7845648547785,0.0,131.29960822251533,130.39350268556984,84.54719671676925,134.42550001416913,104.80119790209872,214.95119035038996,203.85681524948626,189.51098528793077,200.3398721774214,96.45719972134872,0.0,0.0,0.0,0.0,0.0,122.42619467068315,123.18166305294223,78.20033530840566,123.80394020122637,95.4777572982174
1049,Mic,012_01064,249.58021103011754,0.0,0.0,21.64356809266697,71.83453284378272,318.3899921065851,164.503630055162,274.47467632708873,0.0,123.9689896348814,510.444198248273,33.222779656303125,54.989179162853944,21.393002805606766,0.0,325.4466951381289,109.26394720530172,141.85036727776753,0.0,75.09934602385943,61.01648618736832,0.0,0.0,0.0,0.0,0.0,211.2104804752488,113.34070374568239,98.93527270078596,177.06083937869724,120.79382930910838
1050,Mic,012_01065,0.0,186.20629342894898,135.2332356444493,57.46740493570195,29.724634280185953,483.07447078240506,0.0,121.46293147807948,1023.3440264796271,367.63217615861373,154.89341188223455,100.81395206050603,0.0,64.91669816873777,93.83096552713165,667.5190196575161,202.6197335148124,410.8769259080163,0.0,142.42979418318168,277.73021299077993,7524.4688364175345,0.0,0.0,0.0,0.0,235.00200586211594,472.90431562853684,112.58151721123917,299.6414204870261,0.0
1051,Mic,012_01066,108.57640819563485,855.390815392266,750.8138729220007,862.082878373225,296.55305687112633,392.09309815108327,379.8451166288289,114.43113327922357,76.79449540577187,312.27174065462833,78.57566666912192,792.6974597877106,959.3447466778949,559.8355486388523,916.2881021373978,106.69000825389907,564.3923539218849,545.896457162254,307.5639897287117,578.0241209999675,422.66813755448146,243.64324375720815,0.0,0.0,0.0,0.0,97.53860089585837,152.6629887186742,28.555661799935304,382.6324844703133,247.9266933924557
1052,Mic,012_01067,404.89582008797714,27.35553449564093,35.7607644409334,21.709354013921278,5.240209082829136,153.2917165643863,184.1901109828067,27.530894585999786,73.65735857217437,194.43160684376534,0.0,93.30653009855344,58.83340749338781,34.33284340839019,49.62488754322465,101.55783394381326,144.17970095256834,279.38917324010134,256.5214552630958,128.0569395725992,97.92311461073093,0.0,0.0,0.0,0.0,238.10282106922458,124.28677513680297,11.368520436497018,39.69439512615121,191.26048116193155,0.0
1053,Mic,012_01068,74.60278047095905,0.0,40.851706600927386,74.39976531854272,17.95863321094568,175.11449565862185,589.1525355463942,0.0,0.0,0.0,0.0,91.3626440548336,151.22024269784833,0.0,42.517156254481534,464.06288010436896,280.4441311602744,35.46259181944188,439.5602019872839,103.26160078280672,335.5906740305258,0.0,0.0,0.0,0.0,0.0,116.16576426138685,0.0,238.0629999362662,618.0104297544913,0.0
1054,Mic,012_01069,260.7393632346711,0.0,24.72349146533667,60.78619123897957,65.21149080854035,278.1960782094418,422.61397686610644,710.1951140425499,458.3124533379739,17.584253848919346,63.71502049056458,0.0,91.51863387860327,0.0,57.89570213376208,45.13681508613922,162.14804206227282,241.44743366428511,49.879171856713064,117.17628457623456,228.48726742503882,0.0,0.0,1443.7900735746005,1486.2185641896426,0.0,79.09158417796552,212.21238148127765,15.43670921572547,59.50326080593426,25.129685530027277
1055,Mic,012_01070,0.0,245.4537504290691,138.64821634254145,64.93070427800092,60.95051271593685,339.6159915803575,107.11864282661712,785.3025461580595,58.534470942621674,172.80525827892558,272.23690573241225,44.2970395417375,97.75854073396258,0.0,164.91503032041322,257.1430677634599,129.49801150257983,103.16390347474001,106.56004896661427,250.33115341286475,0.0,0.0,0.0,0.0,0.0,0.0,0.0,56.670351872841195,82.4460605839883,208.84099003641214,107.37229271920745
1056,Mic,012_01071,162.37431085501046,0.0,47.632759113631934,69.399619147337,0.0,136.12138933787608,539.7441389852448,1265.1393481716214,1083.4801665978393,126.47848335218667,0.0,53.2640515947208,117.5477190201898,0.0,16.524886641417925,167.48134018804294,280.28193096874156,137.83031638325588,0.0,150.50273798303812,260.86400572413345,0.0,0.0,1259.6078550374693,0.0,0.0,300.99631225622505,121.14148092655932,132.18072870955208,312.9857752455576,0.0
1057,Mic,012_01072,388.1011685729445,522.9033342474023,628.0664612611852,586.5527866900976,510.4666244541432,140.87423114436618,457.028144095048,877.0922617826523,191.2998072705792,245.1677225181453,0.0,526.7388193552416,513.6419416776077,394.39614110895155,433.2474469730408,262.2158971379834,315.1359430755517,332.8332640037003,176.806338229522,207.6769624682146,224.97698817688882,739.2099718648628,439.92728059614205,0.0,21.950783961320493,875.2606495170377,93.45178800916037,41.79042707941362,9.1197318411339,160.70154394834918,148.46168965365277
1058,Mic,012_01073,0.0,1426.4104741915712,2343.192227675835,1805.8086435051573,1626.442253066779,0.0,800.3581614969883,0.0,1391.5742148623265,0.0,0.0,992.9223202940406,730.4223043518713,639.3682347939833,616.0976604422984,1440.9715306744827,423.3118960909802,0.0,0.0,748.1595226527883,0.0,0.0,0.0,0.0,0.0,0.0,0.0,0.0,246.4048301227122,474.90338341339987,200.5633392302177
1059,Mic,012_01074,166.18696732536293,9.944719170238526,7.2224011670147865,78.92129801745968,0.0,92.8784065371696,446.39813269497904,0.0,174.6332282266061,0.0,0.0,24.228767484154766,80.20521159664885,93.60916144773789,0.0,0.0,198.32513142826033,188.08888478820003,0.0,205.3821894022675,266.98926552704813,0.0,0.0,0.0,0.0,0.0,123.22556208942694,41.32865440450297,54.11376794131386,29.798594302577182,58.72849159779855
1060,Mic,012_01075,0.0,0.0,0.0,12.530486790491404,0.0,0.0,203.76704236942956,516.4457725628117,942.7130583390648,0.0,709.2487807239162,0.0,0.0,0.0,35.8039210564055,27.913556698007156,224.91759892553335,149.31617608186053,0.0,108.69642187663864,0.0,0.0,3039.3572473466793,0.0,0.0,0.0,0.0,32.80915108427648,0.0,94.6236064695872,0.0
1061,Mic,012_01076,0.0,0.0,68.80287427524613,285.69509882320403,0.0,884.7890306961946,563.4601693345966,0.0,0.0,970.8729293510711,0.0,0.0,0.0,0.0,42.9647052676866,0.0,337.37639838830006,537.5382338946979,0.0,130.43570625196637,508.68481116206016,0.0,0.0,0.0,82.71979640160775,0.0,0.0,196.8549065056589,34.36698946448354,264.9460981148441,0.0
1062,Mic,012_01077,0.0,119.9996113208782,142.60959395232834,0.0,0.0,203.76959494821452,122.42130608756243,0.0,0.0,0.0,163.34214343944737,0.0,175.96537332113263,0.0,24.737254548061983,0.0,104.89338931708966,165.06224555958403,0.0,165.21856125249073,195.25275579957867,0.0,0.0,0.0,0.0,949.5251894760592,202.7620612562389,362.6902519861837,0.0,108.96051654073676,0.0
1063,Mic,012_01078,0.0,0.0,0.0,0.0,0.0,0.0,0.0,0.0,0.0,0.0,0.0,0.0,0.0,0.0,0.0,0.0,59.62931692444372,0.0,0.0,172.90314549679263,0.0,0.0,2197.5902295825886,0.0,0.0,0.0,86.44894084568324,0.0,113.8906046206722,209.05215382815774,123.60298813025042
1064,Mic,012_01079,183.82428448447752,43.45602188875513,18.271665468267393,0.0,13.14380270585097,213.60853345905585,247.68147981946794,393.2276970251493,356.11568853020657,410.1845603675109,171.22905760806108,16.716925976996237,55.33853862386319,0.0,36.30435705592324,179.93071553874245,141.72380852245487,121.12254995001241,107.23705054835895,214.1333322459219,184.21241573213106,0.0,0.0,146.4177797516377,69.89665134316283,199.0745314657557,118.0846396557935,71.28799028476847,62.227395154878074,173.61688404330863,40.52042050521552
1065,Mic,012_01080,224.44597201519306,0.0,11.17311633529638,0.0,0.0,95.78912583035724,132.3614976074927,4.3008852415925585,516.3040513913296,0.0,0.0,12.494036793823398,68.93230436369156,0.0,11.62862393284965,22.66485372915111,171.66787678675323,242.47926030387612,60.1107968529619,77.66684503322215,0.0,1269.8139807593147,0.0,0.0,0.0,0.0,137.67794282831036,10.65596360002142,46.50803417558314,56.34283120268867,0.0
1066,Mic,012_01081,0.0,0.0,0.0,0.0,0.0,0.0,561.0976529013278,2264.416079698482,702.4136513114602,1239.6898963488138,0.0,0.0,0.0,0.0,0.0,0.0,142.4478126528378,94.56691151851167,0.0,137.6821343770756,0.0,0.0,0.0,0.0,0.0,0.0,206.51691424246553,0.0,0.0,0.0,590.547609955641
1067,Mic,012_01082,59.81339410067223,19.780155712232673,40.22321880706697,56.51111844854585,0.0,221.6834054931125,59.932628419790184,199.06954546799844,187.5676013941591,336.7597168982712,0.0,28.91477086570558,0.0,0.0,26.911958244594906,202.8180625134322,177.5118896135363,134.6799091516386,0.0,81.70148633364927,70.8059444108362,0.0,276.9124684895276,67.53453049936344,0.0,0.0,277.7765967393163,82.20314777159382,7.175525272804256,138.29604022478128,23.36232303121217
1068,Mic,012_01083,188.47018224242285,151.57845640531986,75.68316170277075,75.18292074294843,145.1813716421714,88.47890306961945,0.0,0.0,72.08982210828142,0.0,141.8497561447832,0.0,76.40601736312338,0.0,0.0,661.5512937427695,202.42583903298004,250.8511758175257,111.0467878704717,104.34856500157309,0.0,0.0,0.0,1111.876069570112,0.0,0.0,117.38856177992777,98.42745325282945,0.0,66.23652452871103,223.78646272003235
1069,Mic,012_01084,110.83841669971059,42.85700404317079,0.0,76.52547289907251,10.262076120540389,600.3925565438462,408.7997185423959,314.50223329145587,244.59046786738338,664.1195873297216,0.0,104.41445034838124,86.41156725591334,0.0,0.0,255.70811760852982,152.6226564137548,101.3216909126911,125.58862913922395,162.2682298015534,95.88304972300737,414.53190778136116,749.971268825804,0.0,0.0,0.0,110.63406120132083,133.58011512883996,0.0,64.20887581864845,63.27295820953296
1070,Mic,012_01085,0.0,0.0,0.0,0.0,86.20143941253927,0.0,0.0,0.0,200.18789062376612,0.0,0.0,0.0,0.0,0.0,40.816470004302275,15.91072731786408,12.820303138755403,0.0,0.0,0.0,0.0,0.0,0.0,0.0,0.0,0.0,0.0,112.20729670822556,65.29727998251873,0.0,0.0
1071,Mic,012_01086,659.0675084550984,0.0,96.23960328071237,8.763653338135093,0.0,515.6745884425674,0.0,805.7431449233862,219.77359642260404,0.0,165.34634151845898,53.808673799165796,59.37481921878708,34.648789820123845,25.040779143743727,888.2675987273811,212.36084953766616,334.175098372164,517.7641643040399,152.04162078450068,395.2969902690856,0.0,0.0,0.0,0.0,0.0,68.41664643615422,137.6776646726694,180.26856436891674,375.0113483395909,65.21384649816895
1072,Mic,012_01087,199.15351877595057,346.5229417822152,202.72932473615302,870.835327963777,304.2403743971974,269.6950521373427,1096.3908148136106,0.0,197.20169355000886,413.6719226319036,0.0,586.2843468759374,1035.09043130078,875.8547031001358,414.7127968351567,272.26913057307513,3424.460651234397,10595.539733346828,4287.474911362598,8786.623484791553,1895.1002768782635,0.0,0.0,0.0,0.0,1675.6326873106925,238.5436014779281,100.00650330501385,87.29582885363465,221.1257541562011,397.90908478294523
1073,Mic,012_01088,0.0,19.780155712232673,0.0,15.697532902373847,37.89074259891836,923.680856221302,1009.97577522239,373.25539775249706,0.0,0.0,148.08491026103744,0.0,106.35269816112411,31.03160846527575,22.426631870495754,332.2019989444148,207.8016168094969,0.0,347.78389607785095,299.572116556714,265.5222915406358,0.0,0.0,0.0,0.0,0.0,245.09699712292613,226.058656371883,107.63287909206385,474.1578521992501,525.6522682022738
1074,Mic,012_01089,0.0,0.0,0.0,0.0,0.0,0.0,0.0,0.0,0.0,0.0,0.0,0.0,0.0,0.0,0.0,0.0,65.98685439065281,100.12967101960061,310.27778963808277,0.0,473.77506921956586,0.0,0.0,0.0,0.0,0.0,163.99872601607555,0.0,0.0,0.0,0.0
1075,Mic,012_01090,220.36513616037138,18.461478664750494,20.111609403533485,0.0,26.523519819242857,86.2102132473215,264.1475104427789,0.0,372.8195533883903,274.6389924218911,138.2125829103016,0.0,74.44688871278689,0.0,41.86304615825873,440.60475649469754,348.44926479694175,331.71162809570245,0.0,343.1462426013269,82.60693514597557,0.0,0.0,1497.0154260692227,0.0,0.0,76.25239910491034,0.0,100.4573538192596,73.75788811988335,54.51208707282839
1076,Mic,012_01091,115.74734424585162,0.0,26.40918406524599,0.0,0.0,84.90399789508938,244.84261217512486,76.24296564641354,558.738131725025,0.0,544.4738114648245,0.0,0.0,0.0,0.0,361.6074390423654,93.88605833937038,154.74585521211003,0.0,50.06623068257296,162.71062983298222,0.0,0.0,0.0,0.0,0.0,244.06544410473197,0.0,32.97842423359532,81.72038740555257,107.37229271920745
1077,Mic,012_01092,0.0,0.0,0.0,0.0,0.0,0.0,0.0,0.0,0.0,0.0,0.0,0.0,0.0,0.0,0.0,0.0,13.081941978321836,0.0,0.0,0.0,0.0,0.0,0.0,0.0,0.0,0.0,0.0,0.0,0.0,0.0,0.0
1078,Mic,012_01093,72.78320045947224,142.6824646803125,42.51234508063988,104.52259713044049,80.59484172717086,410.0241849567731,414.66485080268853,46.02471706704231,265.5466242762837,550.301368623132,328.6762642379124,44.567143441382235,118.02555527636946,126.27089460870336,49.77618293207595,261.9449009648354,156.34516022872438,89.95389144443793,85.76784429020174,241.78326036949866,196.44332138372243,0.0,576.1974382442153,0.0,830.5605573657363,318.4383257389223,181.33192470070145,159.6445278369063,225.6206828664265,215.59565620407975,324.08100546346145
1079,Mic,012_01094,241.50481491994185,28.7789765522455,45.60190504289569,110.04244358742595,80.18738550003653,195.4766463166011,490.30800715738127,410.31570436396913,494.6503111343058,490.8307089613618,274.2153716170955,25.496551829255882,105.50249490547559,41.04471468517577,41.528385178795915,247.44881148422334,316.7807461611073,89.0688352674354,122.6679633452885,201.72033641292475,327.7862397507461,0.0,2197.5902295825886,792.7699882928547,0.0,797.0215071546862,253.94376373419448,125.03720078920483,113.8906046206722,169.8548749853782,77.25186758140651
1080,Mic,012_01095,83.27752238618685,0.0,25.334391690497604,38.75708704965946,0.0,195.4766463166011,598.9391225156033,17.553613020918462,747.3354545930068,317.12997348458026,0.0,0.0,37.511998188613546,0.0,0.0,357.68301722330096,151.55784718296115,303.49380905940956,0.0,76.84584244301895,62.435474238237354,0.0,0.0,0.0,1736.1538663360693,0.0,43.22447042284162,115.97653406534941,50.61804649807653,167.24172306252618,0.0
1081,Mic,012_01096,167.71460521066237,0.0,37.23193512995914,0.0,0.0,0.0,326.0048388376069,750.0281107862061,343.42692761905244,47.07683150691698,0.0,27.755739966025395,153.13442298516287,35.74527051063409,12.916604431741225,45.31536261416984,111.56909377081442,269.3361404008244,0.0,78.42653224010635,152.92739576074592,0.0,1495.1958840514449,24.31029381108415,24.868293222002332,0.0,105.87259527620068,153.87076552815742,61.99108859099879,147.92424555688632,100.91636372659687
1082,Mic,012_01097,79.57629916902299,39.99987044029274,0.0,0.0,33.52278199376528,0.0,302.992732566717,33.546904884421956,146.33617735655417,719.020139882312,224.59544722924008,24.363371747955625,26.883598701839706,0.0,11.337908334528409,344.7324252203884,119.30004309675165,56.740146911107,58.608026931637845,89.49338734509914,0.0,889.8618287039886,0.0,0.0,21.828835161535377,435.1990451765271,103.25845712123277,20.779129020041772,54.41439998543227,19.976094699135075,59.054760995564095
1083,Mic,012_01098,499.3132574619682,19.01402292056169,0.0,30.179059734845495,0.0,59.193632335308784,0.0,0.0,293.0845692972113,15.714378967801867,569.3969084684961,0.0,51.116701757019165,19.886453312254176,14.371996480388123,453.79187068555996,200.88151044880823,119.87354981219791,0.0,139.62131936830204,0.0,0.0,0.0,121.72266830761147,0.0,0.0,143.98010218312737,52.67948202264111,0.0,120.27859836451049,112.28722161128385
1084,Mic,012_01099,197.37428534049008,0.0,0.0,8.435878902259962,23.756302200306102,0.0,7.952565159231417,130.75368439203834,172.1466527328283,93.70884255865049,53.0540426525764,0.0,28.577053738176065,0.0,40.173690949116406,56.3765928585735,49.2117935444351,40.20955292913095,41.533247431869334,48.78500824384569,0.0,877.3714709577155,0.0,0.0,0.0,0.0,14.63505691482039,36.81341755519211,6.426897636074678,88.47679738790141,0.0
1085,Mic,012_01100,433.5659349343629,36.32275230564699,17.586384904435107,41.63717807961493,3.865535399665438,263.8496436829459,237.7745659155851,250.4735275002805,250.41204161103622,727.1364952575104,181.28780493840006,29.498252789004564,43.39953153660221,37.989368210853264,0.0,406.6867520709652,234.27235556245856,228.9961086098489,47.30692756813817,172.25702013992867,108.3521458753267,0.0,0.0,0.0,1550.532506541347,0.0,175.03003045661876,109.02054239214739,36.60161433997687,153.17991899336758,190.6700803444222
1086,Mic,012_01101,644.8533566127202,0.0,5.208185702110264,0.0,61.81776531576521,133.95212416914498,209.23800920941943,312.74803756791783,264.4545420276214,331.9010399786466,214.75261886461206,87.35870347872535,96.39537383129776,0.0,48.784625503150124,513.4537500984026,337.1075725728512,135.63381731738727,0.0,236.96686076054448,64.17670260344715,0.0,0.0,1101.808376075272,31.308289474712094,1248.3797311836634,518.3492269830808,149.0136742473115,117.06683662204553,100.27840366896493,592.9003892781735
1087,Mic,012_01102,468.17857991669,57.24363084211505,50.81201669090615,45.42854928284163,6.091974516787227,594.0279711387878,544.2448965421006,288.052928866238,145.1985816315209,73.59289844049496,0.0,85.22875629143486,102.5946522897063,0.0,21.634171380372226,269.8639262393907,232.1698006576729,240.59426252059507,447.32628329447965,490.4013832229407,426.89979735331906,2042.485131485265,0.0,0.0,1777.1602901829508,692.0126160050784,256.13935300037247,185.02970010779245,69.21973143023186,171.52618416571812,187.80666040992114
1088,Mic,012_01103,51.77253198948484,16.26500755855277,51.187680560198174,0.0,0.0,151.90655045085268,398.51453781365393,527.4543478815741,495.07468194843875,318.1372866533703,243.53723193532062,158.50868366139804,58.30178031724274,34.02260687156739,73.7647048270523,402.56057069294656,254.86144793911342,451.18671037747737,317.75436288237387,82.11163435741257,339.6339351634237,0.0,0.0,0.0,23.669821259496192,0.0,134.36040203726674,270.3790282125917,137.67498791494913,297.8363516889115,160.08820751809543
1089,Mic,012_01104,0.0,0.0,11.993161570914463,0.0,0.0,308.4585611601412,537.4183024119139,646.3165161218908,299.653530146632,177.42350810129813,247.26104282118177,0.0,14.798311212021854,0.0,0.0,199.4922997041062,178.3864809826822,41.6441445219134,193.56779537054703,98.52483010469632,197.0440654858133,0.0,0.0,0.0,0.0,0.0,79.57532475397754,160.13273740215675,9.984293575308673,241.91233947576418,65.01441577493294
1090,Mic,012_01105,150.7761457939383,94.73653525332492,18.347433140065633,20.048778864786247,0.0,471.88748303797036,340.2023663906998,365.4847005829129,410.3574489240635,642.0288726353857,0.0,15.387392682919339,0.0,0.0,14.3215684225622,184.22947420684724,249.65853480734202,155.28882312513497,148.0623838272956,165.21856125249073,282.6026728678112,0.0,0.0,0.0,0.0,0.0,104.34538824882468,144.3602647708165,34.36698946448354,164.01425121395113,0.0
1091,Mic,012_01106,225.3734347094707,69.23054499281436,0.0,89.90405207723204,6.028072686191558,176.33907255133946,0.0,0.0,77.3637413157727,161.24637812648908,188.47170396859312,30.66718122120289,33.839494869448586,0.0,42.81447902549189,244.780420274832,253.26822634254552,249.97407380417775,0.0,233.96334722817747,168.9687309804046,0.0,0.0,0.0,27.476855448086493,0.0,207.96108846793734,91.5444145638204,125.5716922740745,106.86512199187644,37.167332095110275
1092,Mic,012_01107,65.45792351000279,72.58041007311182,17.570626495022534,11.519963662225969,27.806915939528796,0.0,0.0,231.3113199691998,45.317009762029684,291.92697559181744,144.90028853499362,0.0,26.016385840490038,15.182131023333834,43.88867742398094,483.3097276663013,210.22540093120418,173.88109537274727,113.43489083542809,53.296310081448624,0.0,0.0,0.0,237.48281642333276,0.0,210.58018314993248,69.94927740470607,110.59858994538361,87.76516126682625,62.828039779537725,28.574884352692305
1093,Mic,012_01108,0.0,0.0,0.0,0.0,0.0,0.0,64.12544604586603,0.0,250.8620183255215,247.9379792697628,213.90042593260964,0.0,0.0,0.0,0.0,138.90317499722607,66.13648444596042,0.0,0.0,59.00662901874669,0.0,0.0,0.0,2042.4505578106096,0.0,0.0,0.0,29.6844700286311,0.0,0.0,84.36394427937728
1094,Mic,012_01109,225.6173622035719,24.248626121835496,6.773339954557909,29.605709722611817,8.9327916489678,209.04859999868634,129.77927059852473,154.87198058041432,308.9892175976319,107.91083035575167,27.928967531097214,9.088926247941993,30.08734362485687,17.55778054097467,42.296860108085255,186.31214372213896,146.80243490491938,105.83654346113224,196.77720959430738,146.3853573791498,150.2333380115929,0.0,0.0,0.0,16.28679929150826,162.35404794150233,127.12025602075079,104.64929226673885,64.28229635584745,117.37249424258637,99.13856250032522
1095,Mic,012_01110,583.462186200763,591.1907456817579,921.0748086462307,901.6432476622219,1119.8278734693174,370.1502733921694,357.66114608792896,756.1903238626123,460.1131624186996,586.8623729504477,49.45220856423635,4095.7286597205402,5140.933315056393,4217.67956964557,3789.5658389315504,940.0466415325199,1362.0101866677758,1455.4628510408731,2438.9542216688924,1741.6158429276318,1300.490832206368,0.0,0.0,711.8232452060199,0.0,287.4709289239445,279.6504269925496,212.74777969143682,113.8209467585189,438.7410156855905,234.05189678975862
1096,Mic,012_01111,412.56061899279877,58.25223850528069,181.91569023584492,92.45796078420841,150.6432921772531,326.42702103354753,248.40828128447134,141.67867596818982,450.090300840353,231.08782533880805,0.0,737.9972801322481,704.7156941258953,731.1006784052021,634.0422524940159,66.93833499425017,259.3103385670591,286.455110619181,273.1247857008366,537.3613399959651,417.0447211253136,0.0,0.0,0.0,0.0,0.0,108.27100358342851,181.56520502949118,63.39541745875606,349.096800567409,0.0
1097,Mic,012_01112,95.49155900282757,125.71387852663435,95.4503366929605,36.27874270770844,125.88146707862877,106.73645449668376,442.46557771647565,19.1696599339554,133.7930764402781,0.0,0.0,459.42358153287745,414.77552282838406,161.3643640194339,544.2196000573636,383.87786544687935,146.5177501572046,118.88411733755756,66.9806022075861,220.291415003321,306.8257591136236,0.0,0.0,0.0,0.0,497.3703373446023,94.40773222512709,178.1068201717866,20.729295232545624,211.17585824799932,33.745577711750904
1098,Mic,012_01113,118.0809600572599,109.6770641104801,65.59700558141746,38.39987887408656,117.40697841134381,241.01780047638277,486.8879633240554,219.13703997082087,249.24355369116324,314.5879736971184,48.300096178331216,165.04219571195748,251.49172979140369,192.30699296222858,182.86948926658724,413.45079947854686,161.97694825846878,207.43709623415467,642.7977147340926,226.50931784615668,490.7562544962528,2421.2229280304878,5419.14723280581,681.4724297365202,14.083119459055085,0.0,93.26570320627475,107.24711752279624,58.5101075112175,164.31948865417561,19.049922901794872
1099,Mic,012_01114,0.0,28.57133602878053,0.0,0.0,9.121845440480346,88.94704541390315,0.0,0.0,752.5860549765644,440.7786298129116,0.0,0.0,102.41370934034174,59.764579266457,21.596015875292206,681.8883136227463,166.18911476164408,90.0637252557254,111.63433701264351,262.2516845277631,426.1468876578105,7664.23438386872,0.0,0.0,0.0,0.0,177.01449792211332,19.789646685754068,51.82323808136407,123.6615386136933,0.0
1100,Mic,012_01115,0.0,171.7836759572738,10.848585985308517,59.27284207950291,193.14845345548218,209.2654553928759,481.9386479276965,0.0,494.0212194908402,129.62732526136975,0.0,36.3934183786889,160.6322909985443,93.73863470008607,67.74517843037721,198.05884628046573,178.2075332565585,98.88324357952257,0.0,143.9663811743695,133.67927264286504,0.0,0.0,1004.0857452096748,0.0,325.0449300073646,169.66949800833265,124.15745140605871,27.094307046688268,179.03885705448866,176.42916148052342
1101,Mic,012_01116,175.11774926850825,657.3646419537138,811.3994138666957,844.0991556140118,853.9076756853418,210.79613270504947,381.5112254366709,305.2347693637452,345.15153555821746,347.424064995561,84.48731557212794,433.0417486235372,280.6344315897374,398.35246603543635,345.46855489534835,271.8290403835713,243.1436802177749,256.1310706959062,330.70360024121675,295.21811885241294,176.73740826686,0.0,0.0,0.0,1170.1350509788558,0.0,174.79488039330937,87.93675290613288,51.173416914199635,208.52788510382382,99.96730701443451
1102,Mic,012_01117,366.0007703105221,5.678215046729252,0.0,36.049854741098294,0.0,53.03151918999272,318.6043454960221,119.0544731702672,199.42343412628205,201.79179385362397,0.0,0.0,30.53026981912395,0.0,25.751716091042436,0.0,169.85890593934604,268.4864995793707,0.0,101.63286890926086,101.62998330261978,0.0,0.0,0.0,24.789844347484966,247.116177071845,340.0688619386972,224.1786159260027,123.5910662129692,141.78616111373475,134.13068743471968
1103,Mic,012_01118,266.0122000793054,41.142723881443956,14.94005269976773,0.0,9.851593075718773,144.0942135705231,487.6740171788112,595.2179409493152,361.24130638875096,114.75986469057592,154.00830667147892,37.58920212541725,69.12925380473068,16.13643640194339,34.98554571797337,222.7501824500971,294.86697219137426,116.72258793142014,60.282541986827496,304.47420573673287,92.04772773408706,0.0,0.0,0.0,22.452516166150673,1119.0832590253553,212.41739750653596,128.23691052368636,55.9690971278732,164.37472209574003,30.371019940575817
1104,Mic,012_01119,475.6959581321669,49.815336802947606,36.17863315211282,13.1778182114024,15.904324614859645,248.13271709561172,180.75212213389636,114.195644855643,241.04970321758594,323.87470354795573,49.72592927584652,16.182313338125507,62.496926871435484,20.84041601727006,30.122856091735994,317.04032293898905,260.19065410758196,288.9350654513936,194.6392038320076,169.18136807219992,208.04145105951415,0.0,0.0,0.0,14.498857302864826,0.0,212.61335451530584,289.83434574080405,12.04746863146102,169.170248466845,372.63336273953735
1105,Mic,012_01120,320.9142556652402,0.0,50.00427474649036,0.0,0.0,91.86334198485079,11.03798661445235,41.246194530027005,126.66475679386984,276.3898785302273,294.5514062022821,0.0,26.44288396902266,30.862036834317955,0.0,0.0,168.1351231312184,204.63659541710723,115.29447920977937,189.5950702897435,0.0,0.0,0.0,0.0,0.0,0.0,60.93941731744884,102.19243780348414,0.0,78.59447094741668,0.0
1106,Mic,012_01121,398.8887907713051,0.0,49.64258017327885,60.27322759983207,43.64629843672875,0.0,0.0,0.0,288.9676413623095,313.84554337944655,227.43842757391405,0.0,0.0,23.83018034042273,86.11069621160816,704.9056406648642,202.85289776511712,57.45837661884254,0.0,83.65496772278013,67.96773144922042,0.0,0.0,0.0,0.0,0.0,188.2179471576901,47.344850931740744,0.0,91.03030495808389,44.851717211820834
1107,Mic,012_01122,13.641651286118226,188.57081778995146,0.0,27.209057030781334,0.0,160.10468174502566,586.7478313196742,992.0299015821921,0.0,0.0,0.0,0.0,184.34467681261512,0.0,38.87282857552597,181.83688363273234,213.67171897925672,32.422941092061144,0.0,165.21856125249073,0.0,0.0,0.0,0.0,0.0,0.0,283.2231966753813,35.62136403435732,0.0,171.2236688497292,0.0
1108,Mic,012_01123,1160.5361002898387,78.83186145167183,76.33603569224388,145.97559793886336,100.67321391245463,0.0,176.93006281268148,0.0,415.295662454221,1216.162934812267,0.0,0.0,282.572132340505,0.0,59.58608759752157,301.955408952165,79.54202677329992,99.39879750850864,308.01298825386317,162.80661145318427,0.0,0.0,0.0,0.0,0.0,571.7943659253641,162.8016550232575,27.30104542779211,23.831124081211218,0.0,232.77059078543513
1109,Mic,012_01124,729.95951353123,899.9970849065866,377.09267631625283,988.9445728495524,149.19479898324104,0.0,0.0,0.0,597.7270013563867,143.0411418864016,0.0,253.00424507492374,186.1172217819672,597.3584629565581,510.20587505377836,198.88409147330097,400.6344730861063,360.081701551256,202.8739393787464,262.1256019871247,1084.2160237909295,0.0,0.0,0.0,0.0,0.0,35.743312080426726,251.74714005050606,31.392923068518623,0.0,0.0
1110,Mic,012_01125,0.0,0.0,24.66518134395616,15.401353036291322,9.293955731810163,45.31264577689406,108.89226687033856,329.59155877012944,281.1547903497354,240.58671842888032,217.93628302567774,35.46151143907287,91.30278804398391,15.223053209380556,0.0,77.19490342899013,122.67405968350856,27.528912247976443,0.0,126.91991902145514,86.83747899442177,0.0,0.0,0.0,1228.5339034308859,0.0,80.15750849303244,70.57062686051923,0.0,58.151434703681616,0.0
1111,Mic,012_01126,226.51486089042822,929.2993155779639,1237.331690163903,963.3904495201066,1291.0169065505881,390.9532926332022,256.0171151145128,1411.3104868818448,725.2829329820657,38.05559681814963,0.0,724.1020719508672,652.7087684818756,564.7752740680187,825.8216024126273,173.90794975339807,371.19249785466224,364.1925708712914,343.4702973668078,265.1181564284154,187.30642271471206,0.0,0.0,0.0,383.78138097955224,0.0,172.89788169136648,121.77536076861688,60.74165579769184,87.80190460782626,24.720597626050086
1112,Mic,012_01127,358.0933462606034,51.315623262217656,63.06930141897561,87.71340753343982,71.83453284378272,110.59862883702432,172.75901418277724,158.90639155778823,214.88312359199273,176.16645895483146,0.0,28.851361280473768,42.44778742395743,37.1562680307907,53.70588158460826,136.07858890278487,147.60217429488128,59.726470432744215,138.80848483808964,97.82677968897478,176.626670542382,610.8891272567427,0.0,16.846607114698664,0.0,515.3672903406242,130.43173531103085,41.0114388553456,14.319578943534808,193.18986320874052,23.311089866670038
1113,Mic,012_01128,99.09501405953806,39.622513171988096,28.776044901282187,35.936490418013086,21.68589670755705,158.5942602191292,130.21700246577984,199.38254789797955,374.3997292367688,84.20535145010811,0.0,82.74352669117005,15.217131340663984,106.5613724656639,38.50610377764365,235.15854840868292,163.27744563509236,107.05688096435286,0.0,62.346626887732356,101.31039216015873,0.0,0.0,0.0,914.3398878982742,739.0172465261782,303.9305530360814,58.808855717099355,61.60120753067805,186.56918634097852,33.427223205036285
1114,Mic,012_01129,0.0,45.25125007910212,73.03098386757969,19.950775057486318,9.631445744417794,140.87423114436618,835.0637694576186,274.09133180707886,132.43832811040102,91.4184728033762,0.0,61.24869992502811,108.13514561633848,110.43091951050641,11.401248604553706,186.6621640643272,213.07487060221968,152.15234925883442,58.93544607650733,235.36722413064325,179.98159054151103,0.0,263.9563683576852,0.0,0.0,0.0,186.90357601832073,156.71410154780105,82.0775865702051,266.1619321644534,148.46168965365277
1115,Mic,012_01130,162.28861012795818,133.0044953063921,64.39677887830918,52.7761882062569,80.68115018907615,248.43829925952258,370.65613425649286,475.93638456716866,441.171135675917,589.9213989521942,66.38289080667195,32.40448459087694,11.9188368628846,13.910721036158094,70.37322414534873,105.81025556215029,216.30314408983867,226.40157141870284,0.0,244.16536145688286,238.0544682778114,2195.589690869554,0.0,879.8410277341637,0.0,0.0,375.39281455896435,147.39874772837513,96.4984433239193,154.9869416312204,0.0
1116,Mic,012_01131,1876.9030562624732,2265.509903385546,1374.8712290519009,2315.115455981136,267.5217085216736,869.5340474083292,0.0,0.0,0.0,102.59502590472941,0.0,1587.81974495297,2753.2513153263426,681.6253307717467,1266.7180346162772,411.48432718614,585.7552296155485,586.9670370114518,2182.6437615920304,598.205135569363,833.19063897234,0.0,0.0,0.0,0.0,0.0,320.4572807210672,386.92171278698476,56.29075860561959,278.97649493619673,0.0
1117,Mic,012_01132,0.0,0.0,98.1975294820414,67.06457718854554,0.0,157.84968622749008,165.95846071729412,56.69899417085401,677.6807762652819,384.12926365737894,126.53264632633245,20.588764857427286,90.87413645692294,53.03054216601113,76.65064789540331,463.1291519753864,141.44465904260653,383.59535939903327,99.05582016614846,162.89153926301904,151.25213477432146,0.0,443.6449759251235,0.0,0.0,735.5476819884964,191.97346957750315,105.35896404528222,30.65599999179283,253.21810182002207,0.0
1118,Mic,012_01133,423.9825219725545,359.9988339626347,261.4509222459353,91.42243162342528,275.84460612012566,0.0,242.3941860533736,0.0,0.0,844.9726333513515,0.0,140.33302126822437,309.6990570451934,0.0,261.2254080275345,280.0288007944078,123.07491013205185,81.70581155199409,0.0,158.6098188023911,128.8668188277219,0.0,0.0,0.0,0.0,0.0,178.43061390549022,269.29751209974137,0.0,43.14836455013176,0.0
1119,Mic,012_01134,0.0,0.0,15.845510439147594,207.7782536896029,0.0,101.88479747410726,171.3898285225874,1418.1191610232916,0.0,135.23889778350699,0.0,53.156447450085004,0.0,68.45760897794166,74.21176364418595,96.42865041129744,240.86630139479843,103.16390347474001,255.74411751987427,90.1192152286313,390.50551159915733,0.0,0.0,0.0,0.0,0.0,67.58735375207962,68.00442224740944,0.0,152.54472315703146,579.8103806837203
1120,Mic,012_01135,3.8298753610759726,0.0,31.45799866595478,0.0,4.609702642381779,224.74587678111888,396.9690881221694,40.36392298927775,171.84719009357914,354.00770302153296,72.06271034093265,58.62843468759374,0.0,0.0,0.0,55.304667147655884,133.68765305119268,81.92427628876412,0.0,92.76978038241458,129.21138251442704,0.0,0.0,0.0,0.0,0.0,69.57521709772902,100.00650330501385,43.64791442681732,91.33455062973522,56.84415496899218
1121,Mic,012_01136,444.5296712200594,0.0,60.1036602864219,0.0,9.90821142672865,193.229788312962,278.61400695790064,0.0,78.71877126766363,0.0,0.0,25.203488015126506,55.62123869346146,0.0,0.0,0.0,106.83585948962836,78.26227160152689,0.0,42.72893825495449,92.5767376635933,0.0,0.0,0.0,45.16310723076285,450.2059088033038,64.09145614421342,64.4869521311641,56.29075860561959,289.30895771161136,0.0
1122,Mic,012_01137,250.5806867450085,51.063664391863064,37.085237198005,47.27814874142856,40.75718175533771,397.4229688706311,193.39961653194703,510.3412126034404,313.84439739448214,263.7638077337902,318.5751024528229,51.83696116586303,102.95846311342865,0.0,67.54498582272244,161.74025405866558,180.3328692094436,88.53072567690454,49.879171856713064,216.77612646603393,304.6496899000518,0.0,0.0,435.8611542866718,0.0,0.0,325.1542905094138,229.89674660471746,30.87341843145094,195.51071407664114,0.0
1123,Mic,012_01138,706.9654046346677,0.0,33.6632088728672,30.653980560429613,59.19412148500551,505.0512492815188,143.0437793233428,200.84949490887823,235.14276739181926,638.4668994071144,115.671474967849,75.28595561600021,186.91600814154646,121.19641074421,70.07119314043308,266.3168950200425,354.89680362649074,146.11196629469615,90.55317465832458,191.45498514237124,69.13455945693235,0.0,0.0,0.0,0.0,1008.6158128554705,127.63277103397012,144.47291421659943,14.012291841742217,123.45740929937557,45.62170377339716
1124,Mic,012_01139,133.09664197296766,0.0,5.784312439069365,12.641376054124072,45.77067579426864,223.15475552957116,75.97162910964882,387.422220125404,391.61115073116804,1020.2757554021211,0.0,0.0,21.411715780226313,0.0,0.0,77.44159314004641,207.05356839140362,225.95633725662083,93.35791900614878,65.79500226869101,71.27589536931521,0.0,0.0,0.0,0.0,0.0,82.24124903461016,33.09949755404884,0.0,342.0685242727997,0.0
1125,Mic,012_01140,296.14470829990836,56.96184081687257,110.31684482950855,42.19125931988245,109.11574609182185,354.662269688348,315.3510859344172,197.4596300159014,444.5656020958608,320.1224542470355,0.0,55.51147993205079,122.50753838813031,23.83018034042273,146.38818355973387,238.32524041526364,239.3664193628382,158.010535701817,44.51242551769963,266.6502096163616,271.8709257968817,0.0,0.0,0.0,1773.938249836166,0.0,250.95726287692014,55.2356594203642,13.775797464666399,201.02525678243524,156.9810102413729
1126,Mic,012_01141,386.4467783692143,68.62147861457845,15.334364941110573,41.89077695354898,0.0,197.1963822079495,180.67015333890262,239.0585890590773,27.808165081245487,335.9159719138721,79.03652101908743,0.0,0.0,66.24929901091127,59.84819648724674,51.32492683181961,206.77908288315163,89.85243205864452,0.0,210.76268077663775,141.7157098545329,0.0,0.0,0.0,0.0,0.0,32.70355826713531,131.62146241434084,47.871906145541594,26.361415292113737,31.17260111202797
1127,Mic,012_01142,338.1992714683477,0.0,13.617235533642463,14.879953063708543,23.94484428126091,933.9439768459831,312.11056942636355,602.7959471419571,596.3199227279583,759.3100615136485,0.0,0.0,16.802249188649817,0.0,0.0,82.86837144720874,182.51125996144842,0.0,0.0,197.9180681670462,279.65889502543814,0.0,0.0,0.0,27.286043951919222,815.9982097059883,206.51691424246553,259.73911275052217,11.336333330298391,112.36553268263478,258.36457935559287
1128,Mic,012_01143,89.81879312147149,5.940574817865258,4.314371654223354,0.0,45.51891190101083,332.8909224401524,383.3241391108081,0.0,59.11402015987536,0.0,0.0,14.47329014730037,111.79318272052154,18.639447989043518,0.0,252.05112582754978,167.12936435011167,191.00643514630082,69.63329932471824,171.76187060902504,0.0,2344.362630937757,0.0,1280.3421407170986,0.0,0.0,159.48831000903277,160.47248154091665,64.65077225991953,213.60576509966216,70.16407246997714
1129,Mic,012_01144,101.70698592017138,230.7684833093812,77.35234385974417,157.7803307110397,125.81669657845967,232.10442028125024,529.8886710239759,0.0,330.4253566820182,108.56455897019198,53.158685734731385,77.84746002305347,76.35578329516602,55.69775878382827,96.6070295959817,153.77231530085598,259.18758811093267,40.28886171202864,374.53650346845484,166.19618587528652,158.85949066533766,0.0,0.0,507.5912628878438,15.499764611741096,0.0,102.64746033353318,125.41249467717518,96.59360944159576,212.76313880735583,20.96618733570323
1130,Mic,012_01145,72.2205068088612,0.0,82.38999650607204,36.011987246622354,166.60782407465572,70.63441841692308,173.98742346268065,152.22965241670468,363.0120971063428,143.76235772784563,226.48280392864547,92.13039736621874,81.32853388791844,0.0,34.29955462546409,187.1850272689892,142.74707276345302,143.042387170858,88.6507970394522,62.47760719632003,270.72861098260904,0.0,0.0,0.0,0.0,0.0,78.09463143622646,15.715307662216464,109.74332770171215,60.431883123433835,44.66326461849385
1131,Mic,012_01146,0.0,0.0,13.617235533642463,0.0,179.5863321094568,0.0,0.0,0.0,0.0,216.94573186104242,280.74430903655013,45.6813220274168,0.0,0.0,0.0,0.0,6.677241218101773,0.0,0.0,0.0,167.7953370152629,0.0,0.0,0.0,0.0,0.0,0.0,38.960866912578325,0.0,0.0,0.0
1132,Mic,012_01147,687.5392248203586,503.9983675476885,296.31104521206,76.18535968618775,436.753959690199,672.4396633291078,1117.706524579445,0.0,1081.7170230196484,0.0,0.0,58.4720921950935,838.7682794973988,225.91010962720745,326.5317600344182,509.14327417165055,153.84363766506482,317.74482270219926,0.0,330.43712250498146,214.77803137953654,0.0,0.0,0.0,0.0,0.0,297.3843565091504,249.34954824050124,391.78367989511236,503.39758641820384,708.657131946769
1133,Mic,012_01148,68.33586776161188,11.786678380441733,14.674513877227424,22.71663554721454,1.6127491003281436,47.17771258155574,89.75462922930501,72.02071722146715,110.38867485530898,171.1676601506875,50.42367384005391,12.307035307667013,13.58011534049901,0.0,22.909150610459644,23.813997856485056,127.12367939271024,54.13933568693092,39.47406865367563,102.00584698469962,75.34308865044545,0.0,0.0,258.70336987361395,7.351151223716311,73.27953988005133,48.68312665023509,122.4588520357934,33.59542000971497,153.04416799430894,29.83121696688925
1134,Mic,012_01149,152.9838929761062,3.10076515041029,1.1259729640221157,24.6076743172441,7.424757916670049,101.35826105305244,208.78052200979639,114.42355154376482,319.4439344465555,357.49197010989053,162.49799799531587,11.331800813002616,16.671999194939353,29.187352665013883,28.125043930613106,213.78755052427186,159.56363510337255,146.61536669536693,36.34606321341882,98.19190978830198,69.37274915359706,659.8233984323474,298.43817932603054,16.54188812295993,270.7452423136171,0.0,137.67794282831036,170.74323070731998,44.993819109401365,170.33879200812854,146.4924303765931
1135,Mic,012_01150,70.18310572590892,40.08895701142925,34.93776243820962,0.0,3.8397077689327066,37.440961209861236,107.97068421085685,598.464828784454,180.68769872265844,86.14326228526278,0.0,0.0,32.33216770377159,12.578513899065001,0.0,3.5435918302592597,127.06091084067157,121.315236157378,46.99084564674749,154.54742923395568,0.0,0.0,0.0,222.42023825374986,455.05099579503593,872.3366161667582,91.06981964367077,141.6127723860308,72.71412024779369,124.12762630420234,0.0
1136,Mic,012_01151,97.4403663294159,0.0,17.78577702353301,0.0,0.0,114.36048696073262,302.3056742162256,66.75149441288042,96.76106421127255,531.2956698637773,183.34322222795112,0.0,0.0,0.0,27.766306125375696,146.11892434773134,176.6062167073448,0.0,0.0,151.7313317624915,0.0,0.0,0.0,222.1001672672518,0.0,0.0,37.931678126167135,25.443831453112374,0.0,397.4835169725856,180.77988059866559
1137,Mic,012_01152,174.67968110273335,43.90229682471155,11.387235289457111,59.727198360251705,72.0848273833081,58.57488356525329,274.48818978169487,89.4194503016822,297.36327050293517,728.2638206425436,93.90750406797495,91.6809807937006,42.1519840272748,0.0,0.0,0.0,107.2081098711253,47.44820647618704,36.757647552943595,47.49314042972295,84.18999487873818,0.0,0.0,789.6186721495694,0.0,136.47356817382382,103.6182426861151,117.28985718629848,73.9429128721902,184.79627674635407,18.518914597912083
1138,Mic,012_01153,0.0,0.0,0.0,0.0,5.9654975371999495,58.16952104923078,139.78903463285675,203.71909367529597,167.7042973719403,15.442503899154776,0.0,0.0,50.23232975430257,0.0,0.0,115.61428154849331,77.63159340076801,0.0,0.0,85.75357850475297,0.0,0.0,0.0,0.0,0.0,0.0,51.45058071092567,77.65210844859901,0.0,124.41858290118729,0.0
1139,Mic,012_01154,177.89648036929336,23.12626342372386,50.386687370736986,24.470672276077433,191.96894430201462,71.99568129861969,108.13445130860705,268.30340416127626,54.14751915891342,401.37283153734614,57.71189222164628,65.73415075465543,93.25787986505422,60.46844476102983,8.740143469872006,132.87331164811542,159.2243216376474,182.2488658815,45.179635322033455,79.60209053920859,206.9595591451637,0.0,0.0,131.59833566257115,1766.8735955161396,167.74267265904683,119.39950073975521,72.08177518729693,13.982286934158186,281.0341374160973,0.0
1140,Mic,012_01155,62.96146747439181,123.6259732014542,7.182717644119101,51.016981932715005,108.93588497189029,184.7361712442604,33.29590467766121,273.7206250184978,541.2830472331444,482.25299264558254,0.0,0.0,79.7645236208431,46.54741269791362,22.426631870495754,152.98776267176999,281.76490414847035,280.58314406591376,0.0,122.55222950047389,354.02972205418104,1951.4886735553305,0.0,253.2544893726129,21.588957852067956,645.6249571300127,112.33612368134114,287.7110172005784,152.47991204709044,321.04437909324224,0.0
1141,Mic,012_01156,239.4679962609608,107.7395891116244,157.84188804321172,140.04661707019804,238.41058578493832,242.8832633283671,400.2380781067057,291.3283845226117,235.95009649316847,267.1282253432738,83.44103302634309,185.55385294108618,224.72358047977463,268.1079732417839,202.1868483185252,159.27147057098202,223.59455422597142,144.0461933966184,174.19103979681836,227.62309522401975,299.22635950709423,0.0,0.0,281.4374365043777,1524.639384657084,0.0,276.2083806586536,96.49750318904847,23.58518884817498,270.88326557960255,65.81954785883306
1142,Mic,012_01157,331.33192180696403,96.08509803273168,0.0,0.0,0.0,179.47677846862308,992.0046760191448,0.0,322.4603594988553,587.6394811162348,191.82529300718016,0.0,0.0,20.098764201708846,43.576302495696375,96.2570691828076,150.5587201348499,121.1533386002285,225.25505012871486,97.01445767495008,286.62548671646334,0.0,0.0,0.0,0.0,0.0,171.974939262409,133.10474105364838,34.856199278924585,217.53327323613286,264.80070766694223
1143,Mic,012_01158,260.0017695621543,29.70287408932629,4.314371654223354,0.0,0.0,221.92728162676823,286.65979098721306,523.1324276531146,410.32084581560537,672.6238249496536,88.94869197197627,101.3130310311026,79.8522733718011,37.278895978087036,13.470782179637713,309.8128421630299,255.9829504602976,112.35672655664753,139.26659864943647,278.0906476527072,265.8143952717036,0.0,0.0,278.88640688887295,0.0,0.0,36.804994617469106,123.44037041608972,86.20102967989271,183.93829772470912,70.16407246997714
1144,Mic,012_01160,111.4068188366322,33.33322536691062,29.050102471770586,21.162599912829926,0.0,435.84052252812535,362.843148876192,838.6726221105489,312.1838450273156,292.015842251054,399.28079507420466,0.0,53.76719740367941,20.91760274325995,120.93768890163635,341.78599423559876,313.3851878362431,239.56950918022957,0.0,183.57617916943414,59.660564272093474,1753.9305609238036,0.0,0.0,0.0,0.0,371.730445636438,207.7912902004177,36.27626665695485,339.59360988529625,511.80792862822216
1145,Mic,012_01161,314.08669406954135,0.0,22.050077779777673,30.97898661938357,0.0,121.52524036068215,111.94912207284321,556.5552774198678,246.26791871281313,0.0,324.71630924709416,21.13449115485307,23.320712126897092,27.218085497253906,49.17646988470153,138.02076709472453,244.049144087151,139.4577104803112,152.52209418353948,185.12441200580287,77.6306137516397,1778.7913768121637,0.0,536.8181505657232,0.0,0.0,98.53096149399559,144.2021483800489,55.06999516597965,316.2480534296805,128.07056601447636
1146,Mic,012_01162,300.116328294601,0.0,39.840140532713946,21.76724562462507,6.567728717145849,224.14655444303597,240.47042267199765,388.18561366259684,28.096546052458407,631.8876500246525,308.01661334295784,66.82524822296399,64.5206368844153,0.0,85.52022286615714,39.39799145375867,197.7989627122262,129.69176436824458,80.37672264910333,179.38015221698996,92.04772773408706,0.0,1559.9402391576725,0.0,1167.530840639835,298.4222024067614,240.73971717407412,142.48545613742928,80.84425140692795,287.65576366754505,80.98938650820219
1147,Mic,012_01163,0.0,30.14344303514883,3.1274033761475515,0.0,103.11176963222401,201.08841606731693,21.7458898971328,238.35958733668232,360.44911054140715,313.1848159197004,193.4314856519771,0.0,23.153338594885874,13.5113701930148,0.0,0.0,159.48702469265092,8.144518695374211,0.0,100.79122755833765,38.53672811833789,0.0,75.35596481024825,0.0,0.0,0.0,44.4653643105787,44.73975147855884,15.62135884749252,51.61287625613846,25.430279854549134
1148,Mic,012_01164,110.64262055651213,11.273449915322589,2.729132800061955,41.750849514873245,104.37752580223963,140.38406332549224,396.3996779578482,1071.5399681245426,272.75352639651686,242.24420521555112,225.0643312526832,18.310676052743265,60.61437703128786,47.16286213511637,0.0,279.01901768279384,145.8677496998266,156.36115641474166,88.09557284087525,175.9112030036958,269.03302469253003,0.0,0.0,256.6030177637609,0.0,0.0,139.68993781745058,101.50973258224998,61.343999983577085,97.58676742374962,355.06829158084463
1149,Mic,012_01165,209.41131360269205,36.841985931848576,53.51334665852477,29.23780251114661,105.86141682241663,98.30989229957716,572.9102350676716,79.45319577889411,73.93827908541685,117.44430596988762,78.80542008043513,25.645654471532232,14.149262474652476,16.51389690257364,23.86928070427033,18.609037798671437,202.42583903298004,69.68088217153492,61.69265992803984,94.20356562642016,47.10044547796853,0.0,0.0,393.0874993429689,0.0,229.0521290402774,184.77829169062704,185.91852281090004,38.18554384942615,110.3942075478517,62.162906311120096
1150,Mic,012_01166,93.7066700495037,29.439156982925727,76.35833009519139,36.71315522260799,52.36536039079488,235.66810630693033,394.0793328554653,525.5420496496477,516.9633181381073,100.79721587135215,62.97068613903928,40.98511135170105,45.224745479730345,145.15252370907018,9.536558412220156,96.65395099637057,95.85273374770394,39.771131012458184,49.296471250910336,115.80740274707296,0.0,0.0,0.0,0.0,0.0,0.0,60.79703550128657,200.9943788387218,30.512747655382583,75.61045189859537,74.5083433121603
1151,Mic,012_01167,161.6296815806615,0.0,5.086593818014305,50.02443364608631,0.0,130.82483722356184,129.68560537875047,622.640997271178,180.38638516169794,98.4034003327463,0.0,0.0,37.65795927105951,21.975691597977377,0.0,185.72833444977522,47.39022561018534,0.0,0.0,96.43106687888564,0.0,0.0,0.0,0.0,0.0,0.0,188.0348557694044,72.76737789119686,12.703750969361622,356.7714967666537,206.8065560155941
1152,Mic,012_01168,217.78776614679975,94.73653525332492,7.64476380836068,0.0,10.082039697373013,196.61978459915431,94.50065733074995,0.0,234.1378837704867,530.6742714194922,0.0,0.0,28.29852494930495,0.0,23.86928070427033,158.1768212887072,254.90661211560445,0.0,123.38531985607968,72.46428125109243,188.4017819118741,0.0,0.0,0.0,0.0,0.0,195.6476029665463,0.0,57.27831577413923,231.30214914787976,62.162906311120096
1153,Mic,012_01169,61.11459776180965,0.0,10.45803688983741,15.237071937237546,18.389640408008376,179.31724355442876,88.87786821957032,326.07591547658143,174.1985855252421,483.97493553457696,287.4821724534273,11.6944184390187,25.808254753766118,15.060673975147163,0.0,356.4002919201554,177.77487019074158,254.19585816175936,112.52741170874467,72.69616695109593,257.7336376554438,2005.6711826093376,0.0,71.69915988015752,2493.7261288538016,0.0,148.6921782545752,159.5837108739208,17.412607995338327,182.18198365611187,28.346285277870766
1154,Mic,012_01170,0.0,94.18574144371254,76.00317507149282,132.88144131311813,220.51531012510043,0.0,111.56709144898493,0.0,0.0,0.0,0.0,25.496551829255882,140.6699932073008,65.67154349628123,71.19151744936443,222.01014862135924,149.07329231110933,237.51689404649443,122.6679633452885,115.26876366452841,0.0,0.0,0.0,0.0,0.0,0.0,21.61223521142081,173.9648010980241,37.96353487355739,135.88389998830252,0.0
1155,Mic,012_01171,516.8357574895307,59.38125096290881,48.516665983781806,108.97648099441803,127.96914716913048,207.97102989560034,389.41334013729266,133.84177515743605,234.62064229372484,601.1856981881258,444.5600604949907,90.42076112643323,179.59352534837248,69.86910607027033,42.07883505598172,344.45904502592333,235.25917099984142,147.40739197524707,87.00573070263762,250.38276808367152,232.4916834520756,0.0,0.0,0.0,32.405693435681385,161.5171714057214,260.59453920904923,146.52499226503681,53.85342678970616,203.8797294035435,109.5861544247581
1156,Mic,012_01172,67.84926560727223,198.9467240319823,213.288910253263,278.17680674890914,1433.6660449664425,88.47890306961945,287.04574664215295,0.0,116.45278955953154,0.0,141.8497561447832,392.3785134144432,280.15539699811904,505.3252452187535,451.12940531070933,1046.7583761752685,323.881342452768,286.68705807717225,333.1403636114151,156.52284750235964,508.68481116206016,3592.028068269647,0.0,0.0,0.0,1649.1753290899974,78.25904118661852,78.74196260226356,17.18349473224177,170.32249164525695,0.0
1157,Mic,012_01173,107.96784309364928,15.075328055386711,13.138237298790719,0.0,0.0,281.59114879778383,118.42262021033049,78.3884963379709,68.82947839484157,142.03482229524099,90.28962702683019,29.38296090205703,186.4289759223055,9.460222346197966,47.85850754273297,90.61385742167147,76.23463340465942,125.45560121048784,106.02457133361621,66.41952211155406,107.9286589846917,0.0,0.0,244.48744395602887,0.0,0.0,37.35984378255658,75.18076831371897,38.281487426937275,177.67682219833708,0.0
1158,Mic,012_01174,0.0,62.427543461728554,49.11650273406298,24.771251343052374,39.861937300596196,97.17336175276125,96.32716931311812,0.0,109.6252519387828,38.69552277620575,77.89437476158616,0.0,55.942748743712684,16.322984799653717,0.0,78.17409375829172,75.95844345216351,9.839331834296013,0.0,150.41574218073578,0.0,0.0,0.0,899.1998271510258,0.0,0.0,75.20558148714062,64.85970907989918,0.0,93.52969194392723,61.444259995384606
1159,Mic,012_01175,237.10929847377815,456.7149386093126,468.2703085001826,306.24033659475054,292.40651089735167,228.1002928524789,409.74593865874436,106.51256096275084,334.528075454983,516.7336989936982,109.70740977276314,392.72300728047867,551.5332596632516,475.1162414140726,470.746261922075,157.59607791100103,434.01161914782534,545.0749526874323,1001.982549984582,564.926423821271,721.2695083641152,0.0,0.0,573.2875256942233,0.0,0.0,242.10395373879268,167.47357717645605,119.6083147576666,300.047989578596,187.5008693753324
1160,Mic,012_01176,165.8134817947585,181.12140800435316,168.79066663250498,114.48156230671576,147.379130607369,359.27319501109946,284.19621101538314,354.8862244229143,352.7705247904394,382.83566879231404,167.99659454368808,175.72868313307262,172.36145205097586,120.6999695247769,192.63338470418702,403.7896069092843,251.1546474199633,266.77468894981746,281.81954179060045,207.4427171558432,602.4495092124132,781.3723440708684,0.0,407.0188283490687,6.9976675495572,0.0,225.09056369793217,133.22326709198643,81.40355474223172,166.49710274613025,66.25912631737378
1161,Mic,012_01177,266.7178027320357,409.6538455436877,283.9897948533435,295.54665395503866,897.6839552616158,231.8757459755544,107.96292769618653,0.0,228.88996568597577,0.0,0.0,272.1976705633663,233.60920251253813,506.3502457161546,337.79147589767393,384.052038707064,382.3986970697732,152.61142962297745,72.75479205306766,324.7399307376542,277.73021299077993,0.0,0.0,0.0,27.097864338457708,270.1235452819823,76.90974737305612,141.87129468856105,33.774455163371755,117.79007563972752,0.0
1162,Mic,012_01178,175.5082013293076,860.8667768671698,625.2087271098452,423.4611148565277,763.2064200952093,265.7864281933233,0.0,453.47990001866833,304.00907042926826,47.03961662035025,0.0,329.33885920161356,286.9000651974988,446.46266724744555,306.52684983468106,144.6429756169462,352.1782878037551,80.73696793675305,166.78964186078755,431.0049423978019,764.0325226940033,0.0,0.0,0.0,0.0,619.2555583539516,58.77161195833011,206.9699807529852,77.42760472235422,92.3795683714942,42.015244977081174
1163,Mic,012_01179,195.88012103144118,73.84591465900198,67.03869801177827,153.83582244326368,29.4705775769365,459.78780398571473,374.640586706425,387.07967174333027,270.1590966582539,236.49468791885062,138.2125829103016,97.4534869918225,157.16565394921673,57.925669135181394,90.70326667622727,184.94520642987305,146.83082227292513,162.94606292420474,180.33239055888566,139.80032105979987,82.60693514597557,0.0,1238.4140951892764,1332.868997772159,0.0,0.0,171.5678979860483,89.51009424017994,50.2286769096298,224.3469096979785,145.36556552754237
1164,Mic,012_01180,312.95552950506516,206.72201950235325,153.79466014466783,20.006659581456862,149.70558105258922,188.3584491117949,489.42803673241866,1141.7223931252852,404.3305471834875,216.6852928071876,75.49426797621517,307.10132455406244,121.99280083187766,174.02039256997776,160.06458825216575,294.14789999412585,208.285036988183,190.72318289447733,177.3015940789044,159.6649961683734,135.36430549130452,0.0,0.0,0.0,44.02454150225623,219.42809000497164,104.12617524830195,136.1993330725427,82.30749577628411,35.251931822003066,29.77550974566257
1165,Mic,012_01181,152.78649440452415,149.99951415109777,148.15552260603,214.271324117403,160.9093535700733,224.14655444303597,420.82323967599586,0.0,621.6360814106421,396.7007668316204,89.83817889169606,233.888368780374,145.1714329899344,131.78089728253767,81.63294000860455,201.53587935961167,147.43348609568713,147.5243819688782,140.65926463593084,355.2199066928551,214.77803137953654,0.0,3254.875306703989,0.0,0.0,261.11942710591626,136.30116340002724,112.20729670822556,76.18015997960518,119.85656819481044,70.86571319467693
1166,Mic,012_01182,422.87144797200057,57.30806329361768,39.72843246862982,64.08500769550886,67.364366545255,194.62797780871426,61.38781846503673,176.95870955675548,341.5499085971789,107.64311690438326,117.01065268093551,88.85050188834758,98.04148875345305,155.2927671098749,70.88243705522825,227.9539803861858,124.30684664205673,206.92499307668547,91.60154715798679,172.15248061041,209.80487869925778,725.6408041278355,0.0,505.83705414727626,22.744951253698222,113.36588731081747,274.3596632048963,140.73274068566639,42.52355425779078,140.49756908508894,92.29977116528107
1167,Mic,012_01183,42.90519356117829,203.22514820471312,153.61747735648274,62.536945594940974,43.69658219068811,309.8800291839206,286.2373740837649,473.05773707986725,716.1706007035048,966.6153477521628,0.0,101.046242272627,222.99759291848602,104.10604130286058,188.09433181706115,40.326728225001126,172.80823355234818,227.48353830720322,194.45981286073385,205.5714817427304,259.8121347333103,0.0,0.0,0.0,0.0,180.49729984279924,162.739135186459,8.618071943796126,67.70455297726596,144.98778410662553,24.492758016593402
1168,Mic,012_01184,66.2021312414561,204.20101926451963,389.97931679540767,309.10289053350857,282.5089190831119,247.22046445923084,190.96180623952753,123.68659258857255,314.31535237256514,156.2634323128757,0.0,396.1607086747406,243.98560166375532,498.33112417766347,162.92288447095444,360.9996954473362,230.28065511840057,257.4762969075444,177.3015940789044,301.97510144888014,304.5696873554351,0.0,0.0,936.048455818383,0.0,0.0,117.14194715433969,133.58011512883996,27.435831925428037,253.05851057937917,66.99489692774078
1169,Mic,012_01185,589.2947560084406,313.5124980455377,490.7111904015302,480.44821423722,326.1676085879864,50.48345820789098,0.0,0.0,268.9421637904239,0.0,0.0,276.5571928146314,566.7353239847289,525.7667716549122,232.88676579031326,57.33595429860929,167.47242838914713,255.58624734732885,126.72005823056833,379.556154228695,48.373430490886605,0.0,0.0,0.0,23.598740715173385,0.0,133.9569173464641,213.4072710166452,29.41318918131474,124.17572380543423,31.92149243003465
1170,Mic,012_01186,83.67817026020973,618.5546975303001,278.52160101800666,515.4293020006259,367.3188483558374,231.0789221062226,0.0,57.064322741542505,260.68960254858314,56.23335612303898,0.0,421.9635519233551,349.2096326218354,232.89702023423447,252.47301033589034,224.1717594613152,319.40617785558993,269.07698535164144,652.5429802697822,264.00904117666045,221.42065090673864,3206.853026795189,0.0,0.0,0.0,269.19528567620233,217.16211600754104,128.53069496933054,56.09731957261059,166.81068769380835,36.52871814158603
1171,Mic,012_01187,222.41822749105802,8.38506600844646,54.80725854534357,24.399426141733265,10.70825334317258,313.2482903707024,210.15023894378925,232.06748642872643,178.3301738966207,228.68813615875635,334.8006666771281,61.286742595788986,22.54214797980348,61.388616746523766,6.337961180792278,106.23622277455829,186.1332831480792,58.14984000206619,131.0490043191902,200.10943754183663,175.09078645070912,0.0,0.0,83.50057439459339,1586.3190769562975,121.63948467666906,80.8109664427039,133.58011512883996,60.83597513899261,167.50141517908293,99.03593458883421
1172,Mic,012_01188,0.0,29.149703154869204,58.21781669443903,17.34990478683425,13.959747273285712,0.0,327.1176599910575,0.0,170.6267978894235,204.77468733211177,218.23039406889728,35.50936772981387,78.36514601345988,137.1923742675349,16.524886641417925,77.29908008678905,121.97454403269309,27.566063276651178,85.42060605420902,10.033515865535875,65.21600143103336,0.0,0.0,0.0,31.815306308310674,0.0,45.149446838433754,30.28537023163983,105.74458296764168,101.9023454287862,0.0
1173,Mic,012_01189,369.2837633312473,0.0,71.49048655162294,0.0,0.0,262.6717434879327,0.0,0.0,0.0,0.0,0.0,0.0,37.805060674462084,44.12306828656395,191.3272031451669,223.74460290746362,50.07930913576329,0.0,0.0,212.97705161453882,0.0,0.0,0.0,2340.625475998446,0.0,0.0,0.0,0.0,0.0,266.8681401212576,0.0
1174,Mic,012_01190,46.47819243500457,0.0,15.424833170851638,50.56550421649629,0.0,148.76983701971412,414.11986063690915,360.70344632365203,177.15742533076647,258.9086863170974,0.0,12.936303582985287,71.37238593408772,33.32007516625478,48.16102655374899,225.2846345892259,130.47211158910363,140.5950542930085,0.0,36.55277903816167,47.517263579543474,0.0,743.3343549423898,0.0,0.0,0.0,54.827499356406776,22.066331702699227,28.89260176217643,111.37114743765572,94.06953078939414
1175,Mic,012_01191,4.518528028524964,0.0,12.371494743498515,0.0,0.0,265.15759594996365,385.5112580501867,0.0,93.06426925893162,685.1535326192813,0.0,0.0,61.0605396382479,0.0,0.0,50.19156882606965,107.1728811283969,128.87351979809793,133.116023314761,164.1761728534214,0.0,0.0,0.0,0.0,0.0,0.0,58.63256240322365,94.39099617936954,92.69329965972689,147.45760755828414,33.53267185867992
1176,Mic,012_01192,307.4362387408108,13.170689047413463,6.376851762095982,52.261298565220244,8.409896528052611,328.01934796541843,4.9267110986458045,125.1872304223551,346.9238155867577,94.33737747825118,0.0,64.17668655559042,0.0,55.100026738343274,29.86570975924556,225.07858156978455,101.62435414867086,99.64123359999279,0.0,66.49039660161213,157.1546571069779,0.0,0.0,0.0,0.0,0.0,135.99894352552607,18.245088895646433,15.92616584939481,39.46496757634002,0.0
1177,Mic,012_01193,0.0,80.81606476712207,10.671466214119807,0.0,7.036852196941981,68.61629217643957,4.1223501029485305,0.0,417.14769904415283,145.7268123054932,0.0,0.0,0.0,69.15615600832881,0.0,0.0,99.42275903524596,264.0153774639264,0.0,141.61590964499206,131.49675390583866,0.0,0.0,627.1063546369461,0.0,0.0,60.690685001867415,61.065195487469694,53.3039020265459,249.49734603817683,0.0
1178,Mic,012_01194,0.0,43.29882882712101,0.0,0.0,53.32047798713769,115.5394610531113,291.5393990332672,0.0,152.06893482000683,449.86684898431184,370.4667170791589,15.07012685440554,33.2580602496986,0.0,0.0,125.75488945390852,160.8044895410901,140.38799235737815,0.0,153.29557229612544,0.0,0.0,0.0,937.1576493908658,0.0,269.19528567620233,166.06514753517845,0.0,22.438927829044236,240.94877111327872,109.5861544247581
1179,Mic,012_01195,680.2828741626238,1253.8217963870127,669.1487983603093,1138.2575177388867,554.9644120490655,266.13706991917195,143.90156164118486,438.14559149838703,408.66018499782837,314.01116108043834,284.44805981539645,347.12983493129383,600.092994769298,670.5775021915788,441.5502032127686,327.4503247475985,375.47589667594974,233.54783425152223,501.02904289843434,392.33959136475374,255.0134937224048,0.0,0.0,0.0,62.20354082970503,206.69083939782288,215.78020591033336,128.29330318442678,163.67392080050868,194.49020960371615,84.14134812032879
1180,Mic,012_01196,514.1853177075332,79.1206228489307,521.944148805988,319.1831690149349,25.260495065945577,554.2085137327812,118.38543885390654,60.826805559666184,420.67630765356677,136.2296589394301,0.0,337.33899343323174,301.33264478985166,82.750955907402,149.51087913663832,116.56210489277711,204.27955550764102,187.05542937727583,309.1412409580898,208.79268729710367,295.02476837848417,0.0,1615.3227328555777,717.5543865557365,0.0,0.0,163.39799808195076,27.40104925719794,0.0,138.29604022478128,0.0
1181,Mic,012_01197,128.621283554829,80.81606476712207,112.05039524825798,104.94921997587085,91.47907856024577,205.84887652931872,90.69170226486769,1059.808342062963,236.52704584977735,0.0,0.0,178.99620059722497,39.50243074556038,92.20820801110507,0.0,6.494174415454726,172.68163411384828,166.74655418774304,86.11791712403928,222.53928658498754,65.74837695291933,0.0,0.0,0.0,705.6505080790213,0.0,45.51801375140057,91.59779323120455,79.95585303981885,344.8933901115974,130.16151403103925
1182,Mic,012_01198,0.0,0.0,6.471557481335032,21.214982585881486,0.0,0.0,0.0,0.0,36.511600686981836,29.45797773502132,0.0,0.0,0.0,0.0,0.0,252.05112582754978,53.946820138327176,50.56052695049139,0.0,73.61223026101072,79.74431858151108,0.0,0.0,0.0,0.0,0.0,0.0,18.51605556241346,0.0,80.10216191237332,52.62305435248286
1183,Mic,012_01199,303.43112206505964,442.98921936212054,541.635088141891,476.1584980386734,488.74336364741885,104.7413805808579,22.02439385220165,108.16525406659416,121.44535092768236,88.05274030141108,167.92182970410474,163.9404454068042,226.12372739865174,334.2906606633132,267.02363554216436,39.652902972869974,239.63183436925985,265.1408734163879,65.72862833454711,301.09924714238963,602.1813963912239,0.0,0.0,0.0,1077.1612117094091,244.03684776253854,208.446978861554,244.6888090210526,10.170915885127528,84.01161322066153,33.11481924984903
1184,Mic,012_01200,121.42568727204134,175.1956648797751,127.23671255296695,103.15521621559957,105.55278295412971,290.299697669552,407.4784524837586,381.54996214699696,287.80213970532355,303.59752563644423,253.85984616177845,110.15150805983075,106.35269816112411,44.33086923610821,140.96740032883045,154.86108221468965,214.3425877986578,64.13329007220887,132.48910326775274,190.63680144518165,227.59053560625924,0.0,0.0,464.2998971831236,0.0,122.9761823104786,128.38414135010416,105.68976142062061,82.00600311776292,245.5460306031831,33.374747187445955
1185,Mic,012_01201,0.0,21.818111149250587,75.26617458595105,38.95842256680055,15.67298898409805,50.94239873705363,462.14043048054816,654.1646452462281,354.39961497987304,4.507963259450233,81.67107171972368,132.8911186252125,87.98268666056632,154.02962020036873,86.58039091821693,144.6429756169462,120.43315069739921,92.84751312726601,0.0,52.5695422167016,146.43956684968398,0.0,0.0,0.0,0.0,0.0,33.79367687603981,90.67256299654592,9.893527270078597,234.26511056258406,64.42337563152448
1186,Mic,012_01202,433.3508393546332,33.25624332218334,6.038127534548158,75.87745118861078,15.926362939961065,427.06907024365967,256.5758320426395,237.07512458736997,391.761886355006,79.01949454786897,62.24354195729518,30.38388162562595,55.87814972668761,52.17323547972458,37.705745962403945,47.7689272822709,149.52085646816346,78.6237601539589,243.63613966962615,183.15221570714908,297.6139002949697,0.0,0.0,0.0,18.148685122754586,0.0,94.43498618939532,129.56962668386322,22.62030484382866,128.71432843091654,24.5493232776017
1187,Mic,012_01203,97.11006000287551,91.52512727863594,58.161751770811875,54.475760368831274,0.0,284.9320607326728,102.70940087007357,0.0,267.8696127882686,482.2183579865301,114.20107486232548,55.74669806735609,10.252219843921921,23.931155680848246,43.23778602150664,155.06217301308214,190.13161434594875,79.34003593502251,178.804149960929,63.00707844374647,204.76719093388016,0.0,0.0,0.0,432.8769006609558,165.96573756731965,244.1449960747792,63.39395294250032,6.917084743910882,213.3040620416118,67.56265029153519
1188,Mic,012_01204,144.76113997769076,0.0,24.337186911190784,79.78187600116068,73.36292715960788,0.0,134.30528925829654,417.5519012209967,92.4720099465885,276.9519981204797,71.67939805188513,0.0,90.08865522425008,15.020618991170705,21.71088830016078,249.66300844520765,126.1572383334973,99.59706638651762,56.114068338802184,59.32049406671875,128.52408792658434,0.0,0.0,0.0,41.7998971178337,0.0,217.50185648940518,189.00165225676292,52.098893603073456,176.9159450747867,28.27089622128068
1189,Mic,012_01205,202.69434693996422,1358.4861658967345,1837.5560101247336,1751.903907878138,1284.889379922755,317.1885204382584,114.33688021385548,242.10737959040372,755.4260023538344,0.0,0.0,2399.562274043931,2191.2669130556137,1278.7364695879667,1001.1586982187349,75.05060055596263,544.2581521169745,1348.9167001508458,1791.4151628161003,561.1196419895912,759.8279412011905,0.0,0.0,0.0,0.0,3695.08623263089,280.55127972561354,141.14125372103845,123.2024150613561,33.921670243814276,0.0
1190,Mic,012_01206,172.89688553505093,0.0,0.0,12.616564717413326,0.0,0.0,192.28194346726562,199.99749477219171,233.67833934699215,445.2664397091913,105.79569643771859,0.0,9.497640365713732,11.084892523415476,12.0166251239359,182.68450404220775,139.02291431133187,93.54607145305178,41.410970942864815,107.01104065421383,79.0400017343731,0.0,61.822950521459795,214.85623754918925,0.0,0.0,127.67974089573434,77.08057673774081,51.26381156625611,130.56014788639803,52.158277621204796
1191,Mic,012_01207,90.5133260690309,22.74874148263094,4.130346323000557,38.36348088463245,21.788673469204237,106.23059452276584,215.39767718013056,166.93957406939833,101.53372684833901,51.702706577580855,0.0,0.0,0.0,8.92220022224358,12.896199053492028,82.94691966658999,86.07628489685698,139.83353741125896,66.66315859522788,129.19934884673447,101.79053619883247,1298.211775648926,49.76112684152254,400.4861672385237,0.0,247.5065659771718,70.4702266609361,29.543785336552283,20.631052127178112,56.804060755834335,50.378469095741885
1192,Mic,012_01208,390.6472868297492,20.454479202422423,0.0,0.0,0.0,191.03399526395108,22.953994891417956,17.154667270443046,562.7291183802038,0.0,0.0,49.834169484454684,54.989179162853944,0.0,0.0,271.2055792817741,123.83247349934194,116.05939140908251,0.0,28.162254758947284,0.0,0.0,0.0,0.0,0.0,0.0,0.0,0.0,0.0,183.8708716624933,0.0
1193,Mic,012_01209,100.79664561409578,59.9998056604391,72.62525617942647,63.487799738489784,25.541167233344968,186.78879536919663,33.665859174079664,363.42480291457116,1174.591716915275,93.66545883524373,698.741391379858,0.0,89.61199567279903,0.0,15.117211112704544,82.50006757411002,142.4478126528378,63.04460767900778,156.2880718177009,64.25166270930194,178.98169281628043,0.0,0.0,1237.664069359862,2124.67328905611,0.0,178.98132567680346,193.93853752038981,0.0,193.1022487583057,236.21904398225638
1194,Mic,012_01210,0.0,16.314146554197944,3.949409701600231,8.631271867770515,10.417092376137676,253.9424710457356,775.0267278141603,305.57074992910026,254.6514747956955,166.29072929875326,0.0,13.248963488314237,102.33635759612697,0.0,49.32503928012359,403.7767657705688,220.77259181542533,185.13401409062104,0.0,127.28318162956236,0.0,0.0,0.0,0.0,0.0,0.0,179.68843293604252,180.7972555218136,19.72727491918995,157.51542950073275,321.14371538373223
1195,Mic,012_01211,216.82716379082407,0.0,8.994871178185846,9.82895982189922,0.0,77.1146402900353,92.65832800205413,238.90628363791325,120.8280363494484,327.5510918793196,61.815260705295444,0.0,33.29620022704918,0.0,9.361575689060153,0.0,97.03440449057986,163.973819055034,0.0,51.157123323592316,0.0,0.0,0.0,537.39131135603,0.0,0.0,0.0,8.57853950368697,0.0,74.22310415733675,0.0
1196,Mic,012_01212,119.36444875353449,11.11107512230354,40.34736454412582,0.0,0.0,311.314658948661,155.8604591392577,824.694745075373,406.4893815459839,523.4246229028325,83.18349897379264,0.0,29.87066522426634,17.43133561938329,0.0,211.16088724325783,229.49925371846092,283.70073455553506,0.0,122.38411944628943,99.43427378682246,0.0,0.0,2453.9891030411054,0.0,0.0,149.15110473066954,161.6154479336582,0.0,321.8370812638429,131.23280221236465
1197,Mic,012_01213,90.42761269207158,27.272638936563233,0.0,10.821784046333486,0.0,42.45199894754469,147.92574485580462,49.557927670168795,297.9936702533467,172.80525827892558,0.0,11.074259885434374,0.0,0.0,20.614378790051653,124.55367344792586,77.69880690154788,77.37292760605501,0.0,56.32450951789457,0.0,0.0,0.0,223.0899184582823,0.0,197.81774780751232,112.64558958679937,47.225293227367665,32.97842423359532,95.34045197314467,26.843073179801863
1198,Mic,012_01214,63.945240403679186,0.0,17.50787425754031,38.262736449536256,0.0,75.04906956798078,45.08820425099955,276.31267639177906,512.6992499527845,92.97674222616104,0.0,0.0,0.0,0.0,36.4432767895556,7.103003266903607,203.17891135081103,319.1633263749769,0.0,165.9561441152251,0.0,0.0,0.0,240.06415138445595,0.0,349.7135184454236,232.3315285227737,0.0,43.72585713115094,385.25325491189074,47.45471865714972
1199,Mic,012_01215,25.184586989756724,71.20856056403763,103.43113407531506,47.092598707121546,7.578148519783672,295.5778739908166,506.0977511004504,318.5112727487975,229.24929059286114,55.58170084728748,118.46792820882995,77.10605564188153,31.905809448337237,235.8402243360957,152.50109671937113,255.27100971518192,183.14718769650574,172.09099502709378,139.1135584311404,163.40297266729854,141.6118888216724,0.0,1730.7029280595477,0.0,293.6098267881242,172.16665523467006,98.03879884917046,205.50786942898455,64.5797274552383,181.76051000971256,46.72464606242434
1200,Mic,012_01216,12.620029824162236,118.94234602289691,11.51766177294869,56.63559227772767,0.0,222.1716949325246,324.79397176755276,0.0,162.4524964486857,163.8356691209886,0.0,328.42254426759564,127.90434624663824,298.5596162474107,143.84659032353224,0.0,146.84047647913675,89.98437395594063,185.89330128096586,240.1855736269689,212.88571392244808,0.0,0.0,0.0,0.0,0.0,212.88527723672658,131.81473915797423,14.382660789101042,55.44026282138809,93.6551275700576
1201,Mic,012_01217,0.0,3.2142753032378097,42.01889821809674,22.957641869721748,21.550359853134818,300.1962782719231,18.03528170039982,62.00186884888701,233.30167704273495,810.2258965422604,96.25519166967433,101.8040890896717,86.41156725591334,40.34109100485848,43.73193214746672,45.459220908183084,200.31723654305316,279.64786691902736,75.35317748353438,181.4453842326461,115.05965966760884,746.15743400645,0.0,0.0,14.032822603844172,0.0,79.656524064951,86.82707483374597,93.28182854645533,372.411479748161,189.81887462859888
1202,Mic,012_01218,142.48740479479508,0.0,0.0,39.887622872349596,27.078986202891915,88.01566273941201,112.80706738958631,424.1663628056493,86.4226220199964,103.84836828052892,0.0,15.306830417563742,42.22554769922467,39.42584810247948,0.0,113.84639093061557,124.17571102982981,196.06542911691426,110.46539107533835,168.67863583369473,140.56153886095322,170.15341136156394,0.0,33.5168099664162,329.14683384932925,0.0,45.41209632556834,19.582425254489625,5.697842930411756,75.30255593391232,92.75616910298027
1203,Mic,012_01219,0.0,8.333306341727654,12.104209363237745,0.0,39.90807380210151,0.0,383.416729482574,489.22569623115356,463.3978949624215,151.51765399818836,124.77524846068896,0.0,0.0,78.44101028722481,37.79302778176136,0.0,86.06222014442284,110.32806343826361,0.0,68.8410671885378,0.0,0.0,0.0,0.0,0.0,0.0,223.72665709600432,103.89564510020885,15.115111107064521,91.55710070436909,0.0
1204,Mic,012_01220,58.86465965927727,32.8766058413365,125.35318189873608,150.0225404779382,307.0188253049344,0.0,1056.0933905293484,0.0,611.0036555928453,40.75692809913909,123.0659984817754,180.22220197117858,243.05719374266033,489.98768069828105,223.651890434533,181.62930728155342,544.4238319197499,886.0790065570135,1637.8133553498797,1007.1542432514848,1323.9741660382385,0.0,0.0,0.0,71.76603340778755,0.0,33.94798590287105,119.55115326599376,29.81610958105878,262.69932755026946,48.538159722381444
1205,Mic,012_01221,311.1037216381713,32.57907999661852,11.830358472666754,0.0,0.0,304.27134087289943,347.32198604932876,0.0,231.22440331632902,252.4255445054146,0.0,19.843470201954805,54.74035934763741,12.777721132760602,9.234495476086487,46.7962568172473,104.41875859619783,130.9388005640931,0.0,89.71143597420311,36.444236093812755,0.0,0.0,86.90105027491619,0.0,177.23038038863095,134.56305724395943,67.69670992954785,44.31942080261452,105.75579546600923,24.049450179188998
1206,Mic,012_01222,237.5643662997174,17.560918729884616,0.0,0.0,8.409896528052611,82.00483699135461,502.5245320618721,110.45932096090156,375.191682041975,130.6209842006555,131.47050569516495,21.39222885186347,94.42044422109555,0.0,79.6418926913215,93.13596478749704,137.5837410012775,166.06872266665468,0.0,72.5349781108496,314.3093142139558,0.0,0.0,0.0,0.0,382.1259908867067,308.26427199119246,127.71562226952504,334.4494828372911,175.39985589484456,362.9707261190769
1207,Mic,012_01223,160.85476516519083,727.6981777426519,683.6871710067505,744.0294819620341,569.7592465983879,161.81703128240562,367.2639182626873,474.6797343539064,151.00015391829248,276.8419789921201,0.0,572.213522550915,465.79069408535105,573.8358399621579,454.00137758796114,238.23548925144075,329.7628775262753,291.28631569338353,541.5757782773808,524.8119004490883,361.7918710403957,0.0,0.0,127.34953913014989,1067.3950198774305,0.0,178.90770110844608,124.00806409821719,45.39383100389003,130.7526198488841,56.84415496899218
1208,Mic,012_01224,241.64734368686197,79.21734732674112,137.4375263640002,27.940840960704545,88.5198155336589,287.71868235353026,81.48948797637865,376.4799350109946,149.41317277285336,287.34132560847814,0.0,32.16679888483139,59.15706315808248,0.0,29.938731054500444,89.47352770437011,227.25476223955175,149.82728279705518,51.586527372590766,248.4337779224494,118.15417374179883,1668.6682957731855,231.04249357469757,225.39030350032056,0.0,0.0,136.3314592798672,182.8969791495119,79.82552565100089,167.0372710783422,51.97974072959186
1209,Mic,012_01225,0.0,16.861772082559,0.0,0.0,0.0,0.0,30.748676997402978,81.31392635919609,264.02199305735206,188.1309257222556,0.0,10.27027380475881,33.9979936744577,0.0,9.55889227267032,197.48677935522159,81.06514865255173,79.72854366900282,0.0,87.05896084733119,0.0,0.0,0.0,0.0,0.0,183.45627197136974,26.1168931360495,52.556110870363256,0.0,92.62919790231253,24.894278639816246
1210,Mic,012_01226,0.0,0.0,0.0,0.0,0.0,0.0,0.0,188.7013399748735,121.57159349621422,700.9015952433679,259.14859295681555,0.0,0.0,0.0,0.0,436.01512361454445,55.47246550423011,196.4082008461396,0.0,35.744400270971546,154.88800339870423,0.0,0.0,0.0,0.0,0.0,0.0,53.94581572510844,0.0,17.28700502809766,153.31524489232984
1211,Mic,012_01227,0.0,0.0,0.0,0.0,0.0,0.0,0.0,0.0,0.0,0.0,0.0,0.0,0.0,0.0,0.0,102.64985366363922,117.17481363378593,0.0,0.0,0.0,0.0,0.0,0.0,0.0,0.0,0.0,0.0,80.43533814209718,0.0,96.65852273775036,0.0
1212,Mic,012_01228,42.1286289718357,0.0,0.0,0.0,0.0,0.0,44.55775478922309,273.80194427726747,247.9107004628683,0.0,0.0,0.0,0.0,0.0,0.0,405.56755908280985,43.9912362604352,33.37655700653353,0.0,48.593694486026685,78.96251153659429,0.0,0.0,0.0,0.0,0.0,18.22208066845284,0.0,0.0,70.50386364400613,0.0
1213,Mic,012_01229,0.0,0.0,0.0,11.073453442759845,0.0,0.0,0.0,128.72649548673542,57.17320417651419,784.1759344345985,0.0,0.0,37.511998188613546,0.0,0.0,135.67286860194176,129.19685333629474,105.5630640206642,0.0,76.84584244301895,0.0,0.0,0.0,0.0,0.0,0.0,0.0,231.95306813069882,0.0,195.11534357294724,659.2159366946689
1214,Mic,012_01230,225.70732127941065,0.0,42.25469450439358,34.62970894826716,55.726183054570846,373.57759073839327,104.05811017442808,88.44184014983969,232.00935755439136,183.32383921764279,0.0,79.73467117512749,39.10341629358503,79.86721047426525,49.47450909612397,273.2145094986761,125.61307115750242,96.28630990975734,170.49607834658283,115.15233056991778,130.16850386638578,0.0,0.0,0.0,0.0,0.0,127.66500153170597,90.67256299654592,26.382739386876256,112.59253375876132,0.0
1215,Mic,012_01231,0.0,260.24012093684433,882.003111191107,68.84219248751904,166.17144946995523,0.0,790.9448842103055,1164.0371815317499,685.4880211593767,0.0,0.0,264.1811394356634,524.7160228551846,748.4973511744824,196.70587953880613,479.2387746344602,532.8921184181462,615.2546050601965,762.6104709176974,627.0342987293322,1164.4592062745955,6208.988768117928,0.0,0.0,0.0,0.0,44.78680067908891,180.25268547506116,0.0,563.1814650117599,0.0
1216,Mic,012_01232,133.24403581789895,293.0223067137724,30.40127002859712,121.8079878703583,93.55194975004262,0.0,414.95128749447036,0.0,0.0,518.9399566111314,0.0,67.9908048780157,75.02399637722709,0.0,0.0,0.0,183.85706051703485,26.39076600516605,163.5572844603847,96.05730305377368,0.0,0.0,0.0,0.0,0.0,607.2544816416657,86.44894084568324,0.0,0.0,27.873620510421034,0.0
1217,Mic,012_01233,371.6918277641706,102.53131347037063,107.55892370877085,0.0,54.557873045910924,106.39868090650441,1144.2130618025813,0.0,440.11994607490215,84.73829671245056,0.0,55.51147993205079,153.13442298516287,214.47162306380454,25.83320886348245,50.35040290463316,210.96701367572183,646.4067369619786,0.0,156.8530644802127,203.90319434766124,0.0,0.0,0.0,0.0,0.0,282.32692073653516,71.01727639761111,41.3273923939992,329.98485547305404,67.27757581773125
1218,Mic,012_01234,24.0735022696204,0.0,0.0,0.0,9.658424584038013,188.3584491117949,104.67536045722248,29.600210192137016,286.2778326773598,470.8738093694654,0.0,12.2840529821625,13.554755647986406,0.0,45.73273950061879,245.12324999510486,55.66238057442822,38.144636578895465,0.0,48.593694486026685,45.121435163768176,0.0,0.0,387.33039551105503,22.012270751128113,438.8561800099433,62.47570514898116,83.81497419848782,9.145277308476013,70.50386364400613,89.3265292369877
1219,Mic,012_01235,189.2429529213212,110.7057917652749,8.93340281022558,29.28537459463367,3.9271726383844774,229.76298291427375,310.58480559230674,209.76367632742202,364.8070899749724,525.2444663345772,184.17849886680284,0.0,22.045775700825274,0.0,18.595202735445227,115.97796678169716,160.61883203452098,31.019670293088115,48.06125215350712,146.7773095409371,146.773142172804,0.0,0.0,0.0,0.0,0.0,228.6269255622739,76.67924604206758,89.24457400799827,65.52523090376881,48.4275944382758
1220,Mic,012_01236,596.2821331398283,1759.2703198174001,1023.3260078856744,1758.123685065871,358.8476210838739,456.4070113093492,127.96073170238425,771.8824042411114,467.2163201030978,659.6720896408167,609.761395192507,1349.355973732927,1160.495618169913,1098.8840174174118,997.3255114173405,640.7487471900015,591.7062987117877,708.6099795233273,381.88035647764025,560.6964748387694,291.55388875050204,0.0,0.0,0.0,106.67485056315931,2481.225325440833,5836.672607956741,3300.214609065458,3279.6371393934746,3457.4010056195316,1539.1648114680959
1221,Mic,012_01237,331.89139409519345,0.0,0.0,69.68173142029367,0.0,205.01209247838656,0.0,0.0,0.0,0.0,0.0,0.0,0.0,0.0,0.0,252.24323796613783,62.53806409148977,0.0,0.0,30.222907546187333,0.0,0.0,0.0,0.0,0.0,0.0,90.66596235035072,91.22544447823218,119.44624387046109,153.47487390798898,648.1620109269229
1222,Mic,012_01238,79.20958811294452,0.0,15.060536995733598,0.0,27.806915939528796,0.0,139.6279873579341,212.18030854317576,432.1300573736401,209.0905539463898,62.100123657854404,20.2092484545254,33.4496389377729,13.013255162857572,0.0,172.30511150682298,62.03372486494549,31.377039766510784,48.61495321518346,97.07542193406714,111.34805774284725,417.2063071864021,0.0,380.5625256970178,0.0,180.49729984279924,94.21739405531838,94.7987913817574,22.56818432575532,124.27524351996473,0.0
1223,Mic,012_01239,120.14206731218941,203.74526840719147,254.42496098036864,343.15982961256185,240.07241269615986,287.4843837522651,447.4159786001468,153.66558629875692,382.66672046202507,242.28467029618514,43.89487567998178,264.26719192407893,252.1979291898969,156.37100422078692,222.69572396484133,277.2716324122893,256.3016629124146,277.231988165018,171.8150626660393,250.24961232054784,354.17387096381225,0.0,0.0,344.06588472039294,511.94662268096,574.1225188810863,196.76285803231647,140.10683085174745,63.808416921028076,247.4237788060623,121.18729455115759
1224,Mic,012_01240,183.10752551057658,25.979297296272602,56.60277698107877,82.46868832010013,31.99228679228262,138.64735326373355,135.35757812258836,438.8765185394996,165.10341494743597,214.70917792433065,55.57000756187384,27.12622833792997,19.95483614981916,11.644851011711724,33.663068044785376,78.73349600592533,108.37782034824154,28.07759847147563,43.50286535131881,107.3069006072878,199.27858581606478,0.0,0.0,0.0,0.0,1453.6545426514926,145.62636014623342,107.96578377423765,47.121748440992896,37.06904170973519,65.75169265485486
1225,Mic,012_01241,97.6618217074373,89.99970849065868,65.36273056148383,81.16338034750113,62.6919559363922,382.06799052790217,346.6053228604111,288.19841014344314,514.8372785180588,199.47737423067278,0.0,59.80100338134562,186.96320915370342,38.50740505009218,185.52940911046488,209.73231464457194,276.80199958676434,263.067953860587,191.80808813990566,174.60597950547316,183.04945856210497,917.9997521412688,0.0,384.1026422151296,0.0,534.1079190802833,278.79783422732845,161.51050283759741,22.26043635767684,106.23650362721834,241.58765861821675
1226,Mic,012_01242,125.4338275037142,142.37242021121148,96.01305054229262,40.352415088023164,107.1430320381844,189.9547071551152,156.91714021816796,456.29476558895965,273.82227085023015,210.11693158454472,0.0,136.26970638687044,13.669626458562561,111.67872651062517,126.83083899641949,184.27678531989469,121.32207772551017,173.10553294914,119.20276664061934,105.01179740624413,409.5343818677603,590.1810212480397,0.0,282.1092852427505,44.397630837021104,0.0,157.51290069340592,52.828294118750264,18.445559317095686,259.0120753362429,30.027844574015642
1227,Mic,012_01243,0.0,60.67396078021933,0.0,36.11314451416905,4.842777495086476,94.44377293948143,113.48042418229102,76.32863189994885,260.445511160429,259.0812592369431,0.0,0.0,13.592830804300974,0.0,11.465300563006256,281.5662418610778,64.8217574431453,38.25178443445416,0.0,90.49893102313398,45.24818076816078,0.0,0.0,0.0,0.0,0.0,31.325599351385225,10.50630118990876,9.170966289679596,70.7019082048039,0.0
1228,Mic,012_01244,31.026138304167805,0.0,0.0,0.0,0.0,0.0,47.399585118740326,32.69914916532104,163.55841339201868,0.0,0.0,31.663587831278065,0.0,40.777998127654776,0.0,22.97577952038134,57.853353514239174,147.48341435377995,0.0,17.893706994854593,116.305793165814,0.0,0.0,0.0,0.0,0.0,53.679486734503676,81.01609870630004,23.573025264447192,116.82770185053724,38.37493494296584
1229,Mic,012_01245,3.468216428674125,74.0917697017529,85.46216586731539,38.04656279727899,16.69761538257419,366.3412209420079,264.1098879516177,420.3516532127933,267.8696127882686,403.42450864232586,65.25775706418598,0.0,105.4514041089112,0.0,0.0,373.69020577065754,142.79272261083497,65.94496493300572,0.0,162.0182017124909,156.01309785438485,0.0,0.0,0.0,665.9644625553167,0.0,135.01105773720508,72.45023193428608,7.905239707326722,182.8320531785244,334.5959823961743
1230,Mic,012_01246,0.0,129.72930953608454,47.108274278546894,0.0,0.0,151.4503746236729,282.0653065936404,0.0,0.0,335.05132333751726,242.80588889647578,0.0,87.19004984380445,50.880655321443115,0.0,71.66994287326162,115.4982264752739,0.0,380.1601746917049,178.61466081350346,0.0,0.0,0.0,0.0,0.0,0.0,200.93537601969618,33.695884897365026,88.23956754394423,48.59050061951775,0.0
1231,Mic,012_01247,276.03028774254847,79.68724189277069,30.63877995069554,29.759906127417086,4.48965830273642,437.7862391465546,102.57566467102399,0.0,304.56216912332843,356.41084520028403,0.0,22.8406610137084,138.61855580636097,191.19996257511048,63.775734381722295,190.59725432858014,283.78275176932533,239.3724947812327,109.89005049682098,251.70015190809133,209.74417126907863,0.0,0.0,400.10691897409333,0.0,0.0,106.48528390627128,233.7652014754699,119.0314999681331,112.36553268263478,193.7734345166947
1232,Mic,012_01248,134.72818968220724,196.03896898955352,0.0,0.0,51.20877588863719,83.2227306100381,279.9932842200685,246.61957303646835,0.0,0.0,133.42303795796443,0.0,23.955682011540333,0.0,0.0,0.0,95.2002708323421,67.41403593398853,104.44994898707735,49.07482017400715,0.0,0.0,0.0,0.0,0.0,0.0,92.01248654367276,111.09633337448075,32.32538612995977,195.80528467469034,157.8691630574486
1233,Mic,012_01249,228.03954388734945,4.477597437346202,3.251877142362379,0.0,8.577257652988983,334.54709618363574,37.68566325456679,285.3990415540375,256.85275309150404,525.4804933777061,67.04341708335527,32.726917273373225,24.074864509110185,14.049136170846236,0.0,288.92614283683525,162.64563683495658,118.5615010082833,0.0,154.12179221314437,40.07052824245084,0.0,0.0,458.63002055537856,1681.1461109480979,0.0,120.21133814113664,195.38584003919874,24.364656709895044,143.11232023260948,52.884860593042475
1234,Mic,012_01250,337.7932699419751,167.34639674000024,109.67895831178691,246.17718265945018,215.01492823989386,419.32178552268635,442.00753881614804,290.9680525689659,408.54671555870635,209.144962105106,366.68644445590223,139.219267131175,175.56635886915726,179.293737799371,55.53261225075139,285.0220993449574,337.22339321896294,285.63067152530056,95.68657458226588,247.2658739833195,255.68813259468632,0.0,71.42583512626705,0.0,1550.29278290088,2131.587160048296,143.29745069885362,203.550651624899,44.41991835545492,130.45612864741273,72.31195223946624
1235,Mic,012_01251,131.7124951763139,0.0,0.0,16.419258553057702,0.0,193.229788312962,92.87133565263356,173.51847354011358,371.39112598077196,740.9640759786015,309.7868237644691,16.802325343417674,55.62123869346146,0.0,78.19247127260971,219.45830783260794,181.74376097086204,117.39340740229034,161.67731567348372,218.39235108087857,123.43565021812444,0.0,0.0,0.0,0.0,0.0,170.91054971790248,171.9652056831043,62.54528733957733,289.30895771161136,81.4548427525022
1236,Mic,012_01252,173.03839550847948,0.0,0.0,67.10958697189356,11.570663008394531,112.82544686729996,0.0,40.526462276482896,0.0,0.0,361.76447875850755,0.0,0.0,0.0,27.393604029733066,298.9935334900632,219.40787250890116,228.4838130648604,0.0,116.42918745980892,0.0,0.0,0.0,2320.083073782662,52.740809786259966,0.0,24.948352056136773,0.0,43.8236778406166,120.66097469276218,285.365288032256
1237,Mic,012_01253,214.03280466151008,0.0,0.0,0.0,0.0,0.0,0.0,0.0,0.0,598.4709844442549,0.0,0.0,0.0,0.0,0.0,822.96865437228,302.0876026948112,0.0,0.0,227.88767069309066,0.0,0.0,0.0,0.0,0.0,0.0,299.09346200632933,0.0,75.05434480749278,289.30895771161136,0.0
1238,Mic,012_01254,398.2696729142321,105.3655123793077,6.376851762095982,0.0,0.0,246.01451097406382,167.50817735395736,331.37796288270465,154.18836248300343,0.0,0.0,0.0,0.0,27.550013369171637,19.910473172830375,147.46527758020366,134.45683779670298,83.03436133332734,0.0,169.24828225864906,157.1546571069779,0.0,0.0,0.0,0.0,0.0,271.99788705105215,109.4705333738786,15.92616584939481,17.539985589484452,103.70592174830767
1239,Mic,012_01255,354.0086312842467,54.75267436694064,0.0,0.0,6.5552425408775115,383.5207205299094,437.7841763321386,378.83767112826314,112.1725222626666,378.9774435986488,614.8620608557144,16.674551006205373,55.198263494271636,0.0,62.078281375364675,278.28648540750856,190.11095909181012,297.7239647807135,160.44783038319108,226.15468460416983,61.2484880359895,0.0,0.0,0.0,59.75954873119952,1191.4194392665381,183.74508719671837,284.4291424796592,74.48358933367155,184.57000045208454,323.341657162024
1240,Mic,012_01256,0.0,13.636319468281616,49.51722012233623,0.0,32.6520603835376,254.7119936852681,225.7142830989432,0.0,383.13471889716004,157.77871408075814,204.1776792993092,0.0,18.32972638761798,0.0,15.460784092538738,66.294697157767,123.83247349934194,90.26841554039751,0.0,272.23512933649044,122.03297237473664,0.0,0.0,0.0,654.8650548460614,296.7266217112685,295.6946726653484,28.335175936420598,0.0,245.16116221665771,563.7045367758391
1241,Mic,012_01257,0.0,31.034382238158155,67.61661782222465,19.70311026366924,5.94492685603719,231.8757459755544,529.3666132200113,62.466650474440875,265.22170627105135,359.082590666553,0.0,0.0,66.74548643215374,19.47500945062133,28.149289658139494,38.405203870706394,137.04461975910948,176.09011110343556,145.50958410613532,85.45787650990898,222.18417039262394,0.0,0.0,516.551829185864,0.0,0.0,217.9109508903257,38.69217127869847,56.29075860561959,154.9869416312204,0.0
1242,Mic,012_01258,0.0,0.0,0.0,0.0,0.0,53.03151918999272,404.62751877994805,380.974314144855,222.68950144101493,136.09214004081616,0.0,0.0,106.85594436693385,0.0,12.875858045521218,95.36398076953233,129.41630928712075,118.13405981492309,66.5580116573805,78.17912993020066,50.81499165130989,0.0,0.0,0.0,0.0,247.116177071845,175.89768720967095,0.0,10.299255517747431,300.58666156111764,67.06534371735984
1243,Mic,012_01259,353.84718009941054,92.4898190022579,18.084549957722796,87.51529707034905,0.0,166.116517620827,119.75997334652845,184.97206448129893,164.49805865693284,73.49940096929727,0.0,52.000872505517926,143.4500325987494,100.45410013067526,48.39897628968648,179.23151326447677,140.6179494468231,208.5705005032787,83.39482093039378,83.2623184177572,63.66937689116695,0.0,0.0,0.0,0.0,154.8138895884879,88.15741793749515,96.09320534960027,12.904600787059037,149.22853352318296,105.03811244270294
1244,Mic,012_01260,491.5006713380831,0.0,0.0,60.68686739708582,0.0,54.93788099094019,6.601148857662681,488.40346817026085,168.71700448167422,14.584587015868397,264.22993791675304,57.325580583425,47.44164476795242,36.91341660575285,53.35486275072193,77.99376136207881,90.07729329517684,100.12967101960061,68.95061991957394,113.38528713406227,52.641674357729535,0.0,0.0,0.0,0.0,0.0,60.740268894842806,110.00715363551527,10.669490193222016,117.5064394066769,0.0
1245,Mic,012_01261,261.2504916115094,90.56574439311564,295.9821761274739,377.33314938913736,10.842948353778525,528.647534063764,0.0,0.0,291.5679307330589,327.4652556393093,0.0,193.06822894606344,578.2509909452315,426.2454898626556,256.70735851762436,110.0742141487452,245.92405391952187,107.05688096435286,132.69741946785928,93.51994033159853,405.2415686406349,0.0,0.0,0.0,0.0,0.0,187.03418648374236,94.09416914735897,143.73615090491543,395.75281951116654,133.70889282014514
1246,Mic,012_01262,328.7414326326851,51.63917700283693,32.14560519417237,58.54407762770574,63.591225796135525,68.8975064886381,302.1648835706331,68.05622097454454,505.21965493918543,103.64620444883526,0.0,17.97297915832792,59.496488930300984,46.293055251476936,0.0,156.49895722489256,55.169337277431026,69.76247571037746,0.0,91.41190888969774,198.05351254260538,0.0,0.0,0.0,32.206478107183344,0.0,76.17427164681105,45.98659701156785,13.380590160352199,139.99640137508598,0.0
1247,Mic,012_01263,337.56570220744777,114.649310179183,0.0,0.0,197.6593515191983,214.15275902200884,192.9890016348516,711.5362628351918,87.24245987626414,341.1121243456609,0.0,83.79758435602571,30.821960295102844,71.94589478573485,103.99100638038794,243.22130931766745,216.3936517051071,433.6826515498624,0.0,268.3486185948098,0.0,0.0,0.0,0.0,0.0,0.0,94.70839379272303,47.64641049181552,62.38593628903063,320.6354053619133,67.70609540892698
1248,Mic,012_01264,9.678198547583877,0.0,0.0,0.0,46.59537265542663,113.5877809677547,402.62547796027707,0.0,135.26208825930144,422.16466740527176,182.10441667235685,59.2622556031353,32.69626869142667,0.0,0.0,0.0,138.59787177032868,161.01933582881716,0.0,66.98049780506382,108.84021860449485,0.0,0.0,0.0,0.0,529.2961360255059,100.46768800984809,50.54382734604755,0.0,109.32862639391493,0.0
1249,Mic,012_01265,144.30627386621333,120.89513080834746,9.755631427087136,0.0,0.0,62.727580534431695,162.0483519946372,0.0,263.40511924179754,255.3391129793079,0.0,0.0,162.50533543649374,0.0,76.15013060504155,178.10515654325462,124.37607522673152,114.3271616865589,78.72720035593143,9.24730753278866,0.0,0.0,0.0,0.0,29.32231588862961,0.0,97.09377311399498,41.86839429411401,60.911641774737625,214.66848034891422,0.0
1250,Mic,012_01266,0.0,341.1279273436256,384.79672024099347,311.03901888010114,437.9589260475785,67.78625638398265,297.2912564162681,140.00421998135778,46.73316631709311,101.97449147385403,0.0,459.76040234045286,624.3932601717609,409.91753763001356,740.6214315296783,121.89670122557158,271.3975462841365,274.5490979569694,595.5331768859975,619.5696046968402,519.6242694666206,3257.4184753399863,0.0,0.0,0.0,315.8702747248987,74.94565436218507,180.97951081971866,39.49432257007181,57.99511364265021,0.0
1251,Mic,012_01267,69.92355282011783,69.23054499281436,139.23421894753952,46.48884744164562,43.35575355068543,198.94664595535733,100.10114931937888,283.6102979504016,275.8740006260246,220.06329520984863,0.0,19.461865005763368,114.53367494274904,33.41865527029696,90.56909024623285,68.256078730482,128.01338193283868,105.75826199407517,218.47962702326535,106.3166777290436,0.0,1442.2766968960966,0.0,0.0,848.6121124928252,0.0,164.96913267889258,71.9277543001446,48.29680472079788,170.21051104588466,125.79712401421938
1252,Mic,012_01268,0.0,57.85695545828056,0.0,0.0,6.157245672324234,240.1570226175385,292.1715635464771,296.5306771033727,368.76716693851654,69.06843708229106,96.25519166967433,46.98650265677156,51.84694035354801,0.0,0.0,159.1072731786408,89.28425400204655,121.58602909522929,75.35317748353438,26.552983058436013,57.52982983380442,497.43828933763336,0.0,1015.1284115685568,0.0,0.0,13.276087344158498,0.0,0.0,173.36396471035084,113.89132477715934
1253,Mic,012_01269,0.0,40.54040923002643,0.0,0.0,23.297686327713315,454.3511238710188,259.3181044489921,442.0031386798839,85.42868732166407,663.4016202082842,242.80588889647578,0.0,65.39253738285333,0.0,18.385797299235254,0.0,207.896807655493,61.340699363358915,0.0,279.0854075210992,72.56014573632989,0.0,0.0,0.0,0.0,0.0,50.233844004924045,151.63148203814265,14.70659459065737,251.05091986750833,191.52895458020785
1254,Mic,012_01270,0.0,145.77417572430628,9.206018388941382,95.5670224936774,0.0,118.38726467061757,273.83146018353534,265.77653517587817,200.3362878740432,319.5257056786379,284.69845423424806,61.766294572281865,51.116701757019165,0.0,43.11598944116437,459.3942394594557,185.081841087666,191.79767969951664,222.87559537383407,191.9793141314153,0.0,0.0,0.0,0.0,802.4402784733428,0.0,209.425603175458,131.6987050566028,45.983999987689245,354.50534254803085,262.00351709299565
1255,Mic,012_01271,379.04031080509554,45.12520202874251,7.282755494315746,31.83232298865783,0.0,234.13637302545536,458.5683881928957,504.6052545289096,340.44561372756004,215.47813240157654,75.07368709612483,48.86247258642911,40.4377250668341,15.731901784624474,34.108470755684344,79.77523446282825,158.91462107928004,312.9400860278325,235.08512195420195,179.48534509323505,403.830560393279,0.0,0.0,0.0,0.0,0.0,82.83686810839843,83.3480384090812,18.188657376746164,100.15869208479981,0.0
1256,Mic,012_01272,299.30190135214616,0.0,0.0,0.0,12.865886479483471,250.91032213772678,211.03971422557404,0.0,149.39394822669112,233.13571185067244,0.0,0.0,0.0,0.0,0.0,23.74735420576728,124.37607522673152,127.0301796517321,0.0,36.98923013115464,120.21158472735252,0.0,0.0,0.0,3225.4547477492574,0.0,55.48215606513999,279.12262862742676,0.0,187.83492030529996,0.0
1257,Mic,012_01273,283.3832236594704,0.0,0.0,35.96880740579906,0.0,181.4135782362701,181.65031928460252,48.8722894898953,602.6102727977815,85.61887053919865,96.94767506298135,63.09938006664766,104.43987984887367,0.0,29.36436690956998,297.61072680896837,232.88680162127616,122.46074872900793,303.5811466962536,258.5254465641492,521.4934215150618,0.0,0.0,0.0,169.6053379457425,0.0,147.08758640290708,417.07748176918375,0.0,161.67702544263997,76.47379121727725
1258,Mic,012_01274,333.1100895447474,0.0,50.66878338099521,110.73453442759846,0.0,912.2243494774718,916.0245403179816,1497.9083111183757,1519.1737109759483,668.8559440765692,208.92599742254893,67.9908048780157,112.53599456584061,43.78102899752082,221.4847209535782,222.01014862135924,1490.7329231110932,1213.9752362376382,2944.0311202869243,1191.110557866794,5868.934578394311,0.0,0.0,2977.5398621327877,7797.462978632172,0.0,1037.3872901481989,28.994133516337353,278.39925573942094,766.5245640365783,82.40199208683362
1259,Mic,012_01275,226.29956532088406,0.0,16.42869349839809,0.0,21.666430013923698,211.2691940441542,242.97442348258573,433.64042220437716,363.18695076786446,456.7044286010352,241.93405446596782,0.0,52.12618778812726,10.139591994039831,29.31164811799086,274.22438465259455,94.36847911830728,140.57702466306583,37.87951471344636,115.68265509599891,28.919842645359495,0.0,0.0,565.465290155128,0.0,140.6388296800267,73.4117576660829,87.29472514703366,23.446061035015703,145.24808533482414,57.2523715217318
1260,Mic,012_01276,91.9872816082284,33.02741595987474,0.0,8.736853175021528,0.0,205.63904077342744,311.94970427358226,115.4136635931948,302.8756111159507,309.3538089971352,164.84069521412115,0.0,0.0,17.27141510911372,24.96420183749374,145.96997539324843,164.66444398401433,104.1103613047835,129.045196913698,166.73432786948607,98.52203274290665,0.0,0.0,0.0,0.0,0.0,125.04693889910756,34.31415801474788,19.968587150617346,137.4501928839569,65.01441577493294
1261,Mic,012_01277,66.18786968797883,34.123112223946414,12.391038969001672,15.232558586545238,20.426881377378972,199.18236473018595,247.70732875715018,395.28906288575394,182.26136212939545,364.85659982588317,127.73200790288537,0.0,57.334689174539655,26.766600666730742,9.672149290119021,152.69773847713157,153.41831955145682,181.51468798576883,49.99736894642091,167.37188373326964,57.257176611843256,1600.7611301433797,37.32084513114191,0.0,9.310877557053006,92.81496224143943,70.4702266609361,84.199788209174,30.94657819076717,227.92629378278525,151.13540728722563
1262,Mic,012_01278,441.99998181206365,138.28380305863047,15.064393727358627,12.803237463267788,33.111948557953625,193.72461491555603,280.6206699401519,326.6635232343521,387.1819166319892,186.66777440540397,276.07122834836173,78.61164763744965,61.95963849335655,14.462875136184856,88.84506915149021,224.0947509558321,1109.6702844812614,2571.8325232435186,1458.8220788105505,2373.5624292611346,680.6346064844467,606.3524346343495,0.0,19.672350433553373,50.3097353274823,0.0,176.1078935793624,138.88227078696292,75.24654543440059,126.60905091001104,27.22114463303851
1263,Mic,012_01279,191.8357212110376,40.17844129047262,81.70341320185477,6.377122741589376,0.0,600.3925565438462,311.10860933189696,0.0,385.7003531754892,265.64783493188867,0.0,39.15541888064297,86.41156725591334,0.0,0.0,0.0,174.56216327323202,197.5772972797476,282.5744155632539,165.9561441152251,287.6491491690221,0.0,0.0,0.0,0.0,0.0,265.52174688316995,33.39502878220999,87.45171426230188,224.73106536526956,47.45471865714972
1264,Mic,012_01280,0.0,16.071376516189048,9.337532937354831,0.0,49.25796537859387,180.1177669631539,416.6150072792359,466.3618830807588,52.68102384835951,286.8996617264398,48.127595834837166,0.0,51.84694035354801,0.0,0.0,196.0428901665395,129.3477013106572,79.03091891189904,0.0,84.08444635171404,230.11931933521768,2238.4723020193496,0.0,0.0,14.032822603844172,0.0,79.656524064951,66.79005756441998,23.320457136613832,138.04908301009417,265.74642448003846
1265,Mic,012_01281,179.48659124610097,84.02921185860023,12.847711166876426,0.0,0.0,247.82788574782842,12.407564806171868,567.4949388924942,225.22108475711434,255.85737418501319,66.21978788085704,0.0,107.00597026285091,55.50616944157431,10.028616708673777,379.1991522930751,223.64656581121216,100.37568986731459,51.84002382159613,140.05013177422435,79.1565226214508,0.0,1470.459637648628,915.4289015937977,19.308060585141856,192.47132219109307,237.46908075055003,101.0876546920951,104.28312527920681,176.69272952551907,104.47033886193157
1266,Mic,012_01282,133.64249286280895,0.0,14.07331519266398,22.213135674052943,37.12023706760064,482.6121985615606,357.59907830840604,740.3593243033315,364.230045267366,256.2421221161185,64.47716188399238,20.98280820398092,23.153338594885874,6.7556850965074,19.529411485312092,346.3818626616342,235.39671433001845,248.40782020891342,75.71371900259435,195.65355937794956,250.48873276919628,299.8910261078555,0.0,882.1496089151301,469.99884319095315,0.0,142.28916579385185,120.79732899210885,7.81067942374626,243.01062570598532,101.72111941819654
1267,Mic,012_01283,0.0,0.0,18.283281275939533,159.82942591507918,229.06676207527917,352.6781451026789,0.0,168.90749312436233,0.0,270.47779556701397,0.0,0.0,0.0,0.0,0.0,200.27488931577162,197.23543290392928,71.42116394405078,147.54468318454286,173.3061831319833,0.0,0.0,0.0,0.0,0.0,0.0,25.995136058492168,104.6221880729376,45.66243355420891,12.572367293161935,0.0
1268,Mic,012_01284,315.122144709331,23.999922264175648,0.0,0.0,11.493525255005236,336.2198316645539,228.92784238374173,0.0,351.2068256557301,0.0,179.67635778339212,0.0,64.5206368844153,0.0,54.421960005736366,328.82169790252425,790.5853602232497,1543.3319959821106,1828.5704402671008,1040.8769358906916,2684.7253922442064,0.0,0.0,0.0,52.38920438768491,0.0,470.8585644728214,374.0243223607519,152.36031995921036,215.7418227506588,354.3285659733845
1269,Mic,012_01285,0.0,46.15369666187623,0.0,0.0,0.0,143.68368874553585,0.0,0.0,81.04772899747617,381.4430450304043,230.35430485050267,0.0,206.79691309107466,0.0,0.0,135.98912237490666,388.9921037827494,320.07262360111645,360.6647811177713,275.3642687541512,688.3911262164631,0.0,0.0,0.0,0.0,0.0,63.54366592075862,0.0,251.143384548149,122.92981353313891,0.0
1270,Mic,012_01286,9.57042350807849,0.0,2.911480203184134,0.0,0.0,187.2048060493062,184.44991886021378,188.28106972994058,272.20484482894,168.97332217493855,120.05101856351364,9.767053261986662,21.554778469181052,0.0,18.18105568120368,198.44114249451854,114.21205468824412,90.9864271180335,704.8626847012124,143.508327145816,107.62818944408845,0.0,0.0,34.21849819288459,122.51372963712504,0.0,149.02334123509763,66.64130465224977,0.0,200.20584887774572,23.67451443029295
1271,Mic,012_01287,209.88504613732027,23.13617184849837,15.122482649186487,29.377388053799894,0.0,86.4318333327902,366.08376428369405,847.9432963395344,216.68287444055323,338.4449022936865,242.49379906498936,78.91477738412362,130.61697055649626,14.518644577584025,20.985331621749236,141.11056361601817,532.256801261953,634.4977867951554,894.9400513468606,904.6671862925584,807.4880999809052,0.0,0.0,0.0,535.3395564037211,402.75490042043634,296.23763019870376,134.61029596530918,8.392966578729913,309.65514405085986,40.98916572956891
1272,Mic,012_01288,242.77515000718878,18.305025455727186,0.0,92.0035064006928,0.0,512.877709318811,729.2367461775223,0.0,267.8696127882686,332.8252196299188,0.0,29.731572302589914,16.403551750275074,0.0,0.0,221.13214238387363,136.8947623290831,300.049590445176,71.52165998437161,210.02359481248826,327.6275054942082,0.0,0.0,0.0,26.638578502212663,0.0,214.21754494303204,114.10911529650056,121.74069149283152,103.60483013449715,0.0
1273,Mic,012_01289,165.80527929751412,104.17972687021582,25.220346197357102,0.0,0.0,216.21854126337874,12.990042125046818,732.9621179731421,389.6024271743629,0.0,0.0,0.0,108.91747384025089,0.0,26.248533764824614,496.2509806536384,121.60737703964128,54.733260685955315,0.0,71.71866806780145,207.1813807519645,0.0,0.0,1494.4186401296038,1212.8690404865958,0.0,334.67692854727534,24.053011084292727,20.995909962224673,219.67280987473296,0.0
1274,Mic,012_01290,654.7992617336748,0.0,0.0,0.0,24.628982689296937,240.1570226175385,649.2701412143936,0.0,0.0,0.0,770.0415333573947,187.94601062708625,0.0,0.0,0.0,659.1587031686547,100.73095323307815,0.0,0.0,708.0795482249603,460.23863867043536,13928.272101453733,1349.9482838864474,0.0,112.26258083075338,1119.0832590253553,53.10434937663399,1389.2331973399355,2238.763885114928,436.62035556680945,11237.277378013054
1275,Mic,012_01291,85.71383288152742,38.2977482938973,39.98252135409915,13.296979333526783,68.77774421213239,134.130251993838,18.802740496161515,273.01470464449784,210.16365896951928,90.99851366815761,286.7175922075405,81.64321383623427,51.479231556714325,67.59278546026819,65.13266490048235,192.53672685181266,144.91034132901717,27.16283628723208,56.114068338802184,121.9365711371441,257.0481758531687,0.0,2052.4479670791284,66.40072272336016,31.349922838375278,1770.8897317023577,978.7583542023234,1124.0624581586426,1984.099531383714,399.2562544255322,1950.6918392683672
1276,Mic,012_01292,0.0,0.0,0.0,0.0,158.5313828276584,0.0,232.17833913158393,0.0,169.54812273035242,0.0,309.7868237644691,0.0,0.0,0.0,0.0,73.15276927753598,81.04789340592495,0.0,0.0,56.971917673272664,0.0,0.0,0.0,132.44918697073433,0.0,0.0,0.0,214.9565071038804,0.0,206.64925550829386,0.0
1277,Mic,012_01293,273.0214463202391,37.292696888394474,18.05600291753697,21.70335695480141,21.43129709151529,743.0272522973568,281.78882126370553,675.57164808684,510.8021925628228,657.5150831463322,335.0318826071538,36.343151226232145,100.25651449581106,187.21832289547578,39.46343784946352,377.98965451279304,257.64559484653466,131.66221935174,174.85267703361566,195.11307993215414,177.99284368469876,0.0,304.5463439706994,0.0,976.870523803517,216.39731528114606,369.6766862682809,418.4526258455926,229.98351375058394,355.0999154390447,469.8279327823884
1278,Mic,012_01294,242.51824508654624,38.09511470504071,13.833382129414565,0.0,36.487381761921384,266.8411362417095,42.75029736391069,503.2035732663294,89.19538429351874,0.0,142.60028395507308,69.6096335655875,25.603427335085435,0.0,0.0,0.0,81.39875008733588,36.02549010229016,0.0,144.2384264902697,0.0,0.0,0.0,304.8433668374044,0.0,0.0,0.0,19.789646685754068,138.19530155030418,133.17396466090048,224.9705180783394
1279,Mic,012_01295,329.1092895136616,122.19281570533292,3.4131974183542466,33.56730926121196,0.0,263.3575704944286,189.86489769193756,165.5447786724739,456.6605722625419,135.94510612702396,0.0,80.15104021520648,12.634589468227539,44.23827212021033,21.314083553160454,62.31355346421963,252.72399137755428,133.3319379112175,165.26545453307799,155.2968199762315,126.17508370860499,0.0,0.0,0.0,0.0,1022.6609416680794,164.9978479326226,117.18777724096664,17.04889816775946,215.92958760944964,0.0
1280,Mic,012_01296,0.0,0.0,0.0,112.77438111442264,90.73835727635714,442.3945153480973,0.0,0.0,0.0,1800.8126915382768,0.0,0.0,0.0,0.0,0.0,1088.628711222279,236.16347887181,268.76911694734895,0.0,847.8320906377814,847.8080186034337,0.0,0.0,0.0,0.0,0.0,195.6476029665463,196.8549065056589,0.0,94.6236064695872,0.0
1281,Mic,012_01297,248.32603911539334,31.658188916312096,0.0,32.302209665940154,0.0,253.43203391800546,439.00957063686803,565.1557719850483,322.9690909296412,396.2023990340932,270.8688810804906,11.018610338271388,85.10888031235686,0.0,10.255394473442783,383.7763373153145,199.71326497558664,136.86065586598676,53.012285666808104,49.814641583665555,121.41974135777818,909.8871222055204,0.0,0.0,0.0,196.82368877330373,140.09941418458718,122.16874850979335,24.609527631602536,108.41297625661247,213.66546691862388
1282,Mic,012_01299,572.9493540169656,0.0,19.36673498118039,121.68494949877208,12.770583616672484,560.3663861075898,789.2773650812011,0.0,327.7930372786814,688.7166090826744,99.82019876855117,162.42247831970417,125.4567939419186,0.0,75.58605556352272,276.96451257022653,185.1821564486891,264.7873522518327,0.0,146.86094333554732,59.660564272093474,0.0,0.0,0.0,0.0,0.0,206.51691424246553,207.7912902004177,12.092088885651616,392.8631957496564,0.0
1283,Mic,012_01300,25.808529460223667,113.51314584407399,122.48151312422193,113.24850764163043,77.65895442571106,514.931273720488,222.0126929317686,293.76208601493823,499.28321701328105,268.0410586700138,48.56117777929516,110.62287712585257,61.03303489066312,132.2897038357521,88.25182703632923,212.14303090485436,128.20303138755403,165.6198882810691,152.06406987668197,165.21856125249073,145.12029147265977,0.0,0.0,0.0,14.159244429104028,141.14563627346826,227.726759488989,26.956707917892025,88.23956754394423,194.362002478071,114.91737274812473
1284,Mic,012_01301,55.872720693143805,0.0,0.0,15.196547809744892,6.113577263300657,119.22689066118932,0.0,246.24855713033136,198.02086978461372,669.960071643827,95.57253073584685,0.0,0.0,0.0,28.94785106688104,299.0313999456724,118.20137645661009,84.5066017824998,0.0,35.152885372870365,57.121816856259706,0.0,0.0,1716.20329500377,0.0,0.0,13.181930696327585,39.789821527739555,0.0,121.13163806922333,75.38905659008182
1285,Mic,012_01302,0.0,0.0,5.3357331070599034,52.47460998793542,0.0,343.0814608821978,300.93155751524273,141.7185573688846,30.103442199062577,485.75604101831067,0.0,0.0,0.0,0.0,0.0,142.87183714000398,188.37996448783446,222.32873891699072,0.0,161.84675387999093,197.24513085875802,3581.5556832309594,1542.7980387273683,0.0,0.0,0.0,75.86335625233427,137.3966898468068,53.3039020265459,7.338157236416966,86.77434268735948
1286,Mic,012_01303,140.2839913185869,0.0,20.215277493242418,0.0,0.0,0.0,515.4000090052403,0.0,266.12063593501193,314.395581960627,0.0,0.0,0.0,0.0,0.0,147.62530501111002,69.38823863759366,17.54849904467227,0.0,76.64778614806272,0.0,0.0,0.0,0.0,0.0,0.0,76.6454527085439,134.95722971779708,84.14597935891588,0.0,219.1723088495162
1287,Mic,012_01304,125.39295626633925,0.0,0.0,0.0,11.60962146970226,56.602665263392915,0.0,81.32583002284112,124.1640292722278,180.31853037800929,90.74563524413743,0.0,0.0,0.0,0.0,53.571472450720805,73.38220651812857,57.3132797081889,0.0,25.03311534128648,54.236876610994074,0.0,0.0,0.0,0.0,0.0,87.6132363452884,138.52752680027848,76.94965654505573,151.33405075102328,0.0
1288,Mic,012_01305,112.02920329940665,0.0,43.81859032054781,87.78341025293977,0.0,93.9161540962441,0.0,362.6439159293658,250.16128643075743,286.7215737924072,0.0,0.0,54.06757280816924,94.65507386614837,11.401248604553706,142.2187916680588,166.52069719333133,76.07617462941721,0.0,159.21900455896454,134.98619290613328,0.0,0.0,622.2891968848468,21.950783961320493,0.0,72.68472400712473,52.238033849267026,27.359195523401702,35.15346273870138,29.69233793073055
1289,Mic,012_01306,0.0,22.176519545952853,2.684301049752929,2.933214566973347,0.0,138.0779596158332,261.30790077622413,551.7673678115398,149.28093000151154,158.84322285865704,110.68358795691503,54.02965397903916,129.17375967619077,23.194056429898094,41.906026698462284,209.09374709308028,127.67653023195831,97.8680152060162,0.0,71.2441434558995,99.23009663325608,0.0,0.0,0.0,0.0,0.0,83.9637556879018,30.720683561458056,6.704032852414653,129.2088260827012,174.61777378565154
1290,Mic,012_01307,349.03811221723186,82.75835263508841,6.01036602864219,6.56770342122308,7.926569141382921,115.9378729877772,225.21298895763644,839.8294119341498,264.0106482515488,403.5404352252691,0.0,50.40697603025301,22.248495477384584,12.983339633747555,0.0,142.64790009119517,147.35980619259084,70.43604444137421,97.00638940409023,68.3663012079272,111.09208519631197,0.0,0.0,0.0,0.0,0.0,153.81949474611224,223.5547673880356,37.52717240374639,157.05343418630332,24.43645282575066
1291,Mic,012_01308,123.40447624980796,99.69198478965266,84.46875949484064,210.97484220790452,190.96934269854853,0.0,12.430471079660183,0.0,262.5946419518228,338.721423986999,165.85509949236192,13.493559737329267,44.66813322767213,17.377700740554417,125.58913847477623,181.1375110033757,65.08769285829666,41.90041618050979,0.0,99.13113675149445,446.0774497882681,0.0,0.0,673.6569417311503,0.0,0.0,68.62715919441932,11.508440688023134,10.045735381925956,66.38209930789502,0.0
1292,Mic,012_01309,17.41487398227859,317.32420014943483,393.3684088502673,371.2299536380538,411.35641300208715,281.03481370137484,271.68041369963987,22.94241215499982,669.3212148514976,436.3406990796129,40.959656029648656,326.57285534493707,286.8128615302656,102.99853022517058,173.68710640128623,212.7878425489421,264.0047226901758,155.21620735561186,192.39109144732183,158.18798417791666,195.84622922146187,0.0,143.61151956238803,612.9297482156322,0.0,0.0,39.54579208898276,119.36946458321869,14.885398172306703,349.733451267532,80.7739892036591
1293,Mic,012_01310,147.21615346269252,69.9997732705123,127.0941983139963,99.19968709139029,67.04556398753056,326.8803918960941,218.82808463151784,440.30312660803816,649.7326274631006,293.3932754692193,0.0,36.54505762193343,94.09259545643899,47.06460617233488,68.02745000717044,282.85737453980585,247.50307448430567,151.30705842961868,0.0,75.72517390739158,402.70880883663096,0.0,0.0,192.0513211075648,21.828835161535377,0.0,154.88768568184915,249.34954824050124,45.345333321193564,194.76692331656696,0.0
1294,Mic,012_01311,85.41676149335494,16.51370797993737,0.0,0.0,0.0,77.1146402900353,13.898749200308119,34.62409907795844,521.9771170296171,0.0,247.26104282118177,20.11654547996336,0.0,0.0,0.0,51.08949138763695,82.33222199200716,78.08277097858762,0.0,56.84124813732479,73.89152455717999,0.0,0.0,0.0,108.14285309384499,359.33866115493066,221.67411895750885,17.15707900737394,0.0,90.71712730341156,97.52162366239942
1295,Mic,012_01312,33.97966059407186,0.0,0.0,0.0,0.0,184.06195164117915,75.56388099291604,140.49296844844596,201.87983591524628,127.58852217896552,0.0,0.0,17.660758271281562,0.0,0.0,243.88706107674864,57.317048704289654,192.58517017273545,0.0,76.88089985289258,117.57921425887037,0.0,574.7954980051783,0.0,0.0,0.0,122.1012412674431,6.825261356948028,65.53559122333084,45.9304367169894,96.98774616059796
1296,Mic,012_01313,252.60848457143342,6.976721588423152,0.0,0.0,6.682282125003044,358.37385158043537,328.8293221654293,163.83372152857234,108.22070790554473,472.8119604679197,261.15749677818616,25.496551829255882,103.15799501868725,0.0,7.9101686054849365,129.50592002912623,98.13991743814697,59.37922351162361,40.88932111509617,72.04297729033027,62.435474238237354,0.0,1220.8834608792158,0.0,15.229419880140961,0.0,115.265254460911,159.46773433985544,50.61804649807653,177.69433075393408,82.40199208683362
1297,Mic,012_01314,1284.1968279690607,235.86130501000204,171.29543181630243,108.36710645018083,130.78839083281818,463.7514919511088,759.2231689602794,0.0,450.51358325493646,0.0,0.0,0.0,166.86371608038436,38.95001890124266,112.59715863255798,76.81040774141279,229.88129766044167,0.0,291.01916821227064,376.0146566435996,111.09208519631197,0.0,0.0,4847.640243128876,0.0,0.0,153.81949474611224,335.3321510820534,0.0,433.96343656741715,0.0
1298,Mic,012_01315,0.0,0.0,6.880287427524612,0.0,18.147671455271425,176.9578061392389,26.578309874273423,389.32065931658116,66.54445117687517,0.0,0.0,0.0,0.0,59.45002884926512,0.0,100.48880411282576,26.990111871064002,197.09735242805593,222.0935757409434,39.13071187558991,0.0,0.0,3315.6624516509232,0.0,0.0,412.29383227249934,58.694280889963885,19.68549065056589,34.36698946448354,179.78485229221567,55.94661568000809
1299,Mic,012_01316,233.38991257879584,92.01248152399607,150.35516295293402,36.51055576015386,0.0,107.41847657014502,909.9462255997254,959.7844512460019,575.6201327839921,513.3029091591255,86.10688072686521,126.09796240155946,92.76129903510186,54.13181540588038,26.080811504346496,182.9987806527498,155.64585280278123,152.27387669434466,202.2257798280156,71.26040181816693,51.46438451586338,0.0,201.27024466890586,0.0,1029.372546275598,250.2742112836258,154.3928368458049,23.899317722731748,62.585252379410925,183.80559978756872,237.72843084476278
1300,Mic,012_01317,0.0,0.0,27.329364694697066,0.0,0.0,117.14976713050658,151.32041231554973,168.31896527375474,146.84605950762233,0.0,0.0,0.0,16.86079361090992,39.357161955959484,56.887066208086786,354.8036753809411,96.04059842621642,94.89641295237408,0.0,94.9862808594459,224.50665300996846,0.0,0.0,1204.5030592112078,0.0,0.0,103.6182426861151,26.06441270806633,34.12749824870317,100.2284890827683,0.0
1301,Mic,012_01318,0.0,0.0,16.904154455556164,0.0,7.431158570046488,72.46117061736075,0.0,845.9025585080536,613.0981223731493,25.648756476182353,0.0,0.0,20.857964510048046,48.68752362655332,52.77991810901156,34.290360598845,88.41588371555449,102.71923147700407,90.94349006633458,117.50458020112488,0.0,0.0,0.0,0.0,0.0,0.0,32.04572807210671,64.4869521311641,70.36344825702449,185.9843299574645,0.0
1302,Mic,012_01319,446.9298030055613,161.12479780936334,40.12034612469595,25.57373007368834,141.09698522768574,343.9589070737124,258.30582486506137,1312.7049737382506,404.20222901554604,270.1319160330408,0.0,33.64762338592337,24.75216248762735,115.55504328757414,73.07296420207567,126.14643142040575,213.12524399465502,43.53463957373939,161.88406415899968,158.4576994109566,164.7913284241968,1531.7537093670346,0.0,0.0,20.098160251030013,0.0,142.60758784006572,153.05343114506468,16.70007160678228,243.69813737819516,81.55900495551052
1303,Mic,012_01320,33.118459769766794,312.1377173086427,37.78192518004845,107.34208915322694,29.896452975447147,194.3467235055225,157.62627705782967,514.8383379661288,0.0,0.0,467.36624856951704,228.14255625253244,27.971374371856342,65.29193919861487,70.78000578780741,0.0,192.67507607378062,255.8226276916963,121.95889997335043,243.53024924500082,93.11186331482797,0.0,0.0,0.0,0.0,0.0,365.2842529375402,43.239806053266115,37.744092475444354,259.8046998442423,0.0
1304,Mic,012_01321,71.38073347387444,508.3040014422582,807.8051750455808,308.47477447688146,223.37914532153033,55.85047037617174,174.4808648224727,0.0,241.5276176436416,0.0,0.0,291.38916376292434,337.6079836975219,168.86968327615173,366.12780402530274,274.86970781692094,159.72138461904572,203.5859091827095,560.7678324356046,172.90314549679263,267.58060387816005,3701.8663392568055,0.0,0.0,0.0,0.0,98.79878953792371,24.852114442574877,0.0,143.35004833930816,35.31513946578584
1305,Mic,012_01322,0.0,455.69472653498053,579.1634353549199,343.55739731904276,196.40834296527933,0.0,0.0,0.0,0.0,0.0,0.0,444.0918394564063,857.5527687169122,786.39595123395,1136.6611899932277,0.0,194.73878185451244,560.2191720337148,267.0745531061978,282.3355160643829,815.612777390645,0.0,0.0,0.0,0.0,0.0,0.0,47.344850931740744,82.6547847879984,227.5757623952097,0.0
1306,Mic,012_01323,15.401864355294771,2196.767078212851,1314.2828618276853,1528.315179188645,398.56579513324607,90.38167517864352,564.7176377587557,0.0,0.0,0.0,0.0,1697.5768701801337,728.4588035337212,1336.0275300533772,1514.1593711273424,111.20400813560914,503.16243501566896,439.278556731151,907.4791266834247,373.0741705701404,1125.8525838443445,0.0,0.0,0.0,84.4987167543305,0.0,179.86957046924417,20.108834535524295,17.55303225336525,260.978011391926,171.44930611615382
1307,Mic,012_01324,0.0,136.36319468281616,222.82749055051303,43.28713618533394,182.85153814781057,0.0,61.210653043781214,0.0,43.90085320696626,371.90696890464415,102.0888396496546,282.3936270785765,128.30808471332588,85.57201122242707,170.06862501792614,84.37506910988527,121.40438578366857,64.4774396717125,0.0,159.58611030070125,244.0659447494733,0.0,0.0,87.29605504889308,0.0,0.0,197.1297817768989,0.0,0.0,47.67022598657233,0.0
1308,Mic,012_01325,369.2223899286661,960.874401435917,1589.2583482042685,1496.3737808564524,1957.261202017802,338.0638161160963,1.8463908139348995,532.6414422691128,113.64462183009911,380.74570856782583,0.0,1282.751565523075,893.4987648984385,1290.619913318141,1134.2053822036464,157.07116547800004,466.4059094355256,448.11231198534233,424.2921145325153,620.7022730783701,647.8679191521668,0.0,0.0,372.1652657660305,86.19795968723294,0.0,135.91606787438317,129.91704067375295,89.53009138370942,223.49853667039605,174.89709837808743
1309,Mic,012_01326,641.9332227280383,1294.3101889960944,1267.9058102227632,1160.9349333451266,928.3231936734999,337.3443127069103,293.87254998109677,35.34205698526059,680.0961607179521,422.90424557718734,90.13864102845756,1921.365571293624,1068.1510119660727,1813.325294666548,1255.8913847477622,271.3869876960094,420.19722662141453,603.4570808606029,705.6484847956397,588.4875175046911,808.1113220801959,931.6569967527581,0.0,0.0,26.28220955903925,0.0,99.4596510064048,37.52752398268413,43.67711035619981,90.19306971181389,35.5513611344533
1310,Mic,012_01327,744.2434907849243,1859.3754207760821,2423.1379288566577,1678.8268693734667,1404.105920327959,381.2802214752673,397.74303725252884,264.57095089260616,110.79308108314783,530.6383968701315,111.14001512374767,1600.4474719378682,1307.0417678131553,2154.297437166669,2103.941752799086,360.86185669382445,544.5324632131161,673.8623633154151,913.5601723776952,480.3261265278596,664.261952720216,0.0,0.0,451.4196001291214,842.5480293277161,161.5171714057214,107.30363379196146,131.10130886871713,161.5602803691185,107.50022095823205,109.5861544247581
1311,Mic,012_01328,98.78437138223542,268.96464606403737,270.4664712888986,820.9629276528851,59.449268560371905,0.0,417.92101043685113,0.0,787.1877126766362,0.0,0.0,50.40697603025301,222.48495477384583,779.0003780248531,281.4928965813949,164.593730874456,125.2558352637022,273.9179506053441,727.5479205306766,199.4017118564543,370.3069506543732,0.0,0.0,0.0,0.0,0.0,0.0,0.0,0.0,165.31940440663507,733.0935847725198
1312,Mic,012_01329,92.04005687019526,50.60224573771973,126.00044445587243,149.1580837229579,0.0,270.05608969040475,206.86250817807988,0.0,355.4382331937509,0.0,0.0,17.61207596237756,58.30178031724274,22.681737914378257,32.784313256467684,236.42446215300035,234.26658345918503,218.75719291029208,0.0,79.62340301324855,64.69217812636641,5146.188888890536,0.0,0.0,0.0,0.0,59.71573423878521,105.14739986045232,26.223807221895072,296.0312828907969,42.690188671492116
1313,Mic,012_01330,122.01699205916859,0.0,154.93387984944312,0.0,153.24700340006981,249.0517271589288,538.6537467852746,44.729206512562605,152.18962445081632,5.509732872661394,0.0,146.18023048773372,35.84479826911961,230.09363017585943,45.351633338113636,47.1428957566343,166.18911476164408,63.04460767900778,1328.448610450458,238.6490329202644,477.2845141767478,2785.6544202907467,0.0,0.0,0.0,0.0,165.21353139397243,83.11651608016709,108.82879997086454,126.51526642785547,314.9587253096752
1314,Mic,012_01331,511.5619232294335,284.20960575997475,172.00718568811533,322.2125174697789,187.95802578673977,126.39843295659922,755.5833807114873,51.07705442928907,328.76127664765704,1297.47995166733,506.6062719456544,98.91895296162433,145.53527116785406,127.39291896271097,337.57982710325183,71.77771722344697,339.7862298053593,563.1352926515883,475.9148051591645,549.6933334904296,1090.0388810615575,0.0,0.0,0.0,0.0,0.0,153.72311661657207,84.36638850242524,184.1088721311618,432.5650581466843,79.92373668572584
1315,Mic,012_01332,92.91070605680521,15.567517144330147,1.413248228356407,3.0885956629535567,39.14011303055837,72.69617981936301,22.92917976180561,213.79351815531612,250.5908161435479,70.76283948888364,203.95694667303968,0.0,57.54543289691094,18.317035915719526,4.412591351816461,51.60235886874836,95.63253152152677,132.4959106248553,0.0,83.05581727827914,17.414434976719175,0.0,272.4219960275353,0.0,246.3708530664101,0.0,68.3180278466967,28.304543313786628,3.5295827017577692,83.57566106557051,57.45868637406237
1316,Mic,012_01333,280.43454827637623,37.951684303289795,19.687569446230068,0.0,15.578573387808303,303.81310090170535,301.1674751416163,18.18808096143359,320.5291210050789,0.0,0.0,92.46339880248219,29.15089015862137,0.0,0.0,134.18685689764885,123.56918687957014,92.28819075902948,0.0,126.89979855236487,0.0,587.3367753625068,0.0,0.0,0.0,0.0,246.327403734989,90.12634273753058,9.833927708210652,97.47371509818922,64.03528300723818
1317,Mic,012_01334,77.65879798422726,0.0,86.62530556341228,34.42109624375952,0.0,405.0841345356071,194.6941253440752,145.50464769146873,425.2564575710947,8.961613708545643,324.71630924709416,26.41811394356634,87.45267047586411,68.04521374313478,24.588234942350766,297.12804027336534,231.69222539919403,164.06789468271907,381.3052354588487,358.3053135596185,97.03826718954963,0.0,0.0,0.0,0.0,0.0,67.18020101863337,112.65792842191321,19.667855416421304,54.152063943438456,0.0
1318,Mic,012_01335,0.0,20.76916349784431,5.027902350883371,38.45895561081592,13.261759909621428,323.2882996774557,357.3760435402303,296.11594888364766,149.93829864533092,246.03076404461075,207.31887436545244,0.0,37.22344435639344,43.444251851386056,0.0,410.0072039603436,96.15227354066552,157.1265606769117,162.29915150299715,190.63680144518165,185.86560407844507,0.0,0.0,0.0,0.0,0.0,57.18929932868277,28.77110172005784,100.4573538192596,228.1884663708891,40.8840653046213
1319,Mic,012_01336,120.4800043493619,16.8223754188147,89.59377397835787,97.90174726028796,102.04531768462593,261.8534514521448,91.24391738769255,206.92483386652793,147.70380518231636,125.12757832305785,83.96091485205237,95.63192648730244,75.37457579955057,35.18849059613823,178.0157570281096,89.21903168895746,149.76989648078742,106.05634936655515,0.0,61.76394813177224,150.54534909780597,0.0,0.0,0.0,24.480936629759302,0.0,34.74116314359233,34.95554414586466,91.53824296614776,84.01161322066153,99.34445774954708
1320,Mic,012_01337,186.48628558723948,0.0,65.18167036602266,63.31193325721972,42.98132713090601,93.13568744170468,30.774885117579753,447.4469446495616,61.29094187343765,0.0,0.0,12.147941591778427,67.02282224835383,46.93423330205142,79.14550970363321,57.29624795906732,152.70721190207266,37.72198132594371,233.7827113062562,130.43570625196637,133.86442399001584,0.0,0.0,0.0,0.0,0.0,164.75587618235474,0.0,36.17577838366688,64.7424675844544,88.33676160001279
1321,Mic,012_01338,0.0,3.3271611271962533,12.08183559361993,21.123482352917115,0.0,155.36960797807484,358.4387224449148,507.8542532410644,366.1379846022768,186.98464980048652,149.45353235217456,16.212225192724627,8.944635427599161,0.0,37.72317005942909,26.468862451160206,94.78967200558523,113.27053357485318,0.0,64.13289808322192,29.775142982375666,0.0,0.0,0.0,0.0,0.0,178.65049143340826,69.13573426261587,30.174343799685182,368.87465072894526,255.43094404735672
1322,Mic,012_01339,114.5898708033931,0.0,5.8100204943541165,0.0,22.987050510010473,0.0,85.28684324100183,73.80319074572832,215.40685306884777,0.0,239.56847704452275,0.0,0.0,0.0,18.140653335245453,77.78577799844662,136.7499001467243,0.0,0.0,44.05828300066419,0.0,0.0,0.0,0.0,0.0,0.0,231.29894395156137,99.73981929620051,0.0,95.88525455584836,0.0
1323,Mic,012_01340,0.0,0.0,0.0,0.0,0.0,0.0,36.25554064900887,0.0,151.28909412862217,0.0,0.0,22.489266228882112,0.0,0.0,0.0,81.59347342494398,75.60691594650622,17.458506741879077,0.0,38.12736028903633,0.0,571.4162913416916,0.0,0.0,0.0,0.0,38.12619955245517,57.54220344011568,50.2286769096298,9.219736014985418,0.0
1324,Mic,012_01341,327.0258869959849,139.72557482568013,92.52258663954329,163.06797878036758,90.53119207709605,268.66881525706367,391.99973010914675,775.48495880085,517.1881336711093,995.1483277539793,61.5329992408877,40.04937821581746,66.28832556618009,64.47206324977381,102.50711644916095,247.01585790291264,163.9125515457312,124.36196583256329,48.17098103970233,248.95947585991752,110.33118050318656,0.0,0.0,140.3114674758464,0.0,357.6978453505702,237.63590132009736,187.86609798941873,14.90805479052939,217.5478806275669,169.8835590283351
1325,Mic,012_01342,50.17868546326927,11.4649310179183,45.79554370549822,29.570352585204233,30.19795648209974,80.30728463325332,154.3912013078813,149.03800099926315,340.58114144003116,132.65471502331255,42.91632749603314,20.949396089006427,7.705490073775711,17.986473696433713,71.49381688651671,159.6139842397193,148.0050919681157,54.2103314437328,33.59695811367774,114.44279322425712,153.90145560635577,953.6874209594117,100.3146283142795,0.0,1851.9750595646574,0.0,106.54694301681343,101.24862229510799,15.596484072257658,151.72925432304825,0.0
1326,Mic,012_01343,174.77234936857036,334.2164241032417,329.41429195442777,409.21844393774575,178.34780568111574,178.36595844273418,361.66241287804417,604.6451424128574,332.57516381722974,43.405587882770135,285.9570680902792,314.0742352654226,372.2344435639344,479.3848480152943,443.89264460912284,202.57689953779197,370.6665894229015,234.78681480458067,335.7913479372354,262.9473123381816,384.5495256795415,0.0,0.0,0.0,0.0,1038.936712623009,59.161344133120096,198.42139117281266,34.640466834227446,376.7374888881973,84.58772131990612
1327,Mic,012_01344,696.8302954260391,97.29698215206342,188.43309711418758,12.86914859563982,0.0,1060.1526223657104,9.098880857859369,0.0,0.0,0.0,0.0,79.01634080418039,43.59502492190222,0.0,73.54318919694101,114.67190859721858,46.19929059010955,0.0,0.0,44.653665203375866,145.12029147265977,0.0,0.0,0.0,8566.342879607939,705.7281813673411,200.93537601969618,101.0876546920951,58.82637836262948,194.362002478071,0.0
1328,Mic,012_01345,168.5145158873428,0.0,0.0,4.942821778948167,41.758482760399644,290.8476052461539,0.0,308.19042376519127,273.4309196281635,164.72004159098427,0.0,0.0,0.0,0.0,42.370038066749764,154.15237539799108,130.86468601843748,176.69941944635397,0.0,60.02750495332709,55.73824343759598,0.0,0.0,584.7929500853184,217.5330285993837,0.0,141.48909695504557,129.420180747665,33.891321790234635,99.53486632094985,257.47058427131753
1329,Mic,012_01346,30.411324523193493,7.643287345278868,5.550974994605845,0.0,0.0,249.844885525677,216.57654627911126,830.1256399743904,420.5533963266066,435.8654922194556,0.0,27.932528118675236,20.547973530068564,23.981964928578286,0.0,185.79405572877377,148.34533355884702,72.28044192497707,0.0,47.35563857555467,171.00161734039528,0.0,0.0,16.310090964549026,800.8540798117438,0.0,157.8473229878717,95.29282098363105,0.0,129.78099740839346,0.0
1330,Mic,012_01347,94.74843403004293,175.09670912579506,0.0,5.558270405120701,20.124849668297106,65.41241861178092,0.0,522.7834788408946,180.38638516169794,167.86462409703785,0.0,17.063840134754912,0.0,0.0,95.29136965984965,24.7637779266367,152.14756643270027,92.72708833721768,82.09684706377286,144.64660031832847,188.03524148013895,2818.1717870645684,0.0,0.0,0.0,0.0,130.17797707112612,43.660426734718115,25.407501938723243,125.91935179999541,82.72262240623765
1331,Mic,012_01348,309.9002042596023,70.52788058893184,55.675238979117395,65.70500569187827,58.74033350087854,658.6930262593476,474.8778772766264,565.7825525652084,538.4772454687512,228.08604566553984,45.913890404614676,29.883522416572486,98.92431549569636,28.864153700239452,13.906804090051882,327.972402974711,183.4591931269938,208.78827483473788,359.4359402962457,185.7653329244359,164.65096102349477,0.0,0.0,52.347889910068766,26.774721152138795,0.0,215.31235352025365,31.85897124026847,50.05754002067024,245.0219452023382,90.54392656900798
1332,Mic,012_01349,0.0,42.85700404317079,46.687664686774156,68.02264257695333,61.57245672324233,200.13085218128208,0.0,1464.6818293287802,1411.0988530810582,230.22812360763686,320.85063889891444,156.62167552257188,115.21542300788445,168.08787918691033,121.47758929851867,596.6522744199029,599.0439264239875,607.9301454761464,1255.8862913922396,693.3278909702736,191.76609944601475,0.0,0.0,2377.7782613317545,93.55215069229448,0.0,265.52174688316995,222.63352521473328,136.0359999635807,395.9547342149988,126.54591641906592
1333,Mic,012_01350,305.462912083973,98.55875857766655,60.27686968206001,32.933152602098446,84.46250547626326,48.446661623134574,195.00973181527414,404.59307475880667,355.2553193232313,364.404522846049,0.0,88.46642190900313,111.56306089524259,16.275944497637425,58.813357354902415,307.2100087310931,306.6527840105759,156.97562257827875,0.0,149.982267419408,92.84352941478524,1083.756042476227,0.0,1826.4246675935553,3555.5209317866843,0.0,278.5300169033829,161.68198372943164,56.452979811975844,300.5049404307928,91.90078080001328
1334,Mic,012_01351,296.95545787464675,27.43893551544471,326.8136528074191,156.78389569566073,294.34637848184144,461.2772080763697,227.86038831236849,1155.2203983827621,729.182464242537,707.5303310868841,164.3381321189562,106.96114425931738,118.02555527636946,137.7500668458582,149.3285487962278,169.77910247720817,226.7004823316504,124.55154199999099,321.62941608825645,324.8962561215137,687.5516248430284,0.0,0.0,1042.229730400809,0.0,0.0,260.6646417572583,114.0318055977902,89.58468290284581,241.17480185541126,777.7944131123076
1335,Mic,012_01352,240.56325786112984,829.8546117689712,1090.5746482267332,1011.379466196304,1425.0205022533935,184.5333873021701,564.3004056950566,505.4130291313846,299.5474242969289,200.85425763017005,118.3378865752308,649.8682035953037,552.4269678358279,663.3474678954774,569.0111625188132,171.15820824925135,377.1505204375903,310.1711653318473,463.20284731920145,261.15776970755945,442.0513818184752,0.0,0.0,413.1949389361438,422.6790913825292,0.0,142.81630732464686,131.38066208061537,17.919121839330057,126.30329908563999,128.35173081362998
1336,Mic,012_01353,150.24895647298047,541.2569881256395,502.79023508833706,529.4349733436998,446.0773787781752,587.7969085044649,783.9672101376593,559.5060709744502,0.0,405.71669335052087,188.47170396859312,674.6779868664635,575.2714127806258,1026.8641346691247,313.97284618694056,356.0442476724829,318.2662667313404,523.7552022563724,0.0,155.97556481878496,450.5832826144123,0.0,0.0,0.0,0.0,0.0,129.97568029246082,261.555470182344,136.9873006626267,289.16444774272446,0.0
1337,Mic,012_01354,163.34082461009982,0.0,0.0,10.442072325409503,7.56152977302976,24.57747307489429,116.64924889264447,0.0,198.7091250420578,139.1932515198668,0.0,12.822827235766116,7.074631237326238,0.0,5.967320176067583,48.84872422151252,93.71566621897223,49.77205869395351,30.84632996401992,79.71070937620166,47.10044547796853,712.7039817995332,0.0,0.0,0.0,0.0,21.738622551838475,76.55468586331179,0.0,84.10987241741083,31.081453155560048
1338,Mic,012_01355,0.0,54.18042651611558,48.09297900844963,14.33253004129786,5.765982569400619,0.0,0.0,222.15007247878083,0.0,636.8440403985879,0.0,14.666912757966594,32.36821248382038,18.88880515277654,54.6039732499027,148.99677755859338,124.34407726552061,227.71965315494452,0.0,124.32834876859673,0.0,0.0,0.0,12.846242214552827,0.0,0.0,124.32456375800601,12.50917466089471,43.67711035619981,108.23168365417665,355.51361134453305
1339,Mic,012_01356,0.0,54.36224002791462,4.386760440368041,0.0,5.7853315041972655,282.0636171682499,64.39442862156179,0.0,342.9570008920048,364.4189091280406,0.0,0.0,16.23841532325888,37.90438080993413,0.0,96.10506433609174,107.55287868083391,102.81771587918718,0.0,83.16370532843493,54.054873669346435,0.0,0.0,1263.1563401705603,0.0,0.0,74.84505616841032,75.30691054243326,10.95591946015415,120.66097469276218,107.01198301209601
1340,Mic,012_01357,267.84217769085785,0.0,31.884258810479917,0.0,0.0,136.67472831892437,1198.8330340038124,0.0,539.659268690512,483.78142296539073,0.0,0.0,39.341851758789815,45.9166889486194,0.0,426.8731719426948,145.92214954680946,193.74684311109712,0.0,201.48605030791552,0.0,0.0,22535.722029107088,0.0,0.0,2547.5066059113783,60.44397490023381,0.0,0.0,204.633165210652,0.0
1341,Mic,012_01358,0.0,98.6298175240095,223.84496767631444,0.0,11.808416357882091,115.14377796731299,0.0,806.504357152884,346.39577324948715,305.67696074354313,0.0,90.11110098558929,33.144162783090046,154.73295179945714,0.0,32.69327531067961,83.41978069738104,209.86081734245056,0.0,118.82156802405156,110.33118050318656,0.0,0.0,736.6352042481936,0.0,0.0,0.0,0.0,0.0,147.76837174702655,0.0
1342,Mic,012_01359,112.96320071312411,153.31180626168984,12.371494743498515,0.0,32.6314597145259,212.12607675997089,114.69756437856795,290.492914535452,305.78259899363246,229.94878834482728,85.02035857258299,13.834091213350193,0.0,0.0,25.751716091042436,266.0153147781691,171.8810357719573,161.09189974762242,66.5580116573805,117.268694895301,0.0,0.0,0.0,0.0,4858.809492107054,247.116177071845,93.81209984515782,235.97749044842388,0.0,136.11471466918536,134.13068743471968
1343,Mic,012_01360,0.0,113.28634635187804,144.4379220799223,95.8976555490475,110.91653742592466,141.07125804107156,467.55521901903643,46.44956060919964,316.8229406264977,1004.9290404528286,113.08302238115586,42.93405370968404,115.05428255612517,47.39372929242114,131.29773567817514,260.35735611050313,182.89103778364347,157.1265606769117,88.52680991072569,121.31432819238832,135.17498478432367,1889.5697815958213,0.0,531.8344276824871,824.3056634425948,109.56059878569911,207.96108846793734,78.46664105470319,50.2286769096298,103.09341180392786,29.73386567608821
1344,Mic,012_01361,400.89750718388257,225.65524577832787,251.54170361853835,341.5014300802147,201.052919912628,196.04654907554163,108.94782414935402,198.05388452173312,439.26451372101513,563.8239761819677,235.72700000736572,115.06898609821607,338.5922635333747,148.1917628749903,107.09860934073482,78.85783218766453,278.4584792528506,516.1202867715856,61.51279794574235,361.2650756249797,328.74188476459665,0.0,8999.655225909648,0.0,893.5185004896697,0.0,368.4791589399093,152.6629887186742,76.14843146649415,104.8308176630995,0.0
1345,Mic,012_01362,71.91832895610446,22.594069077152803,5.469684565814545,0.0,0.0,211.01663075181207,29.58088044584406,258.97087661823645,551.0567348154759,112.0389195026543,0.0,0.0,80.98824713524932,0.0,17.078020922302205,33.286040413941585,187.74502504453517,242.15460188003826,88.27987320246706,93.32429192086296,336.9948191101514,0.0,0.0,0.0,0.0,0.0,62.214300524926855,78.24776618425771,136.60518824794713,150.44757513992943,88.95277806863211
1346,Mic,012_01363,199.0547540818254,46.4181877602251,46.82144023028926,114.6054837686205,83.97847965691504,433.5212729199119,677.1757346763303,233.57873601474313,247.55552753956906,176.895578332868,38.612397804453884,50.262543434177786,41.596399137517025,72.82202674229467,46.78105444619171,102.57632224984005,281.9364658737757,258.5009558414331,90.68290700024194,237.88632386640856,138.46721220743757,2175.0453568172734,0.0,0.0,506.6291255256062,112.22898013148263,356.81862260231145,166.11395405706742,70.16183379210464,190.60285200034326,167.51923606191534
1347,Mic,012_01364,620.1704546227594,229.44980626189903,226.97387755416358,178.95187508706186,136.4066733561061,258.63063974196456,350.71686260469806,534.1699470057957,437.6577365863713,343.2987405273638,355.4037846264899,86.74431259711673,202.07012650613584,235.8402243360957,53.82391648918981,195.82433621986561,271.9031325032739,553.6840709567365,185.48474457485383,168.84973842287516,354.02972205418104,0.0,0.0,0.0,34.542332563308726,0.0,343.1357959720966,172.62661032034703,57.40420218243405,288.4460267545438,93.44929212484868
1348,Mic,012_01365,0.0,0.0,0.0,0.0,0.0,150.09813913596156,739.4465497163927,0.0,0.0,106.25913397275548,0.0,0.0,216.02891813978334,0.0,0.0,383.56217641279477,137.3603907723793,182.37904364284395,188.38294370883594,44.254971764060016,287.6491491690221,0.0,0.0,0.0,0.0,0.0,0.0,0.0,0.0,321.04437909324224,94.90943731429944
1349,Mic,012_01366,110.89342335812233,34.838596835093675,8.433900717610815,4.607985464890387,16.684149563717277,54.22900510718611,107.51355026560927,180.17934397600823,173.3375623397635,81.57959317908325,0.0,28.29294783633556,31.219663008588043,0.0,39.49980968158284,10.264985366363922,47.559189063124876,142.76553093762408,0.0,63.95557209773835,103.92485389332411,1347.897300140684,0.0,0.0,0.0,0.0,155.88696107334493,24.13060144262915,73.72273546413405,98.59169319250537,102.86958366969228
1350,Mic,012_01367,82.35411659381434,273.5104077334185,131.5307514378935,120.26179724590725,42.48120217455734,276.1559192316664,522.6158015524483,561.0668178308354,73.5587191311796,342.123864618646,0.0,198.10873125647694,238.4746332483522,104.37325393454142,108.95566941600194,140.48486132816333,226.39549690615289,244.6700380150405,173.29683528040758,356.2207172794975,396.9203865330243,0.0,0.0,0.0,1629.7668305409165,1286.830852267349,129.7621678813028,115.20256335546772,46.92822996690258,173.5089950253416,87.30888689282577
1351,Mic,012_01368,0.0,158.2412456978614,105.34652544708015,245.9280154705236,44.205866365404745,307.89361874043396,362.5554064900887,464.49560609199636,266.29968099170736,239.76419973339696,0.0,112.44633114441056,141.8035975481655,144.81417283795346,164.46196705030218,110.73399964813828,157.31873814956262,112.23325762636551,0.0,154.3250297413375,236.0198147027874,0.0,1615.3227328555777,1632.08448706795,28.78527713609061,0.0,149.7814982417882,164.40629554318764,35.87762636402128,263.42102899958337,38.93720505202028
1352,Mic,012_01369,0.0,24.884712025066907,33.13318139061392,0.0,23.834499376738965,77.47000729598015,365.35990025326095,62.610582848805954,128.66793843147715,527.8679558646562,62.100123657854404,10.1046242272627,44.599518583697204,13.013255162857572,37.61886636341223,458.25827528410366,172.80823355234818,101.97537924116004,97.22990643036692,114.20637874596133,111.34805774284725,0.0,0.0,0.0,199.1755466352076,180.49729984279924,137.04348226228126,86.18071943796126,75.22728108585106,120.13273540263259,391.88412826549444
1353,Mic,012_01370,159.15259833804598,133.33290146764247,48.41683745295098,190.46339921546934,12.770583616672484,249.0517271589288,0.0,11.182301628140651,468.2757675409734,738.3042049366269,0.0,227.39146964758578,179.22399134559805,209.17602743259948,30.234422225409087,553.9290251404531,389.3573545844233,403.4854891456498,156.2880718177009,257.00665083720776,357.96338563256086,2166.620104670581,0.0,0.0,58.21022709742767,0.0,357.96265135360693,55.411010720111385,0.0,399.5218939827015,0.0
1354,Mic,012_01371,108.39582373293942,223.78305894974585,494.6368799247424,131.26531567552618,130.46704343519457,363.48089909681505,1255.645558384593,693.6049253130485,495.48638646565155,1576.081424979681,437.0506000136564,1066.7206008564353,863.1814934536641,1129.5505481360374,683.9516595315516,430.01965723956965,505.88223196169963,717.6861825512995,114.04805240751149,187.54539385417868,348.2886995343835,0.0,2894.4837077925627,0.0,0.0,0.0,703.2738160689366,384.1330878299614,352.95827017577693,563.649807186406,574.5868637406236
1355,Mic,012_01372,86.20765743310822,95.83302292986802,93.80762256509252,178.5594367645025,135.68745092714514,77.82866473716525,60.78557906431051,370.41374143215916,292.67235471310835,609.5141990381669,62.38762423034448,101.51404894981509,89.61199567279903,78.44101028722481,151.17211112704544,202.56713020428802,127.60949883483386,70.92518363888377,48.840022443031536,74.57782278758262,223.72711602035054,0.0,10062.11452341287,720.192454153368,0.0,0.0,163.49255710861854,129.86955637526108,7.557555553532261,195.5992605956976,172.2430529037286
1356,Mic,012_01373,2037.1532587269885,19219.93774656066,23516.05795089829,17967.047325992608,6455.530018227941,183800.17464328944,1256.8587424989744,1660.571791778887,1100.4480537212876,595.0511502474307,558194.5515137381,24119.738030476066,23926.402844637338,27736.74123756269,27664.496336249314,1626.4299036038838,30896.930564400518,37448.496961330624,65406.55805570783,48106.13775135022,36333.283641704926,0.0,60197.69384441787,341.42457085789295,3667.2443071379435,145356.48108896002,89339.21710129059,143957.80585084937,182469.6212844829,71454.49073880615,224644.31082712582
1357,Mic,012_01374,162.47817501973648,53.73116924815442,27.315767995843988,4.264105952585134,133.80521938662812,200.72825771018142,268.32192237251553,157.72052296407338,229.59490990628322,222.0340112863547,0.0,65.45383454674645,72.22459352733054,0.0,24.368041793613294,151.9830669169106,158.8186806741341,172.76104432635566,0.0,96.17199834100208,192.33853556376403,0.0,0.0,710.8765318608368,0.0,0.0,133.157174556336,55.82452572548535,97.45862683958018,155.63464825296282,63.46183271165096
1358,Mic,012_01375,0.0,51.757020857247795,8.353064608496334,22.81909735009617,0.0,0.0,348.49004384670326,38.58429954757797,175.04237956004437,0.0,86.10688072686521,126.09796240155946,92.76129903510186,0.0,78.2424345130395,76.24949193864575,71.67901115917556,32.63011643450243,0.0,63.34257939392616,102.92876903172676,311.4949032273998,0.0,24.543299822053008,0.0,0.0,118.76372065061915,143.3959063363905,31.292626189705462,28.719624966807615,101.88361321918407
1359,Mic,012_01376,0.0,4.368917887896052,6.345896171017848,34.671735294078154,4.184535893812586,204.01688814596716,164.24363334927216,633.8899381680217,713.4954200821505,285.2490344025911,65.41614967841946,21.288383080737926,117.45261568764919,27.416275440195083,9.906910195218998,270.3278913229334,191.37102986248962,132.21005105500663,153.63269195672055,120.30477761103694,195.48971302749072,371.87134251454137,840.9871995085471,559.372779924946,19.07373946153577,0.0,180.45167263904753,63.547821760321916,55.470990276411534,222.54921036172325,283.8068610951866
1360,Mic,012_01377,217.32561704091793,103.44794079386054,51.08811124345861,82.09629276528851,63.41255313106337,270.5217036381468,459.71311148053616,617.7257658028043,111.41733779423159,263.3272331554722,123.91472950578765,30.244185618151803,44.49699095476917,25.96667926749511,9.383096552713166,175.56664626608637,141.46541394488716,39.131135800763445,145.50958410613532,216.49328715843612,37.03069506543733,0.0,0.0,0.0,1535.5456458459369,360.1647270426431,76.90974737305612,85.98260284155215,142.6032551342363,132.25552352530806,48.87290565150132
1361,Mic,012_01378,53.41053300158153,0.0,0.0,0.0,0.0,227.94564858613825,407.4139567846251,25.586622369474373,392.87543208946073,90.77051444452331,0.0,0.0,82.01775875137537,0.0,13.836091526882125,210.34520860905053,128.20303138755403,219.267008402244,71.52165998437161,0.0,0.0,0.0,0.0,0.0,26.638578502212663,0.0,138.6113526101972,88.75153411950045,0.0,30.4720088630874,72.06682697763755
1362,Mic,012_01379,467.3260646159599,76.3923255093124,131.7657167817711,45.46871599308287,91.46041316980295,133.77446883205062,637.5974389998112,560.5981452834438,245.93793626820352,236.75775208783713,214.4678010677094,139.5885490068545,154.0280456126625,14.980776500477948,64.95989921109114,308.085701380392,241.44337476170648,216.72629058884374,55.965224656205905,184.0631186367271,42.72772507550461,0.0,0.0,1120.7238897523675,83.37804411833142,0.0,266.22604859904044,99.21069558640633,34.640466834227446,176.44667201092784,112.78362842654151
1363,Mic,012_01380,129.57901038281003,101.22216602861364,44.74710160688379,20.955630720528415,75.87412760027907,328.82135126117737,0.0,129.18429142534129,267.9132753168405,280.06686166902296,197.68792421155612,600.4469125168525,366.77379158011144,151.89555048284117,239.50984843600355,400.6857979804401,183.37108401398314,208.09344832924327,257.9326368629538,284.7899405452469,236.30834748359766,0.0,0.0,0.0,0.0,0.0,336.28426622367243,118.88303644718275,63.86042052080071,259.347341937426,77.96961109438782
1364,Mic,012_01381,26.648807163579793,0.0,42.561778040035975,0.0,64.14990840002923,78.19065852664045,28.18537047132251,912.7878770877601,318.5364232691505,41.515196528890506,250.71119690705873,0.0,0.0,0.0,18.984404653163846,96.20439773592234,211.68407508177523,158.34459603099629,0.0,103.74188729807558,0.0,0.0,0.0,0.0,2631.643755288358,1093.0580669549981,172.89788169136648,104.37888065881447,197.41038134249848,100.34503383751571,197.7647810084007
1365,Mic,012_01382,549.0764642662585,0.0,21.78757685382794,0.0,0.0,0.0,0.0,0.0,333.6464843729435,421.4945647585967,0.0,0.0,161.3015922110382,188.2584246893395,136.0549000143409,0.0,10.683585948962834,0.0,351.64816158982705,206.52320156561345,536.9450784488412,0.0,0.0,2944.7869236493266,0.0,0.0,247.8202970909586,62.33738706012531,54.41439998543227,89.89242614610784,0.0
1366,Mic,012_01383,0.0,36.16680712143934,2.0204862615605506,8.831378634411251,0.0,181.8808981183831,330.9348753433488,627.6434059133351,337.0934138055771,312.7007590171969,124.96810046758338,0.0,22.43762488252464,8.729138702751445,31.542867082150128,95.90701165327653,162.48297641081032,163.11696020812832,65.22067912021521,130.23410546950583,124.4849486357437,1205.5382344380357,243.42189560033822,409.6303294102619,1068.8369365029996,242.15093703794395,91.92715811720257,98.2753242678946,25.230788246722845,236.1933917285677,115.00618060959931
1367,Mic,012_01384,0.0,0.0,96.16585645827504,0.0,11.88985371207438,193.229788312962,162.52483739210874,270.68881872257714,227.6789076664733,71.8165181333106,61.957364752893824,0.0,33.37274321607687,0.0,0.0,131.67498469956476,103.15186433481357,109.56718024213765,0.0,79.76068474258173,37.03069506543733,0.0,0.0,0.0,18.06524289230514,0.0,119.63738480253174,180.56346596725953,52.53804136524495,148.78746396597157,48.87290565150132
1368,Mic,012_01385,332.58273847950505,496.3044610698591,496.6877678550749,636.9719221783837,525.396635997271,354.8494265588959,146.56640537528088,593.4881193932697,382.25017304218636,476.90445089091565,106.66802243077366,370.2718239267134,523.4853784157705,499.2076960759531,436.1654446370032,216.20117595514512,485.4125330900792,435.6565369691857,695.8736706922699,405.4175777435789,871.2961035515498,0.0,0.0,866.5112377148702,10.367256804950838,620.0725181934687,83.36962501081062,123.35894536964112,55.99370974754245,265.645164336783,56.094232080219186
1369,Mic,012_01386,221.32883209110182,0.0,64.79104487144168,8.329303172688164,75.39484496723551,343.0814608821978,306.2317219333194,519.3412971903224,205.8092476874686,364.31703076373304,314.30266667648766,0.0,42.32403294167184,49.39725429166344,118.99845482303867,51.02565612142999,224.26186248551724,39.7015605208912,246.0511917829694,289.01206049998376,516.5943903443662,0.0,0.0,89.58662209099232,0.0,0.0,32.512866965286115,174.47198710705626,95.18553933311767,36.69078618208482,30.99083667405696
1370,Mic,012_01387,285.04942985918683,98.50714362161645,71.54129713197234,184.7779246120225,111.50434948885676,669.0941923672715,542.6735508657617,262.86753827345564,125.80543008563463,525.4804933777061,0.0,0.0,216.67378058199165,140.49136170846234,142.14691046274422,142.48412523460368,261.508670989538,152.43621558207852,209.93920094915052,258.9246109180825,160.28211296980336,0.0,0.0,0.0,0.0,0.0,406.8691444776933,0.0,48.72931341979009,35.77808005815237,0.0
1371,Mic,012_01388,255.15963134358788,51.0119805210211,5.292528790403549,52.049714360502755,118.65785182292855,272.24277867575216,0.0,0.0,157.82978804771676,192.7291174890464,0.0,53.2640515947208,78.36514601345988,0.0,33.04977328283585,0.0,96.02251338743925,41.34909491497677,85.42060605420902,40.1340634621435,130.43200286206672,0.0,0.0,1010.79642688192,0.0,0.0,120.39852490249004,15.142685115819916,0.0,0.0,86.07171643078168
1372,Mic,012_01389,325.9884255613769,0.0,0.0,0.0,23.77970742414876,0.0,0.0,0.0,0.0,0.0,0.0,0.0,33.37274321607687,0.0,0.0,142.64790009119517,119.36144301599857,70.43604444137421,0.0,51.274725905945395,0.0,0.0,0.0,1086.0833331600215,0.0,0.0,153.81949474611224,128.9739042623282,0.0,557.9529898723935,0.0
1373,Mic,012_01390,191.6555937732807,50.70406112149784,36.82407355576553,221.3131047222003,109.26943024124695,355.16179401185275,0.0,0.0,756.825976413052,0.0,759.1958779579948,370.5977674336912,170.38900585673053,0.0,344.927915529315,347.34686398153974,243.76632728619427,1054.8872383473415,148.5837302492227,296.69530365764183,226.87820216148222,0.0,0.0,0.0,0.0,0.0,0.0,52.67948202264111,344.87999990766934,37.982715273003315,0.0
1374,Mic,012_01391,29.997348377851594,47.120266225475746,0.0,0.0,9.026328734297305,88.01566273941201,63.45397540664231,379.378610211264,176.5228024238224,132.40666955767435,0.0,0.0,25.3353286195348,0.0,0.0,0.0,97.32690864500174,53.47238975915843,0.0,51.90111871805991,0.0,0.0,0.0,0.0,0.0,2460.811354924865,116.77396198003287,58.74727576346888,0.0,75.30255593391232,166.96110438536445
1375,Mic,012_01392,10.37951728291604,0.0,0.0,0.0,0.0,0.0,256.1532763245192,973.5895221892024,167.96848183534914,355.7371006913988,0.0,0.0,0.0,0.0,59.15430435406126,0.0,60.38548579848559,148.01777455071394,0.0,0.0,0.0,4945.545891095891,0.0,974.1733679369228,0.0,0.0,0.0,189.72248235690313,23.658434776274902,0.0,0.0
1376,Mic,012_01393,244.03398411833717,206.6659972748458,154.93387984944312,301.56704875782646,159.63229520840605,124.5258635794644,0.0,0.0,253.6493740846939,341.6034381050065,99.82019876855117,422.2984436312308,232.99118874927746,292.8464384056392,196.52374446515907,247.50020272233013,296.76627636007873,516.9657829678638,312.5761436354018,257.00665083720776,178.98169281628043,0.0,0.0,1451.054426146045,0.0,0.0,82.60676569698622,263.2023009205291,24.184177771303233,153.15005936003558,275.5888846459657
1377,Mic,012_01394,0.0,0.0,16.443454229304105,0.0,32.52884506133557,105.7295068127528,0.0,0.0,0.0,421.0267572505406,0.0,27.58117556372335,30.43426268132797,0.0,0.0,0.0,44.3469605428646,0.0,0.0,109.10659705353163,0.0,0.0,0.0,0.0,1828.6797757965485,0.0,327.30982634654913,23.523542286839742,20.53373584355935,0.0,0.0
1378,Mic,012_01395,0.0,70.86591219736903,113.22677735060189,44.99135414538646,40.72508948623902,198.55501869953972,588.4898217831249,124.81033510149113,468.73666888697824,0.0,318.3242559154584,0.0,95.25684579392022,22.235247010551912,128.5558110371725,150.337580956196,252.36817202274412,509.321003768992,166.13298972747734,87.81301483892224,63.418710053012745,0.0,0.0,0.0,1856.310391689623,925.2263165170261,160.9856260630243,147.25367022076844,38.561385816448066,304.3601830143808,41.8498306267777
1379,Mic,012_01396,206.89837783945973,0.0,0.0,0.0,86.20143941253927,186.78879536919663,398.3793335599428,0.0,99.50860060245684,107.43979101689719,0.0,0.0,26.883598701839706,0.0,0.0,0.0,245.7224768261452,18.913382303702335,0.0,96.37749406395294,89.49084640814021,851.1721839777281,0.0,0.0,0.0,0.0,41.30338284849311,124.67477412025062,0.0,69.91633144697276,0.0
1380,Mic,012_01397,509.67887320527603,1220.2414464070898,1130.8153385483702,1476.675587475763,1322.107966449989,309.4047530655404,0.0,0.0,138.97448009076436,488.270499052723,0.0,1251.0516658306046,1217.183793985135,1074.112484423839,763.7437638841836,453.89498176728813,385.3956158276164,689.2361403925881,64.72052053800499,554.9519158634275,197.6484951345428,0.0,0.0,0.0,24.10546214157281,240.29395132446282,262.2638113385912,103.25824850450205,60.089521456305576,220.59491078799468,0.0
1381,Mic,012_01398,122.99449460113749,428.2633713508981,385.86227343988656,227.4316976320676,499.6290942694584,240.58664162043212,164.41466108271464,29.706114343092786,165.86511980878842,199.5922910042813,0.0,462.860479361876,354.9212136307281,414.23588974577393,379.6880930632769,93.92737057057505,310.7604785870048,127.89371217888161,339.69589849464506,208.37045739357063,374.6128454294241,0.0,0.0,68.71245835691047,0.0,0.0,106.3986964254563,33.454769441927716,35.04326296020683,205.83596684618607,0.0
1382,Mic,012_01399,158.27330221463137,194.9164957366751,143.0035431068928,85.23500185885645,112.39524696883574,278.6352196115088,458.67408134409095,900.7621974491199,374.8793299264477,138.07816746072976,238.24489429842043,87.22356294295714,80.20521159664885,131.05282602683306,81.18192929032494,216.2452442096444,223.8240768976081,135.423997047504,349.7053540672313,109.53716768120933,177.99284368469876,0.0,278.44237163035376,428.6670371682661,43.41646772460075,0.0,160.19323071625504,165.31461761801188,21.64550717652555,184.75128467597852,82.21988823691797
1383,Mic,012_01400,0.0,215.62430159220307,142.98097310324587,0.0,8.97931660547284,262.6717434879327,394.5217871962461,0.0,131.70255962089877,340.91472149592374,280.74430903655013,0.0,25.203373782974726,58.830757715418606,42.517156254481534,41.43418572360437,100.15861827152658,141.85036727776753,109.89005049682098,180.70780136991175,251.69300552289434,0.0,656.2248602225785,0.0,0.0,0.0,116.16576426138685,38.960866912578325,51.01349998634275,93.63794390219566,221.45535373336537
1384,Mic,012_01401,492.1037396464734,110.42909017258732,72.17970246053429,87.63653338135093,158.65295597399867,103.13491768851347,0.0,0.0,226.2375257291513,200.78413045158703,165.34634151845898,80.71301069874869,29.68740960939354,138.59515928049538,25.040779143743727,458.77557296908697,39.32608324771596,83.543774593041,0.0,76.02081039225034,98.8242475672714,0.0,0.0,541.9853233710417,0.0,0.0,0.0,183.57021956355922,0.0,88.23796431519787,0.0
1385,Mic,012_01402,208.5980657828758,1118.4429793013894,558.4388630495704,735.040788234457,535.620594408011,816.0675525838686,0.0,527.6309311918793,0.0,0.0,1831.6521909957444,979.2656217139445,986.6019717762533,712.823161445072,792.5528156175197,339.84077766311617,541.4399869280194,297.4726148737649,2253.2794820319014,914.3163098438807,1876.7012450639108,0.0,3975.5758522222227,0.0,0.0,2281.62606209053,11909.810394177139,15033.598976441872,25136.283022396772,9059.061974724265,10733.05947414524
1386,Mic,012_01403,0.0,527.9982898118642,0.0,0.0,22.987050510010473,224.14655444303597,2195.014018149994,583.716144988942,295.0137335508132,0.0,1078.0581467003526,0.0,258.0825475376612,75.30336987573583,163.2658800172091,551.5718803526214,299.1404065709594,0.0,281.3185292718617,198.2622735029889,429.5560627590731,0.0,0.0,0.0,0.0,3133.4331252709953,396.51247534553386,1994.7963859240099,2524.828159324057,671.1967818909385,1133.8514111148309
1387,Mic,012_01404,492.5066080375061,835.5273796840519,1187.391724240136,880.0063932233362,740.9865852080741,289.01418194660795,882.6435857960715,925.6638797621303,516.2438440154427,268.5402755414623,154.44959121781554,1457.613759591156,887.3898482670298,987.1430291733276,1169.5263611547928,136.7684296664534,473.87366902562945,702.3422196446484,1148.6501553363978,411.8628890821402,369.2458992198335,3112.9089510412355,0.0,0.0,2364.269252452829,0.0,489.95989969272625,546.5684939942219,1131.944251845955,453.3257020548704,883.2832446900991
1388,Mic,012_01405,235.70701272849848,34.17710449012354,148.92774051983656,18.08196827994962,65.46944765509312,319.1960427195132,89.49152438679405,0.0,340.0926856033335,0.0,0.0,0.0,61.25376919406516,0.0,0.0,271.892175685019,239.3664193628382,129.2813473923957,267.0745531061978,156.8530644802127,611.7095830429837,1851.2260388008128,0.0,0.0,0.0,0.0,23.527243394711263,47.344850931740744,165.3095695759968,273.0909148742516,0.0
1389,Mic,012_01406,89.00184140069366,174.75671551584205,131.9946403571712,219.12536705857394,164.03380703745336,261.14161682683795,405.9514280990966,17.587697706395975,218.90755540871717,294.63697730698027,313.99751845641333,153.27635818131304,178.5279758452268,87.73208140862424,198.13820390437994,330.5723928177585,195.41627114413572,125.5995485022563,40.96871785512548,216.5485996998665,281.5051867595867,0.0,61.16270541880343,0.0,15.258991569228613,0.0,93.83486977230471,225.14085423656908,190.18625237626813,247.85872840286044,288.96698584237186
1390,Mic,012_01407,183.7584276863623,124.34170251998896,64.50269463304323,4.698932546434277,28.3557366488616,55.29931441851216,199.33732405705067,0.0,131.70255962089877,210.42104819604867,0.0,14.425680640236884,31.835840567968074,0.0,53.70588158460826,141.31238078366124,63.25807469780626,55.99356603069771,0.0,171.19686445570588,158.9640034881438,0.0,0.0,0.0,0.0,257.6836451703121,24.455950370818286,159.94461153584783,10.739684207651107,118.279508086984,139.86653920002024
1391,Mic,012_01408,0.0,108.19637086308691,171.44322770225264,85.86464718730176,141.3138351025234,91.86334198485079,0.0,313.4710784282052,97.87731206799033,130.06582519069522,147.27570310114106,71.89191663331168,26.44288396902266,0.0,22.30408196956408,182.58211676237465,136.60978754411494,37.206653712201316,0.0,40.62751506208789,352.09513340907625,0.0,0.0,209.89215421591783,0.0,0.0,243.75766926979537,0.0,35.681573760939195,68.7701620789896,58.08665015957124
1392,Mic,012_01409,265.8012467089015,68.041016728333,31.445987211710428,0.0,23.69799021650564,288.8486526327783,204.77172074955675,347.5736021530316,199.13789083572323,434.5304791325739,185.23335853957946,45.21038056321662,33.2580602496986,58.22425505855862,70.13139175996953,131.2224933432089,222.4829238856178,233.97998726229693,0.0,272.52546185977855,110.71032545336932,2393.173900593425,0.0,0.0,0.0,538.3905713524047,178.8393896532691,64.26534748466527,134.63356697426542,191.52338216696512,0.0
1393,Mic,012_01410,475.22668382248304,319.62513295747937,329.8679860112267,213.60381220426467,483.37255745349125,314.22414174257375,462.5122708962347,980.5415422993427,448.03487571969293,0.0,629.7068613903929,204.92555675850525,271.3484728783821,263.91367947103674,362.38921966436595,59.479354459304965,176.72847784732915,47.725357214949824,197.18588500364135,463.2296109882918,225.81802364670895,0.0,4562.909308463536,0.0,0.0,5490.829074657117,3283.0399170694755,3652.854363242857,5004.0906154827435,2545.5518805860443,2632.6281303629976
1394,Mic,012_01411,19.894074792255747,278.5705262806102,223.06328683680988,229.5764186972175,660.193563754765,200.13085218128208,210.41161983799793,194.69185870423453,234.1378837704867,8.854927831062955,160.42531944945722,139.219267131175,201.6269902637978,212.91131363675308,137.67460120498782,198.88409147330097,155.16636735398401,114.8312497010499,251.1772582784479,122.93047712238895,127.84406629734316,0.0,0.0,15.24216834187022,0.0,310.8564608403765,177.01449792211332,222.63352521473328,395.15219037040106,328.1786986286477,274.1828189079762
1395,Mic,012_01412,167.75544149145387,8.108081846005284,0.0,32.17287148909955,93.19074531085326,302.9007492473458,564.1306131872808,340.00241436914143,721.3978040496077,274.74208513676416,0.0,19.754085201045097,0.0,25.440327660721557,0.0,215.00982861978483,138.59787177032868,122.68139872671783,95.04004367292623,279.0854075210992,145.12029147265977,0.0,0.0,813.1902785635626,106.19433321828022,0.0,251.16922002462022,0.0,14.70659459065737,137.67308508863363,0.0
1396,Mic,012_01414,0.0,106.50853075817595,77.35234385974417,185.95538976658247,316.24196707558787,696.3132608437506,400.4045972775155,0.0,498.7552553690841,431.32405861130326,0.0,0.0,0.0,66.83731054059392,144.91054439397254,178.87799943160798,128.9616292064153,362.5997554082578,124.84550115615163,293.287386838741,95.31569439920258,0.0,0.0,90.91186797991232,0.0,0.0,219.9588435718568,154.92131695415756,19.31872188831915,468.0789053761828,62.89856200710969
1397,Mic,012_01415,49.821682957997,0.0,102.30688261797467,136.63678639370627,29.983109360883223,1315.64281955695,131.7359706811813,420.06559159624015,320.6671016856666,271.65378598252266,0.0,0.0,42.07867622896649,0.0,0.0,152.18956564913466,217.38774887454812,236.8284392811423,366.9372120937326,107.75123559945048,420.21788748170184,0.0,0.0,0.0,8473.384361834254,0.0,129.29754630832625,162.61927059163125,28.39012173152988,31.26693083342881,0.0
1398,Mic,012_01416,1338.1382939212021,47.36826762666246,0.0,0.0,22.684589319089284,0.0,0.0,635.6255662311529,651.5810844402359,0.0,0.0,230.81089024379014,0.0,0.0,0.0,0.0,177.12260915385755,223.97426412279083,0.0,228.26248594094113,0.0,0.0,0.0,0.0,0.0,0.0,0.0,393.7098130113178,0.0,544.0857372001263,0.0
1399,Mic,012_01417,238.72889750706898,119.9996113208782,0.0,0.0,158.035972256322,560.3663861075898,328.24212694727674,239.02169730150644,17.5603412827865,347.1131709776679,0.0,109.63517286580031,161.3015922110382,0.0,34.01372500358522,0.0,389.9508871371434,340.44088146664205,879.1204039745678,578.2649643837176,939.6538872854721,0.0,0.0,0.0,0.0,0.0,0.0,31.168693530062654,54.41439998543227,119.85656819481044,88.58214149334613
1400,Mic,012_01418,194.22012000575103,0.0,0.0,0.0,0.0,0.0,0.0,179.1063565863206,0.0,0.0,0.0,0.0,0.0,0.0,0.0,431.4773509929242,21.729327353822715,57.701844316380004,0.0,0.0,273.0229212451735,0.0,0.0,0.0,0.0,0.0,63.005160277362364,0.0,0.0,0.0,180.16706744409385
1401,Mic,012_01419,571.3839186234766,68.8522360037826,78.57814603019912,140.50578630649377,141.3138351025234,183.72668396970158,353.2155716624752,453.70813983029694,806.0484523246263,869.8152059627744,0.0,95.85588884441556,370.2003755663173,0.0,178.43265575651264,34.77754604997613,203.16327378355555,465.0831714025164,115.29447920977937,216.6800803311354,352.09513340907625,0.0,0.0,0.0,0.0,0.0,243.75766926979537,81.7539502427873,124.8855081632872,265.2563394475313,0.0
1402,Mic,012_01420,80.77293524675264,33.834476876187466,54.05940121626481,0.0,12.962622468051018,0.0,60.75042256976782,130.53025020818316,772.3909511601581,732.6287658121561,0.0,181.35141376297796,254.6867245437446,106.16076580225914,138.10083836042122,245.24053384677714,197.60617619886145,217.57499943356822,396.5956709659704,232.9209040213685,181.6731468435929,0.0,0.0,158.83943851001598,0.0,0.0,83.8489726999484,84.36638850242524,61.36962404372061,479.8768613814779,39.96186834286292
1403,Mic,012_01422,0.0,0.0,0.0,0.0,297.98028438902463,415.086211931548,74.8130203868437,0.0,143.08426230418632,293.8524198752744,0.0,162.42247831970417,0.0,0.0,0.0,0.0,379.8608337409008,42.02973845267186,0.0,0.0,0.0,0.0,0.0,0.0,0.0,0.0,183.57059043774714,184.70336906703795,0.0,44.391321553633496,0.0
1404,Mic,012_01423,0.0,793.545816799356,702.8250598009013,767.9975774817311,463.4485989921466,180.76335035728704,0.0,0.0,0.0,607.8479491774829,0.0,754.4786089689484,884.5571185766613,607.2852409333534,570.5528065117521,0.0,765.0826066676611,1610.6880413475535,1361.218690025137,1199.166976832594,173.20808982220686,0.0,0.0,0.0,0.0,0.0,0.0,361.9590216394373,105.3181935201915,173.98534092795063,0.0
1405,Mic,012_01424,0.0,2463.1499165864475,2453.9691824837787,1666.5547431353568,1164.475585046583,0.0,549.2850707349841,0.0,683.9290815401059,639.4189991693883,709.2487807239162,2962.073091461973,2928.8973322530624,3963.3352566176745,2613.6862371176016,390.78979377210015,1130.210934600805,1164.6661734385123,1850.7797978411952,1847.8391719028568,141.3013364339056,0.0,0.0,0.0,0.0,0.0,130.43173531103085,196.8549065056589,315.0307367577658,94.6236064695872,0.0
1406,Mic,012_01425,0.0,38.9609127665189,39.61377609786898,129.86140855600183,14.926656175331475,218.32456601594407,0.0,0.0,123.15044535980144,0.0,0.0,37.968891035775,398.016915845419,195.59316850840472,70.67787013731996,13.775521487328207,172.04735813914178,103.16390347474001,365.34873931410607,75.09934602385943,139.46625414255618,0.0,0.0,0.0,0.0,0.0,144.83004375445634,0.0,0.0,132.3091986566089,230.08348439830166
1407,Mic,012_01426,364.7658930853352,0.0,0.0,0.0,32.124760029517745,104.41609679023414,464.21246811463897,0.0,0.0,27.719774079849255,0.0,0.0,0.0,0.0,0.0,108.70683260652477,27.870224214685656,0.0,131.0490043191902,15.393033657064354,100.05187797183378,0.0,0.0,0.0,0.0,1459.673816120029,23.08884755505826,69.6939731106991,0.0,0.0,0.0
1408,Mic,012_01427,246.2433664358629,30.50837575954531,9.49579620747949,0.0,0.0,366.3412209420079,58.69108621147061,599.4580097991139,102.04556677648331,208.91626340406162,0.0,42.47367471798559,46.86729071507164,0.0,39.53169007680607,200.32877010385764,65.18798206146815,82.43120616625716,0.0,132.0148310249926,0.0,0.0,0.0,790.5260190868283,1179.7084765265608,0.0,189.0154808320871,90.56278991785761,47.431438243960336,195.891485548419,0.0
1409,Mic,012_01428,0.0,0.0,0.0,0.0,0.0,115.14377796731299,0.0,0.0,0.0,0.0,0.0,0.0,0.0,0.0,0.0,21.795516873786408,109.76286933865926,279.8144231232674,0.0,16.974509717721652,220.66236100637312,0.0,0.0,0.0,0.0,0.0,0.0,0.0,0.0,12.31403097891888,0.0
1410,Mic,012_01429,0.0,0.0,28.730870576476406,31.395065804747695,0.0,246.3148949923472,210.87406295852097,44.23767677066632,231.56493999278902,196.17070887277936,0.0,0.0,17.725449693520687,0.0,44.85326374099151,0.0,246.54429112991158,87.29253370939539,0.0,54.46765755576618,295.02476837848417,0.0,0.0,98.48785697823834,0.0,0.0,136.1649984016256,27.40104925719794,71.75525272804256,118.53946304981253,0.0
1411,Mic,012_01430,166.5550447723737,0.0,0.0,60.90399393517915,0.0,325.7944105276685,446.2683657959397,0.0,379.7934277439871,86.4899927685219,0.0,16.997701219503924,18.755999094306773,87.56205799504164,126.56269768775898,252.8448914854369,193.7952800044421,65.97691501291513,0.0,76.84584244301895,187.30642271471206,0.0,0.0,0.0,731.012154246766,0.0,302.57129295989137,159.46773433985544,0.0,48.77883589323681,206.00498021708404
1412,Mic,012_01431,141.31037879342196,0.0,0.0,32.02859852278072,0.0,0.0,348.7360300095248,399.4037330409878,429.952750690647,226.8132187041776,120.85853662560005,19.665501859336377,21.699765768301106,25.32624547390218,18.303349777714022,171.2365271877748,155.22340123156764,381.6601810164148,378.45542054510537,288.94725958955775,650.1128752519602,0.0,2966.254076701162,2308.0607200371014,70.47875029733396,0.0,83.34763355077084,251.5858670588017,29.281291471981493,0.0,47.66752008610555
1413,Mic,012_01432,192.19187191708335,54.68336718419768,0.0,0.0,4.3646298436728745,0.0,363.0798989407073,26.752595034412447,501.46999916413097,177.00888646600785,0.0,0.0,12.25075383881303,0.0,0.0,237.6539017098685,128.20303138755403,327.5127467274025,106.82982124247911,200.77192253467229,163.122555478129,0.0,1435.3880486893868,19.448235048867318,2049.147361492992,0.0,141.16346036826758,37.87588074539259,41.3273923939992,50.066667726946136,0.0
1414,Mic,012_01433,171.88480620508966,0.0,117.65291501067088,199.9865691762428,0.0,0.0,131.2968507789107,317.01825115778746,463.5930098655636,892.5767253711459,0.0,131.56220743896037,145.1714329899344,169.43258222040558,81.63294000860455,0.0,474.35121613394983,68.08817629332842,421.9777939077925,272.6106260666097,322.1670470693048,2646.3716992762093,0.0,0.0,0.0,0.0,74.3460891272876,74.80486447215037,0.0,269.67727843832347,0.0
1415,Mic,012_01434,222.20589505431238,47.25521686860359,46.79909109414116,0.0,20.57313589798073,280.8518880252837,91.59684834952463,342.27450687566557,243.91691232891992,7.100849048298695,128.6465568854836,10.46636495138905,69.29424009066081,0.0,29.224202867042198,87.33812131524435,156.04664918294162,203.12701758152866,50.355345335058765,171.52762325735912,192.22377510101714,0.0,0.0,119.172657489181,93.7754255149491,0.0,239.5399053027166,151.75211169767977,62.336305472571574,90.10696654263792,50.739174125067
1416,Mic,012_01435,546.6840851227976,122.81410113863869,89.19434447622525,27.412109695190146,33.08370809010036,322.5989856056487,525.4458190922455,447.411279428698,0.0,291.81612911920905,0.0,46.75273896196175,92.86019167799641,36.126350153604605,147.94882517550928,210.33370867965306,269.25370131501217,159.69508299074892,494.85668795156903,206.08285358786156,377.8078377145365,0.0,0.0,0.0,67.02243631686768,167.02735209333662,142.66840131035997,103.6741192044728,97.45862683958018,203.16838318736527,22.66494025416106
1417,Mic,012_01436,5.384862349783511,27.067581500949974,4.914491019660438,0.0,38.887867404153056,189.5976494348988,0.0,278.0861852261294,483.23946687968873,72.70361798135902,101.32125438913089,16.486492160270725,0.0,0.0,30.689075191204715,179.4442930586174,233.75364745475073,153.58235254134226,158.63826838638815,139.7525424128211,666.1348717598406,0.0,0.0,1082.9961716592,0.0,0.0,27.94965756664947,56.244259001616825,12.273924808744122,94.6236064695872,39.96186834286292
1418,Mic,012_01437,557.4507240217422,201.04646922869648,396.96736885508494,216.88894936840094,162.4739172173515,352.06265095764803,706.8067816128769,326.68713657081065,404.5314222212597,303.756477220547,329.2498702837028,183.6819650107649,287.13372435472775,236.5550886148769,199.4522094451071,294.3345716742744,317.7108282204655,297.0688319953246,368.21797025112784,242.20522068427962,421.68461658285963,0.0,604.688876435465,663.6328373350407,41.14335423116616,1367.117419402703,45.41209632556834,163.18687712074689,28.489214652058784,147.4675053705783,37.1024676411921
1419,Mic,012_01438,217.24329673143276,206.99932952851495,244.02086076287293,219.03290909778974,382.15971472892403,252.16487374841543,267.6435804339333,294.37409036080265,310.81804070532104,250.4173590624604,359.35271556678424,263.12441487792074,362.92858247483605,470.64606172334885,462.58666004875903,188.27693992805825,249.99591120573032,289.3747492466457,140.65926463593084,276.741090097922,241.62528530197858,0.0,0.0,1670.8464936358137,969.2002811721708,0.0,43.36855199091776,118.4410354142381,103.38735997232132,182.7812664970859,53.149284896007686
1420,Mic,012_01439,75.83153214930427,285.8814269703275,761.2835677161056,277.2923017989921,10.141345813239914,296.664557351077,314.87480051050983,390.7227745362087,68.17544262728877,332.5285839617995,0.0,980.2674279765675,711.6246715192864,1494.9933725329904,816.3294000860454,9.359251363449458,226.24064362509532,680.8817629332841,372.3333475656993,276.98405857035215,189.51002768782632,0.0,4446.8884645671205,0.0,0.0,0.0,0.0,0.0,0.0,63.453477279605536,62.52857046589139
1421,Mic,012_01440,309.0251617875761,1290.9579177085732,1006.1668144741534,1220.2429147988162,1005.2645995631401,98.02327453777082,432.84676080959576,158.44310761738652,43.00491742723224,216.85537545460298,0.0,1355.256947378989,1312.0450211918271,1597.1778887637843,1094.785784371956,575.1983053688472,506.45803944645974,496.2695065111399,922.6919691861352,700.8542467124606,657.4837695291933,2395.8252302792134,0.0,671.8996656824424,0.0,228.38433857660314,162.56433482643058,98.14049274771915,104.70409326642944,214.90317620935397,30.99083667405696
1422,Mic,012_01441,166.31823665184424,93.83855861585263,170.37678582377302,203.10078115393648,151.1589221926044,239.01883767622314,466.69496722361623,926.5146360851609,67.41173667799556,56.402952630088215,0.0,904.100477661102,756.8178971039234,307.8159076674035,512.6239123763081,324.2470496057609,208.1020770153424,371.0966954375719,149.99210683926273,105.7085581473282,305.3716085964974,0.0,0.0,0.0,93.10877557053004,185.62992448287886,229.02823664804234,106.35762721158821,100.5763791199933,213.01522783437872,125.94617273935471
1423,Mic,012_01442,238.72889750706898,0.0,37.447397717516765,11.159964797781406,4.48965830273642,218.8931195732773,478.68643513144525,554.3101861761909,235.96708598744362,147.21317519142167,0.0,22.8406610137084,0.0,0.0,10.629289063620384,8.286837144720876,101.82792857605202,44.32823977430235,54.94502524841049,83.90005063603046,125.84650276144717,0.0,0.0,0.0,20.46453296393942,0.0,193.60960710231143,9.740216728144581,17.00449999544759,187.27588780439132,0.0
1424,Mic,012_01443,231.90807186400986,81.4283076820245,3.112510979118277,30.610189159629005,28.73381313751309,240.1570226175385,507.392591837915,513.9865069791792,386.32750822130305,382.53288230191964,256.68051111913155,396.7749113238487,806.5079610551912,403.4109100485847,369.2918714674967,143.95419954257974,184.6734142606433,154.00897018729043,200.94180662275832,206.52320156561345,230.11931933521768,0.0,0.0,0.0,18.710430138458893,186.5138765042259,17.70144979221133,71.24272806871464,108.82879997086454,282.5190536020532,278.401016121945
1425,Mic,012_01444,0.0,0.0,8.657315306156796,9.460102610039868,0.0,111.33107008760064,180.59169490731477,0.0,279.10476211051395,433.480970378923,0.0,58.084859796450495,160.23336974606448,18.701168015497306,40.54616225592941,47.41607478833665,131.5991381792773,101.45589182780722,0.0,65.64975943807579,160.0167452330984,0.0,0.0,0.0,0.0,0.0,196.94328245639096,49.53964534579495,32.432423832376855,35.71884482626801,70.39640383577176
1426,Mic,012_01445,201.941165760078,64.91782251785214,8.572161385112633,0.0,0.0,220.47202076364192,0.0,0.0,0.0,234.1184853432514,0.0,57.51353330664934,174.52303419554954,129.62055470413543,80.2946950904307,172.1488529473818,147.11823273981608,111.61996113660395,276.7067501034705,138.13355121109882,105.62854002272287,0.0,619.6483926036151,491.1476408652477,0.0,0.0,12.18788346348977,98.10474029134475,53.522360641408795,82.52419449478751,69.7039801914855
1427,Mic,012_01446,26.443816339244563,0.0,0.0,0.0,0.0,0.0,0.0,125.41381364483901,0.0,0.0,0.0,0.0,14.889377742557373,0.0,0.0,73.4341260824496,100.59007078100392,52.375520225637246,64.91966060119884,45.75283234684359,99.12832217517068,1542.8239866225672,0.0,319.10065660949226,0.0,0.0,137.25431838883864,69.05064412813881,0.0,44.25473287193,0.0
1428,Mic,012_01447,421.286289718357,13.662194837291638,9.922236138365665,16.263478111377836,0.0,159.49707384466504,80.4914280063385,194.78847997406297,163.94094708028385,107.26728514896757,153.423834919405,33.2858209839242,55.093522956331846,0.0,30.980242887515956,84.53517360534994,169.07230894563577,103.35966040732966,40.03584382426874,117.56538988554844,183.396800988219,0.0,0.0,145.7695036869562,969.2499862996733,0.0,183.3964247921705,78.06959290262373,37.17112712477347,184.21977274724185,100.85253300950225
1429,Mic,012_01448,162.33565030480688,0.0,14.525051235885293,15.871949934622446,0.0,298.86207259071455,379.3020133612976,566.9426925467311,266.91718749835485,264.46717788774697,59.89211926113069,48.72674349591125,64.5206368844153,12.550561645955968,18.140653335245453,155.57155599689324,179.4842439425756,68.08817629332842,46.88642154531027,159.7112758774077,143.18535425302431,619.0343156201659,0.0,0.0,0.0,0.0,297.3843565091504,66.49321286413365,29.021013325563878,215.7418227506588,118.10952199112819
1430,Mic,012_01449,304.6635453899737,19.047557352520354,11.066705703531651,9.06968567692711,7.297476352384276,106.73645449668376,198.78888274218468,198.08648598420584,295.4597104722808,160.56935800327494,0.0,4.6406422377058325,46.08616920315378,23.905831706582795,17.276812700233762,158.26543575441517,132.27296889192084,169.31980348076374,22.326867402528702,102.27815696582759,17.04587550631242,0.0,0.0,154.45397253095157,607.0495111588887,165.79011244820077,110.14235426264828,94.9903040916195,31.09394284881844,216.88331387632363,134.98231084700362
1431,Mic,012_01450,298.14106656991413,8.14476999915463,0.0,116.34642033524145,0.0,0.0,0.0,546.4654189317604,123.95535023143415,0.0,0.0,19.843470201954805,0.0,0.0,18.468990952172973,179.9856031432588,124.72240610101409,277.2821659004324,0.0,44.855717987101556,0.0,0.0,0.0,0.0,0.0,0.0,16.82038215549493,101.54506489432177,0.0,130.16097903508825,48.098900358377996
1432,Mic,012_01451,307.25990593969755,0.0,37.11448423049554,45.06231842637287,87.0172259054024,106.06303837998544,720.0458208210099,328.59034594993744,289.16397948310896,140.7849724560167,255.06107571774902,41.50227364005059,91.59080945737186,0.0,77.25514827312732,100.3831376521393,103.12862146317437,42.9578399326993,199.67403497214156,195.44782482550167,101.62998330261978,3427.1458167614865,0.0,0.0,0.0,0.0,117.2651248064473,106.18987070179074,0.0,215.51496489287683,301.7940467281193
1433,Mic,012_01452,0.0,0.0,0.0,0.0,58.11332994103772,188.88754587896287,510.6619088203096,93.29055009993746,159.81883639389963,0.0,0.0,0.0,54.371323217203894,63.45789596269872,68.79180337803754,0.0,129.6435148862906,76.50356886890832,0.0,125.30621218587783,90.49636153632156,0.0,0.0,0.0,0.0,0.0,41.76746580184696,147.08821665872264,18.34193257935919,90.90245340617648,59.71829763596369
1434,Mic,012_01453,0.0,32.142753032378096,11.671916171693539,51.016981932715005,0.0,150.09813913596156,0.0,0.0,112.88790824648466,557.8604533569662,0.0,0.0,43.20578362795667,0.0,0.0,269.9141241423371,268.9974319292428,121.58602909522929,0.0,44.254971764060016,287.6491491690221,0.0,0.0,0.0,210.49233905766258,0.0,199.1413101623775,0.0,0.0,224.73106536526956,94.90943731429944
1435,Mic,012_01454,382.85868048797226,131.21452826675468,124.61679471535233,93.4516678393658,109.56444635612468,408.49138426534586,98.16586974124165,183.41064819987704,185.12210249516986,236.35209238799817,0.0,90.16724497374231,117.5843382472989,200.57439639798793,83.92171402753738,35.687612675582976,148.5717373089411,171.81128597381934,157.74870800291308,213.08562105461425,150.54534909780597,0.0,0.0,0.0,0.0,0.0,90.32702417334006,97.87552360842105,48.820396248612134,191.5464781431083,0.0
1436,Mic,012_01455,142.44597199316823,49.723595851192634,7.2224011670147865,0.0,0.0,464.39203268584794,864.8963820965218,125.10586075682221,675.2484824762103,936.9589934835235,0.0,24.228767484154766,240.61563478994657,62.406107631825265,0.0,360.4087403494073,191.2420910201082,94.04444239410002,116.56845135574379,205.3821894022675,0.0,0.0,0.0,0.0,86.8329354492015,0.0,266.988717860425,123.98596321350891,54.11376794131386,148.9929715128859,646.0134075757841
1437,Mic,012_01456,0.0,14.062454451665415,7.659694987673885,16.73994719667211,26.93794981641852,328.3396793599159,144.0004523266298,141.52600498115513,150.22323206758765,81.35464944789092,0.0,17.130495760281296,18.902530337231042,11.030767071640987,15.943933595430574,105.65717359519115,137.71810012334902,166.23089915363383,206.04384468153933,179.09433885768038,157.30812845180898,0.0,307.60540322933366,1065.2846717685234,0.0,0.0,304.9351311861405,21.915487638325306,12.753374996585688,154.50260743862282,41.522878825006
1438,Mic,012_01457,296.35311414670633,62.06876447631631,3.7564787679013687,24.62888782958655,9.90821142672865,48.3074470782405,171.23152510954313,0.0,366.3450508995115,0.0,309.7868237644691,12.601744007563253,55.62123869346146,16.22917454218444,46.91548276356583,123.445298155842,193.40974562777546,127.17619135248121,121.25798675511278,156.67277360149984,92.5767376635933,0.0,0.0,0.0,1129.0776807690713,0.0,74.77336550158233,85.98260284155215,150.10868961498556,118.82332191726897,213.81896222531824
1439,Mic,012_01458,366.87492695909236,328.60928985690083,138.91806495356235,151.79984814856888,122.1382792766224,183.2260663022092,33.02373106994191,1127.066313964367,221.05933712935592,170.2462418964039,73.43720345370248,203.13873991483436,382.37707145395984,200.05663659085127,144.58150137763747,91.04230890330945,309.15444898633604,333.9474586593764,229.96065063094957,364.6513204755245,263.3518095934371,0.0,1716.5554926803145,0.0,0.0,0.0,334.2535342235,122.29678115337936,80.06478471970962,244.93849086132923,115.85675181691049
1440,Mic,012_01459,148.93178927046506,0.0,15.990882094552614,13.105279762532295,137.07874157345694,257.0488009667843,74.1266624016433,64.63165161218909,115.99491489547046,213.81807386566697,0.0,13.411030319975572,59.19324484808742,0.0,62.41050459373436,170.2983046254565,170.54531698344343,62.4662167828701,64.522598456849,121.26132935962622,147.78304911435998,0.0,0.0,246.67142160604652,0.0,0.0,181.88645658052008,11.438052671582625,79.87434860246938,87.96812344573242,32.50720788746647
1441,Mic,012_01460,545.403711996919,41.53832699568862,50.27902350883371,54.94136515830847,26.523519819242857,452.6036195484379,1258.5851968155937,209.02302274139834,93.20488834709758,160.20607891276978,0.0,67.46779868664635,37.22344435639344,43.444251851386056,47.09592692804109,654.7876242351755,175.0464467022372,26.187760112818623,324.5983030059943,209.70048158969976,123.91040271896338,0.0,0.0,0.0,60.449081985790286,301.29164666067265,257.35184697907243,129.46995774026027,113.01452304666702,172.8700502809766,286.1884571323491
1442,Mic,012_01461,225.08724622095073,0.0,0.0,0.0,0.0,80.05234087251283,88.97405638863911,0.0,233.30167704273495,3.541971132425182,128.34025555956578,10.441445034838123,34.56462690236534,0.0,0.0,56.824026135228856,76.3113282068774,16.211470546030572,0.0,129.81458384124272,76.7064397784059,0.0,0.0,0.0,0.0,186.5138765042259,44.25362448052833,62.33738706012531,46.640914273227665,77.05065098237814,0.0
1443,Mic,012_01462,123.57731165071804,0.0,5.126488671488927,50.416782145271306,0.0,65.92545718912822,257.44480544884453,53.28037834584664,107.42797020057625,5.833834806347359,0.0,51.593022525082496,0.0,0.0,0.0,149.74802181519132,188.53386968757945,173.55809643397438,0.0,58.312433383232026,126.34001845855089,5789.79154021214,0.0,647.7024947157087,0.0,0.0,72.88832267381136,14.667620484735368,25.606776463732835,126.90695455921107,125.05714093178278
1444,Mic,012_01463,510.7466851047651,35.85645756599947,104.1637140422053,45.52909941405642,54.94912472512463,267.90424833828996,285.69035872824577,282.676110878695,505.8217827671171,820.862393518617,161.06446414845905,113.56631452234294,38.558149532519096,22.501006934980822,48.784625503150124,282.0826157948014,226.01530433861615,122.07043558564854,210.1483037389405,241.90367035972253,64.17670260344715,1969.9348988111851,5458.954215716111,0.0,46.96243421206814,312.09493279591584,185.12472392252886,59.6054696989246,104.05941033070714,268.6028669704417,148.22509731954338
1445,Mic,012_01465,186.61202551608912,76.05609168224676,243.95948730694664,387.2979332638505,188.18624097103643,236.77452934123514,309.39398748009836,696.3345221608008,667.7876262468105,41.905010580804976,0.0,169.85731007377512,153.35010527105746,79.5458132490167,71.85998240194061,358.5516015293314,157.99669361142222,191.79767969951664,0.0,200.70564659193417,56.719550540370555,9612.46947846807,0.0,0.0,0.0,275.83038074568617,209.425603175458,52.67948202264111,11.495999996922311,234.22674418352042,37.42907387042795
1446,Mic,012_01466,37.83627809545999,67.92430829483673,9.866072537582463,37.733314938913736,32.52884506133557,380.62622452591006,644.0977585380525,0.0,620.2445071957798,151.56963261019462,203.40719749063257,66.19482135293603,54.78167282639034,0.0,30.80488302211492,318.2145463572816,183.8383091595114,128.4682571572234,79.61845168071557,93.51994033159853,243.14494118438094,0.0,832.0435963576845,0.0,0.0,0.0,42.082691958842034,98.79887760472691,0.0,203.53002146288566,120.33800353813061
1447,Mic,012_01467,353.04977800341186,25.35203056074892,24.54938237051035,3.353228859427277,12.141047804582996,157.84968622749008,369.8502838842555,1325.3389887437124,467.4513383727675,502.86012696965975,126.53264632633245,51.47191214356822,56.796335285576845,0.0,38.325323947701655,171.8059757328046,251.28997936292865,223.7639596494361,49.52791008307423,174.52664921037754,151.25213477432146,1144.341604579532,1256.9940984545165,1595.919428922017,0.0,919.4346024856205,218.1516699744354,149.25853239748312,160.94399995691236,244.77749842602134,174.66901139533041
1448,Mic,012_01468,0.0,0.0,54.146640701820914,8.452517716662841,0.0,99.47332297767866,53.78569217160658,0.0,205.7365428397472,0.0,0.0,0.0,28.63341873568726,0.0,24.151757398995425,178.87799943160798,79.65277098043296,120.86658513608592,0.0,14.664369341937048,190.63138879840517,0.0,0.0,0.0,0.0,463.52561024718864,153.97119050029974,66.39485012321039,0.0,138.29604022478128,0.0
1449,Mic,012_01469,310.2767273237276,53.41228990543541,0.0,0.0,0.0,149.65274406434148,437.55627057112446,770.4838095116496,672.1911054835189,0.0,79.97463996293416,13.013076898017841,57.43676873983557,117.31237146813444,0.0,146.35980618806718,157.8761365751778,90.9189297685394,563.471831627616,147.07883791022914,47.79926514381376,661.2829484369726,0.0,1550.0878142806414,1912.1282313606064,232.45052858093436,154.4280783059386,188.67695786744156,29.064071208836225,80.02293128733635,31.542602312170732
1450,Mic,012_01470,46.70782777312219,108.69530010949116,58.41596692692998,62.10763017895739,12.492962233701343,426.36572856012276,589.1525355463942,641.7668760498113,189.60078631414413,140.1388578481268,97.65019444749569,100.63131808938192,116.88521174712916,47.74670191396292,69.01335507973813,320.90476595208946,223.73596661233762,320.70517819321356,101.92700335937018,248.42645985428862,213.99985010642226,0.0,114.12606264740495,412.86395117326725,218.28835161535378,0.0,193.04841983534823,130.99885686548072,94.63373910509961,173.70517129682673,141.21790672852285
1451,Mic,012_01471,0.0,0.0,0.0,0.0,0.0,108.80900701118249,235.33416121686756,122.13678962774983,231.8647004329092,389.9607052592386,0.0,0.0,0.0,0.0,26.41842718725066,339.84077766311617,149.36275501462603,176.28006807334214,0.0,32.08127402960985,0.0,0.0,0.0,0.0,0.0,0.0,84.21078056488885,12.10434700196608,42.2636116391707,122.18388019859316,0.0
1452,Mic,012_01472,182.01429754682607,0.0,43.33440700208872,0.0,9.52502092956235,0.0,223.19906634748952,266.8925029478874,23.284430430214147,583.5446362923699,0.0,48.45753496830953,26.735070532216284,0.0,0.0,158.22822747047152,116.87016673451056,0.0,0.0,13.692145960151166,177.99284368469876,0.0,0.0,0.0,43.41646772460075,0.0,0.0,227.30759922476636,54.11376794131386,59.597188605154365,0.0
1453,Mic,012_01473,67.24757676255463,76.05609168224676,12.274691185255175,13.412915437709108,0.0,394.6242155687252,881.9506769547631,28.349497085427004,524.3369509789773,216.50922133415904,126.53264632633245,20.588764857427286,204.46680702807666,106.06108433202226,57.48798592155249,373.4912515930535,291.91770057729434,47.94941992487916,99.05582016614846,314.1479685786795,756.2606738716074,0.0,887.289951850247,1604.9359228707292,36.893805906820354,367.7738409942482,436.3033399488708,210.71792809056444,91.96799997537849,320.742928972028,49.90543182723726
1454,Mic,012_01475,0.0,0.0,0.0,0.0,4.164320744567115,40.60625986286883,463.5154523967491,3.6464027048284735,442.82599756592043,75.4593849951452,65.1001296316638,52.963851625990486,35.065563524138746,13.641914832560836,29.57715217703063,245.96293438243987,134.706083704314,180.91061333976148,0.0,35.91707853315016,116.7271909671394,0.0,456.5042505896198,0.0,0.0,1513.7358093096595,152.64293661399628,63.24082745230104,94.63373910509961,178.0478005792474,0.0
1455,Mic,012_01476,80.47041489002325,0.0,124.85015949946347,56.176002577596286,0.0,755.5501835158515,215.61280594635292,228.98589569984648,526.8102384835951,509.805058498501,0.0,0.0,0.0,31.72894798134936,68.79180337803754,268.15832558197883,216.0725248104843,382.51784434454163,118.5330881763462,139.22912465097534,180.99272307264312,0.0,0.0,0.0,3134.522622072159,0.0,41.76746580184696,63.03780713945257,18.34193257935919,171.70463421166664,298.5914881798185
1456,Mic,012_01477,0.0,109.09055574625293,0.0,0.0,0.0,324.1789010539776,450.73299059511623,91.49155877569625,467.3082556245664,163.92593670728115,148.4928576722249,0.0,13.330710100085804,15.558547494986739,0.0,214.77290318879886,127.1435022025329,103.16390347474001,58.12366307269869,40.96327964937787,177.50250527234422,0.0,0.0,656.043080367439,0.0,0.0,112.64558958679937,51.5185017025829,17.9882314001429,99.05501503703341,204.98346791848695
1457,Mic,012_01478,92.41118613176863,0.0,0.0,0.0,0.0,90.38167517864352,114.02952300897952,0.0,0.0,0.0,144.90028853499362,23.577456530279637,26.016385840490038,0.0,0.0,111.20400813560914,44.80213462468285,109.81963918278775,0.0,13.324077520362156,86.60404491110343,0.0,0.0,0.0,0.0,0.0,79.94203131966408,100.54417267762148,0.0,231.98045457060084,114.29953741076922
1458,Mic,012_01479,221.67683339942118,155.3566396564941,77.81277447795694,144.5481154760258,261.68294107377994,350.2289913172437,787.5406342507922,125.80089331658235,147.38143576624384,380.76189673570707,240.63797917418583,169.67348181611953,187.22506238781224,268.9406066990565,133.6253482283705,127.85405880426491,236.5651174413199,131.7181981864984,62.79431456961198,287.6573164663901,287.6491491690221,0.0,0.0,594.4445653329386,0.0,466.2846912605647,165.95109180198122,233.7652014754699,174.90342852460375,449.4621307305391,63.27295820953296
1459,Mic,012_01480,0.0,16.43830292066825,0.0,19.568157453644112,3.936138785960697,230.28755593462597,172.94105740109418,189.56298992909666,286.2576181714512,125.66719497234551,61.5329992408877,0.0,22.09610852206003,0.0,27.956486304316623,243.38327175728156,165.37605647024662,132.1345886970985,48.17098103970233,169.7450971772165,73.5541203354577,0.0,0.0,0.0,17.941508351946887,0.0,144.27894008720193,85.39368090428125,44.72416437158817,266.8040045432424,48.538159722381444
1460,Mic,012_01481,53.05086611268199,0.0,9.078157022428309,16.53328118189838,3.990807380210151,622.629317897322,313.279522869908,408.8529032788926,448.7642772267662,327.1403893142703,124.77524846068896,0.0,44.80599783639951,13.073501714537468,47.2412847272017,173.1028203563916,213.67171897925672,189.13382303702335,97.68004488606307,57.367555990448174,149.15141068023368,0.0,0.0,400.10691897409333,36.381391935892296,0.0,223.72665709600432,51.947822550104426,45.345333321193564,74.91035512175652,73.81845124445512
1461,Mic,012_01482,95.69091507590237,116.49231579166674,169.20623360384118,140.163566228503,208.75505160447926,456.24820580784973,293.0827406177708,59.88017468931268,0.0,422.374511657884,56.2660828131708,54.932028158229805,131.33115023445703,141.48858640534914,153.38130690552,76.39806436552688,219.470742667629,99.50255408210833,88.09557284087525,124.17261388496173,100.88738425969879,0.0,0.0,721.6959874605775,0.0,163.54035100579304,131.9293857164811,187.40258322876923,109.05599997080371,108.8467790495669,110.95884111901394
1462,Mic,012_01483,0.0,0.0,37.89143800665728,0.0,8.32864148913423,81.21251972573766,239.07639123621792,0.0,0.0,323.397364264908,0.0,63.55662195118858,23.37704234942583,0.0,0.0,53.80439189615872,71.2239063264189,115.12493576166639,101.92700335937018,131.69595462155058,233.4543819342788,4104.466657916318,0.0,0.0,0.0,0.0,71.83197017129235,144.55046274811667,31.54457970169987,408.2071525475428,0.0
1463,Mic,012_01484,125.64678816161525,47.36826762666246,86.00359284405766,131.57011130015974,94.51912216287202,147.46483844936574,261.3533804303553,96.00594489949704,50.83256687122408,371.90696890464415,177.31219518097905,96.17120426824589,106.11946855989358,74.3125360615814,26.85294079230413,0.0,199.61436904641084,97.05551445320935,92.53898989205975,97.82677968897478,211.9520046508584,0.0,0.0,631.7477668012,0.0,343.5781935604161,114.127768397152,82.0228777106912,42.95873683060443,236.559016173968,69.93326960001012
1464,Mic,012_01485,466.089752275706,99.99967610073185,155.62554895591387,102.03396386543001,34.2069204018013,0.0,444.87028194319566,0.0,639.6981467300798,425.0365358910219,0.0,17.402408391396875,57.60771150394223,0.0,16.197011906469154,88.39292954368932,122.09812513100383,283.70073455553506,83.72575275948263,206.52320156561345,191.76609944601475,0.0,0.0,15.24216834187022,0.0,0.0,206.51691424246553,74.21117507157776,25.911619040682034,199.76094699135075,0.0
1465,Mic,012_01486,3.769403644848457,71.05240143999369,55.0422994201969,86.46035885439069,63.51685009344999,221.19725767404864,0.0,206.57830902512467,490.7653274294544,336.67367711367785,0.0,115.40544512189507,203.74937963499565,29.72501442463256,171.8588210707464,456.386652012417,271.58800070258155,223.97426412279083,166.57018180570756,110.87035031417142,211.9520046508584,0.0,0.0,0.0,41.359898200803876,0.0,195.6476029665463,78.74196260226356,42.95873683060443,283.8708194087616,0.0
1466,Mic,012_01487,324.95635003947297,37.611818473708105,19.511262854174273,8.528211905170268,36.02448214255373,50.182064427545356,123.60897547497908,581.3127846390133,418.3030550347351,93.25428474026899,0.0,91.63536836544505,173.33902446559335,50.57689021504645,60.92010448403323,52.24417925268803,154.99172451331157,132.1113868378014,188.94528085423548,133.1612284721567,384.67707112752805,0.0,0.0,0.0,0.0,0.0,166.44646819541998,189.8033874666502,38.98345073583208,150.26793624423996,63.46183271165096
1467,Mic,012_01488,0.0,55.900440056309726,8.119593858569418,133.0877789549087,21.41650668634516,104.41609679023414,0.0,0.0,857.293680016782,249.47796671864327,0.0,81.71565679438532,90.16859191921392,0.0,152.11106833901468,296.4731798359766,151.29550287972214,21.145396364387704,0.0,153.93033657064353,500.25938985916883,0.0,0.0,0.0,0.0,0.0,69.26654266517478,116.15662185116517,141.9506086576494,480.170723513371,198.07186917766842
1468,Mic,012_01489,0.0,54.21669186184257,15.750055556984053,0.0,5.192857795936101,151.90655045085268,365.051485020141,245.53909297935346,152.3306713687504,394.3110031760082,162.35815462354708,0.0,29.15089015862137,17.011303435783695,0.0,148.56402013668267,73.36920470974476,112.79667759436934,0.0,97.04102242239667,97.03826718954963,0.0,0.0,0.0,23.669821259496192,235.9512895535388,55.98350084886114,56.328964210956606,19.667855416421304,10.83041278868769,64.03528300723818
1469,Mic,012_01490,24.141124467006975,0.0,0.0,16.050286450741797,67.79888493121065,283.33131881844434,22.6960848364582,0.0,106.54589092926643,125.36189963077892,0.0,0.0,0.0,0.0,0.0,53.63166511639578,36.01208746841405,95.62946108613541,118.5330881763462,13.922912465097534,0.0,0.0,884.7975643450498,0.0,0.0,0.0,20.88373290092348,0.0,18.34193257935919,10.100272600686273,0.0
1470,Mic,012_01491,79.02749710578833,54.62051273915836,7.212439234370628,59.10933079100772,118.89853712074381,278.25089517066533,356.6259289061129,308.16880900724175,191.83159028919877,615.5701554283767,223.04651311041778,48.390696989042894,46.72184050250763,7.790003780248532,22.519431726511595,144.84248316952127,193.63078533706434,164.3507703632065,58.203833642454136,136.7326024158544,22.218417039262395,0.0,347.5728914834071,588.0743901500604,0.0,324.1482543383788,220.47460913609424,144.45077277380764,36.02608550759654,203.34286742016113,146.61871695450395
1471,Mic,012_01492,647.1566498685604,0.0,338.62619447515715,111.86856279221844,62.31429355123321,607.6262018034107,0.0,0.0,685.4880211593767,690.0442555580144,0.0,79.25434183069902,145.75445079310686,102.06782061470217,270.47058436585843,0.0,258.7229850290999,225.59335518873868,127.10174515294955,89.57632838990463,97.03826718954963,0.0,0.0,0.0,0.0,0.0,425.47460645134464,428.1001280032702,19.667855416421304,86.64330230950152,0.0
1472,Mic,012_01493,3420.334022464915,6032.707732767787,5926.2209042412,6467.098146088891,2131.5265018373348,101.88479747410726,263.20580808825923,128.08818228597474,561.930921049168,405.71669335052087,163.34214343944737,4916.971389132862,4985.68557743209,5887.354372102982,5293.772473285265,405.00033172744924,3282.7745915903984,3982.1266741249647,4603.394115357737,4671.179322684056,1952.5275579957863,0.0,0.0,0.0,0.0,0.0,157.70382542151913,294.6858297387742,237.4446544818863,392.2578595466524,0.0
1473,Mic,012_01494,838.961554096271,7559.975513215328,8739.93082936412,7305.631812764788,11033.784244805027,0.0,447.27498616991556,603.8442879195952,0.0,0.0,0.0,4823.947606095214,4562.530751112224,5567.070558670469,5655.9965577390285,1227.3989645209433,3488.953925618434,3988.0217543235212,2411.3016794731,3221.7619444235693,1380.7159160113063,0.0,0.0,0.0,0.0,1119.0832590253553,743.460891272876,213.72818420614394,139.922742819683,102.73420130983753,0.0
1474,Mic,012_01495,0.0,7.792182553303781,33.95466522674484,61.83876597904849,126.87657749031753,0.0,13.116568509381688,0.0,31.927893241430002,425.0365358910219,233.34591919921053,0.0,62.844776186118786,0.0,0.0,34.438803718320514,63.8240199548429,88.42620297834857,91.33718482852652,32.185434010225464,209.19938121383424,0.0,0.0,0.0,0.0,0.0,112.64558958679937,32.38305821305211,0.0,77.82894038624055,0.0
1475,Mic,012_01496,368.0403836567313,37.49987853777444,36.312628089713236,59.51981225483417,0.0,291.85749276436974,301.5899884344637,676.17980157663,259.7467148078837,356.41084520028403,187.16287269103344,0.0,50.40674756594945,0.0,28.344770836321022,220.98232385922333,204.76873068845433,342.8050542546048,73.26003366454731,111.86673418137394,111.86355801017527,0.0,0.0,3320.887427484975,0.0,0.0,103.25845712123277,246.752157112996,68.01799998179035,131.0931214630739,258.36457935559287
1476,Mic,012_01497,312.5178294637994,0.0,44.5654981101026,29.218816925100413,66.61020318241671,343.861191475112,626.6440605357102,0.0,613.0155502354561,327.9543271250044,0.0,19.933667793781872,43.99134333028316,25.671603366728117,9.276470455523244,310.98239757643427,161.71064186384655,177.95773349392653,0.0,112.64901903578914,183.04945856210497,886.3445882743284,143.17633313947167,0.0,1607.3960437130597,890.1798651338055,92.9326114091095,102.00663337111415,44.52087271535368,241.0751428463801,72.47629758546503
1477,Mic,012_01498,265.4829980897577,0.0,56.347181518520536,0.0,0.0,0.0,578.9947332093875,117.12496963957666,567.6834466418051,538.6238859998294,0.0,0.0,0.0,0.0,0.0,130.303370275611,262.48465478055243,117.39340740229034,0.0,181.59798758355663,0.0,0.0,0.0,0.0,0.0,0.0,256.3658245768537,16.121738032791026,42.2180689542147,185.9843299574645,0.0
1478,Mic,012_01499,130.9371792421043,14.958400303156568,83.28768991214005,11.8709874857287,28.654218087270674,465.67843720852346,142.6835582724152,526.9001404284556,306.4547093671883,342.0307858070412,149.31553278398232,24.295883183556853,13.404564449670765,15.644744434017134,33.91950415869995,92.55547747233952,111.8669110445416,216.90139262417637,233.7827113062562,137.3007434231225,44.6214746633386,0.0,0.0,0.0,1893.8479702473353,0.0,10.297242261397171,176.13333739980004,36.17577838366688,273.9104397803839,29.445587200004255
1479,Mic,012_01500,10.23123846458867,0.0,0.0,20.406792773086003,0.0,120.07851130876925,151.4963662833585,733.2394924737943,158.0430715450785,95.63322057547991,192.51038333934866,0.0,0.0,0.0,87.46386429493344,113.64805227045771,160.2537892344425,121.58602909522929,301.4127099341375,70.80795482249603,0.0,0.0,0.0,0.0,0.0,559.5416295126777,212.41739750653596,26.716023025767992,0.0,192.62662745594537,0.0
1480,Mic,012_01501,0.0,0.0,103.20431141286919,789.4206678009585,0.0,0.0,797.3492962282027,0.0,2079.514099277349,1174.4430596988761,0.0,115.40544512189507,382.03008681561687,148.6250721231628,214.82352633843303,83.74067009402147,236.16347887181,89.58970564911633,1110.4678787047171,717.396384385815,847.8080186034337,0.0,0.0,0.0,0.0,0.0,0.0,0.0,0.0,0.0,0.0
1481,Mic,012_01502,215.70428302669177,41.11661809217909,28.75517757358002,62.843253548251305,45.21564503872618,241.7824508586048,280.26400530705916,501.92640683671937,533.0499536602197,468.1874532403642,22.80156824662336,66.78284641571592,73.69108273600732,52.55945866961256,62.157060920257265,152.10763002695776,232.6527092439115,138.25010414889016,89.25080243396627,142.57439295900218,122.65242908729877,0.0,0.0,295.7135401148629,19.945128573991717,397.6437976232227,223.2898615921074,145.55938095257684,41.43228425286721,200.77496195069767,26.979332434521666
1482,Mic,012_01503,120.42077130887549,47.78745583574796,5.784312439069365,0.0,22.88533789713432,0.0,442.42301657971956,768.16474680037,722.6158138491791,375.19818101884454,119.2542197677381,0.0,149.8820104615842,49.98011274938218,18.06038495765587,98.56202763278634,190.0354668797814,45.191267451324165,0.0,98.69250340303651,213.82768610794562,0.0,0.0,0.0,0.0,346.6187085476764,49.3447494207661,182.04723654726862,14.446300881088215,294.3380325138044,94.06953078939414
1483,Mic,012_01504,374.09064351623175,606.183603579694,341.4135754414275,314.1664316956195,758.3356869281805,808.7762273717791,343.6000060034935,1011.5948122364354,459.8274933843063,562.3335612303898,0.0,572.6648204674106,399.0967229963832,329.9374453318321,392.7357938558294,431.9407072547293,118.95126623587485,152.08699172049302,145.0095511710627,264.00904117666045,166.065488180054,0.0,0.0,0.0,0.0,0.0,229.93635812563173,269.91445943559415,56.09731957261059,197.70155578525433,146.11487256634413
1484,Mic,012_01505,737.6294078661532,323.35224607422276,164.38531039415093,119.75243663248072,51.61762839074208,0.0,260.05364272193276,759.3251524737425,365.9280698448923,142.52722161615102,0.0,78.7797649335092,57.95266786025325,0.0,48.88200000515241,47.636908137317604,218.78960446378977,81.54272609979449,126.34065685862049,192.919876911591,1157.4863966561848,0.0,0.0,0.0,0.0,469.0768151603286,400.6675461949631,335.9499901443879,156.4006706168113,172.2489602799671,63.65183819881159
1485,Mic,012_01506,138.89681309502194,370.90788953726,249.56678941657458,307.33866691587104,135.83257119551644,356.59679115937536,143.84503465288583,494.0544173887597,443.7977160558771,477.8441055017246,163.34214343944737,159.46934235025498,205.29293554132138,222.48722917831037,160.79215456240289,173.57157074033543,209.7867786341793,103.16390347474001,127.87205875993713,150.19869204771885,195.25275579957867,0.0,0.0,1024.2737125736787,47.62654944334992,0.0,315.40765084303825,147.3429148693871,148.40290905117894,386.8098337196156,32.21168781576224
1486,Mic,012_01507,541.2655187717877,33.17961603342255,78.31479237781471,105.32538205463742,87.39316438137622,542.2900510718612,311.8358384327195,208.70194282935316,131.09563538301444,404.47025189629505,124.20024731570881,0.0,0.0,78.07953097714541,37.61886636341223,403.2672822500112,138.83738422154468,62.75407953302157,97.22990643036692,125.62701662055748,148.464076990463,0.0,0.0,1239.0407813391275,36.21373575185593,0.0,239.8260939589922,86.18071943796126,15.045456217170214,99.42019481597177,832.7537725641757
1487,Mic,012_01508,445.78967595707775,0.0,40.01799830294928,0.0,70.3685219694198,343.0814608821978,185.50575463268387,677.7844048077088,161.26844035212093,652.7346801183551,0.0,0.0,24.689019215975236,0.0,0.0,414.0036189852388,130.8194197832184,173.694327278899,107.6473964050491,101.15422117499432,0.0,1279.127029725343,0.0,0.0,0.0,0.0,246.55590782008636,171.74586230850852,83.28734691647797,174.28123436490293,108.46792835919935
1488,Mic,012_01509,140.21313366058178,138.19532973613616,198.22094872772445,167.24953002126145,92.65413833209594,451.73489858961176,197.73038209728173,223.1094537898696,370.0816646545025,382.6144632109199,0.0,244.101344576446,111.45599461799186,271.005409821506,172.35361614100768,299.28047546078307,259.60498678285893,78.41248709404422,242.9814552252164,237.83861984523617,278.26328441686593,0.0,0.0,331.7585201474248,0.0,0.0,156.96871024955152,21.536909157049053,18.799600762721322,251.9058391042561,306.04194757777935
1489,Mic,012_01510,406.5482214971868,0.0,0.0,66.00216804496462,22.759455950505416,0.0,86.66458797287835,109.60869912731926,135.6145168373611,34.3676406908582,88.94869197197627,0.0,31.940909348720442,18.639447989043518,40.41234653891314,351.8213631342882,112.12476342475846,112.35672655664753,0.0,98.1496403480143,159.48863716302216,0.0,0.0,0.0,1193.021486056191,1034.1363449739258,294.43995693975285,24.688074083217945,53.87564354993294,189.8717911996997,35.08203623498857
1490,Mic,012_01511,68.67543626915682,0.0,4.476899353526289,0.0,0.0,460.57511186925194,159.10577280900662,0.0,256.18854063243316,468.70467314009943,0.0,60.0740673237262,16.572081391545023,19.341618974932143,13.978243152158312,419.56369982038836,155.86327446089615,69.95360578081684,72.2564715595535,101.8470583063299,55.16559025159328,0.0,0.0,0.0,0.0,804.8201520387829,229.14890484437953,89.6633649494953,89.44832874317633,172.39643370486434,36.403619791786085
1491,Mic,012_01512,93.60063704237555,263.7615219132175,181.2036094773809,164.06253199748352,122.90106213272925,233.02364570810664,259.99376391863507,651.67353844788,235.760621578797,265.1217996151919,0.0,95.52371497218243,86.24045524154519,89.46935034740889,24.247407923347883,192.1889834435067,747.6394602699933,849.4168527682555,2924.598571638166,1079.6460438281574,2392.3295574453323,0.0,0.0,631.2974119575397,591.3236930887207,775.6022587304443,235.55196555180225,214.78624452399615,51.720617807935625,455.6922988792793,63.14766522297943
1492,Mic,012_01513,750.2908207365024,2128.564534144149,2464.0711918019697,1638.2119753949594,779.9177851610694,600.3925565438462,725.4191083938595,539.1466856424958,413.92233023711043,850.0730717820438,855.6017037304385,365.4505762193344,441.6591215302238,313.76404114889925,340.1372500358523,6.313780681692095,2070.5807053466065,3242.294109206115,4772.36790729051,3314.205663219606,4666.308419853025,0.0,0.0,0.0,0.0,0.0,427.78503664510714,237.4757602290488,207.29295232545627,342.4473376994584,801.4574706540842
1493,Mic,012_01514,299.0393558246443,846.3130482630357,954.066523283413,771.8779862942705,356.9042052870047,353.9156122784778,65.55983102320778,296.62526424120466,229.20866516479222,88.73569784391509,141.8497561447832,92.32435609751604,135.83291975666376,307.15848238786975,157.5372526481842,315.4231906874809,663.5069168303235,1009.3773503133772,1258.5302625320126,704.3528137606185,480.424543875279,0.0,0.0,0.0,0.0,549.7251096966658,123.9101485454793,183.73124607194828,114.55663154827846,217.63429488005053,149.19097514668823
1494,Mic,012_01515,0.0,116.66628878418715,80.69472908825163,167.53724930990361,111.74260664588422,155.6573294743305,196.3841785154647,0.0,256.9012891370618,261.71231145141627,166.36699794758528,243.63371747955622,313.64198485479653,122.01934933568303,151.17211112704544,108.03580277562028,187.95197502804984,451.8196883662224,0.0,160.62915677325486,348.0199582538786,0.0,0.0,569.0409514298216,0.0,241.77724732029284,45.892647609436786,80.8077239668291,70.5371851663011,144.27179504930888,65.61640110618232
1495,Mic,012_01516,145.47542191837013,65.62478744110528,44.256015484338,48.35984745705276,62.855216238309886,350.2289913172437,436.60411116384574,231.94539705244867,71.33888646132016,282.8042576045732,0.0,79.9423135479794,50.40674756594945,102.95382600198256,63.775734381722295,29.00393000652306,96.81999766247569,150.71601523262797,164.83507574523142,64.5385004892542,251.69300552289434,0.0,410.1405376391116,0.0,0.0,815.9982097059883,154.88768568184915,107.14238400959037,59.51574998406655,37.45517756087826,110.72767686668269
1496,Mic,012_01517,735.808245740966,3464.3723405308338,3447.2125022152422,3414.6434756608974,3011.146171259934,0.0,0.0,299.854184069662,230.9305154996581,101.89232024784772,0.0,3634.481073085434,2485.8122087317533,3520.1746534376502,4221.42943195181,294.23947779611655,992.2563388214799,629.5824520273517,1156.103544952856,1018.4705830632989,1875.6300685541717,0.0,0.0,0.0,0.0,536.5467680258553,0.0,102.4724170851375,0.0,98.51224783135105,145.61447916714434
1497,Mic,012_01518,93.01125876898791,0.0,84.88666306686211,0.0,0.0,0.0,0.0,0.0,0.0,463.6762209720238,0.0,0.0,0.0,0.0,0.0,0.0,16.649744336045973,0.0,0.0,0.0,209.19938121383424,0.0,0.0,0.0,0.0,0.0,289.6600875089127,97.14917463915633,0.0,93.39472846348865,0.0
1498,Mic,012_01519,136.7592679186224,90.45196833232026,164.22796623488395,50.24788170257357,25.99038374247415,506.8640678360109,86.27933758181221,432.40106044493626,434.155171413616,710.1741114762049,0.0,22.037220676542777,170.21776062471372,0.0,20.510788946885565,87.94874396809288,199.71326497558664,513.2274594974504,0.0,286.43418910607693,0.0,0.0,0.0,0.0,0.0,0.0,18.67992189127829,169.15672870586766,114.84446228081184,243.92919657737804,53.41636672965597
1499,Mic,012_01520,24.380823575190025,76.5954965877946,133.506853912818,0.0,66.0266344436471,143.0722687934272,197.6973857882125,0.0,219.69107817613752,0.0,0.0,55.98391805913207,82.36677049074294,0.0,69.4748425605145,0.0,188.2129609732176,289.7369203971421,89.78250934208351,73.82105928302778,274.1847209100466,0.0,0.0,0.0,33.43991769426697,2666.751595975315,158.18316835593103,159.15928611095822,69.4651914707646,99.45545020420441,0.0
1500,Mic,012_01521,70.15706375717944,0.0,5.3357331070599034,0.0,35.1842609847099,68.61629217643957,758.5124189425297,634.6526699563092,176.32016145165224,24.287802050915538,0.0,0.0,59.253646118340576,0.0,16.659783675225416,77.93009298545671,99.42275903524596,222.32873891699072,86.11791712403928,171.96217599749036,591.735392576274,2217.1535181905942,0.0,0.0,64.15004618900193,0.0,182.07205500560227,137.3966898468068,0.0,36.69078618208482,130.16151403103925
1501,Mic,012_01522,0.0,0.0,0.0,0.0,0.0,0.0,232.10623405731948,0.0,0.0,443.5163852775881,0.0,0.0,0.0,0.0,101.40737889267645,484.2395270654285,79.62921204195901,148.01777455071394,0.0,76.96516828532177,200.10375594366755,0.0,0.0,0.0,0.0,0.0,46.17769511011652,255.5445680725634,0.0,89.3340880955109,0.0
1502,Mic,012_01523,54.88020632346413,199.9993522014637,290.5010247177059,333.85825724550654,786.0514398538064,64.40992943765401,495.31379014737905,329.68509972621575,209.91672338043634,797.9613125923399,103.26227458815639,302.44185618151806,278.1061934673073,216.38899389579257,140.74644829069746,243.8425642584533,169.46377712147944,404.35506994122227,0.0,142.42979418318168,185.1534753271866,0.0,0.0,0.0,0.0,0.0,313.3360078161546,28.66086761385072,0.0,103.32462775414693,40.7274213762511
1503,Mic,012_01524,0.0,99.38618115532859,120.29950410089047,280.436906820323,232.69100209519803,0.0,0.0,0.0,25.855717226188716,0.0,0.0,161.42602139749738,178.12445765636124,173.2439491006192,300.4893497249247,341.64138412591586,208.42824121289456,41.7718872965205,1164.9693696840898,212.85826909830095,296.4727427018142,0.0,0.0,0.0,48.21092428314562,480.58790264892565,136.83329287230845,45.892554890889805,40.05968097087039,176.47592863039574,260.8553859926758
1504,Mic,012_01525,171.39510590251106,4707.677059511377,3407.8004822653957,3162.180794667087,1989.263986443214,718.4184437276792,0.0,554.81419616544,0.0,0.0,0.0,2248.9266228882116,2771.0786354204,1786.0414650014263,2337.3534105027793,598.3521384495892,1260.1152657751036,640.1452472022329,1262.3267339121999,1016.7296077076352,688.3911262164631,0.0,0.0,0.0,67.16564665087809,1339.073985158545,158.85916480189655,63.93578160012852,27.904820505349882,245.85962706627782,0.0
1505,Mic,012_01526,260.4315245531661,215.70178068009105,140.4488425288082,194.79211283400272,170.97806164470597,555.7352589496759,108.50979403215759,704.9008732945688,282.9972355490387,135.23889778350699,0.0,0.0,159.96852120102966,140.02692745488065,118.06416943393218,203.81510200569684,272.82876514293514,112.54244015426183,610.2984622633362,235.53885798392275,66.56343947712908,2129.529205594166,0.0,0.0,0.0,0.0,76.80381108190866,30.91110102154974,134.91173550107175,118.86601804444011,43.925028839675775
1506,Mic,012_01527,520.8630491063323,0.0,35.652398488082085,71.42377470580101,7.836494492049025,76.41359810558043,0.0,233.3034748780254,464.5508466628065,243.43001601031256,122.50660757958552,0.0,0.0,0.0,37.105881822092975,0.0,99.06597879947356,61.898342084844,0.0,112.64901903578914,366.09891712420995,0.0,0.0,0.0,0.0,1424.2877842140886,50.69051531405972,85.00552780926179,0.0,24.516116221665776,241.58765861821675
1507,Mic,012_01528,170.83352298670988,16.51370797993737,191.8905851346314,209.6844762005167,379.60266897264995,462.68784174021175,64.86082960143789,498.5870267226016,0.0,0.0,0.0,160.93236383970688,0.0,51.81424532734116,224.67781653744368,233.55196062919748,147.02182498572708,31.23310839143505,0.0,272.837991059159,443.3491473430799,0.0,0.0,0.0,0.0,0.0,170.5185530442376,343.14158014747875,29.952880725926022,16.49402314607483,0.0
1508,Mic,012_01529,82.86457599418922,148.75984874489035,75.62629982320442,106.25024336400149,227.970748859608,416.8014442122569,525.8551556943022,611.329960910334,348.30428990650915,36.88333575913826,0.0,36.24303235233068,0.0,140.02692745488065,101.197859514799,355.0327583325042,222.50112885443258,28.135610038565456,0.0,40.96327964937787,133.12687895425816,0.0,0.0,1650.6890409245236,0.0,0.0,122.88609773105387,216.37770715084818,26.98234710021435,430.8893154110954,0.0
1509,Mic,012_01530,158.44838330115195,3.9822879863123304,7.230390548836706,14.221548060889582,1.90711149142786,92.98114813732133,237.9699558875764,123.57432883310301,242.42595045262783,283.04424182123364,29.813554941934527,24.255569218097413,10.705857890113156,0.0,9.030192478827935,130.24267937189623,73.74510655036293,82.85065699409431,0.0,93.20958654731226,53.456921526986406,30.814761286402064,0.0,191.20153650089415,643.2745229018833,0.0,94.57743638980169,144.81030179896368,32.504176982448485,121.3149998874464,58.79345674337133
1510,Mic,012_01531,47.58715564924962,0.0,0.0,0.0,5.727670392859752,111.70094075234348,365.73873587787546,225.6893102689517,227.52601662082182,0.0,89.53971318109241,0.0,0.0,0.0,0.0,195.58036902357838,80.92550154031649,56.55164143964152,0.0,57.634381832264204,0.0,0.0,0.0,752.8922222821476,0.0,0.0,37.04954607672139,24.852114442574877,32.54017274876349,155.29588570091718,0.0
1511,Mic,012_01532,125.92293494878362,0.0,0.0,54.94136515830847,75.78148519783672,92.3680856221302,1132.0607590404811,622.0923295874951,1036.253106467731,0.0,592.3396410441497,48.19128477617596,26.588174540281027,0.0,0.0,131.13236800437426,281.76490414847035,168.34988643954824,0.0,177.01988705624007,0.0,0.0,1211.4920496416835,443.1953564020725,0.0,0.0,285.9464966434138,123.30472165739073,35.87762636402128,167.9309059872344,233.6232303121217
1512,Mic,012_01533,2089.2579947433933,12290.40605120842,11065.868651746752,10863.692611302724,7708.714709248735,481.8437077995199,64.32966721161719,572.113616739107,67.10958452020319,360.0627979204198,0.0,9441.194504112229,6472.611661971599,9101.15569039546,6239.460382823277,684.0599324559397,2476.2782973424046,3491.145344976393,3023.7262302309973,3756.8806603273374,1949.4184376805065,0.0,0.0,0.0,75.08006998235098,498.954319310668,366.9950259468018,59.5580131147694,83.18124838537418,200.39712835119582,0.0
1513,Mic,012_01534,477.45779501413796,613.04149261753,672.5730246181669,502.0366772799056,755.8242151389313,365.45633876581945,537.9218802814903,596.1868422394555,484.8181180247578,927.0724442260696,195.30038889499139,492.56382012171156,473.3851075758731,511.57180622103135,399.29155438991353,495.7690396146054,441.2785500658562,333.03999273910637,305.7810100781105,565.693986897115,875.4539322535455,0.0,0.0,1920.5132110756476,3217.3804868523885,567.6509284911223,188.55892169964244,176.1708764742672,35.48765216441235,97.70915885446503,154.05589824929763
1514,Mic,012_01535,125.8570756731828,158.15848354006962,191.4389598035091,310.7980154562052,122.62966276260815,211.01663075181207,447.9390467513529,625.3199215903758,335.0424947678094,0.0,0.0,183.48982906410095,202.4706178381233,259.9384106589207,290.32635567913746,53.257664662306546,241.38646077154522,242.15460188003826,264.8396196074011,165.9098523037564,336.9948191101514,0.0,0.0,0.0,0.0,0.0,373.2858031495611,281.69195826332776,0.0,323.46228655084826,0.0
1515,Mic,012_01536,0.0,418.3770232538727,459.30567421583225,247.08765303628456,922.5883785774473,636.0915734194263,163.77985544146867,0.0,22.780983285777083,1165.97860521456,291.36706667577096,213.3441201712871,52.31402990628268,274.75553873579287,441.2591351816462,43.00196572395697,450.4430832535682,92.01104904503839,342.14415722253443,227.73369253721697,261.2165246507876,0.0,0.0,2221.566633352371,42.47773328731209,0.0,321.4966016315139,323.48049501470433,105.88748105273307,369.2878047083349,0.0
1516,Mic,012_01537,138.73773624756365,0.0,119.77463715455151,29.9157171542622,54.15797240578383,396.07048232735406,333.13337088487214,154.122560398326,485.43770666551166,338.80530151522555,141.10708726444403,22.960245626345614,25.3353286195348,0.0,42.73975916680866,212.4207050290754,99.0049587940535,160.4171692774753,165.69808661300752,155.70335615417974,84.33692331657193,0.0,0.0,0.0,0.0,0.0,87.58047148502465,117.49455152693776,34.18705758247054,249.43971653108454,83.48055219268223
1517,Mic,012_01538,491.71026650709723,143.28311799507847,0.0,0.0,25.731772958966943,167.27354809181787,125.61887751522265,82.61551202880034,157.2567876070433,37.00566854772579,268.17366833342106,0.0,192.59891607288148,140.49136170846234,0.0,0.0,181.78041763906913,16.937357286897615,104.96960047457526,184.9461506557732,80.14105648490168,0.0,0.0,0.0,0.0,0.0,129.45836415199332,55.82452572548535,16.243104473263365,26.833560043614277,0.0
1518,Mic,012_01539,0.0,59.750843811225664,37.97005094857981,82.98197891130405,42.921878545662715,209.2654553928759,117.34158384326521,1390.59576678579,354.1214051217527,0.0,223.6635159129362,0.0,240.9484364978165,46.86931735004303,16.936294607594302,316.8941540487452,164.90846361054665,169.51413185061017,350.1890405873796,236.51619764360706,334.1981816071626,0.0,0.0,0.0,0.0,0.0,339.3389960166653,155.1968142575734,0.0,313.3179998453551,44.107290370130855
1519,Mic,012_01540,328.2522340722198,18.74993926888722,0.0,0.0,0.0,175.11449565862185,0.0,0.0,603.636731595786,325.4185977915637,280.74430903655013,0.0,0.0,0.0,85.03431250896307,0.0,113.51310070773012,212.77555091665127,0.0,51.63080039140336,335.5906740305258,0.0,0.0,1400.3742164093264,0.0,0.0,232.3315285227737,38.960866912578325,68.01799998179035,318.36900926746523,0.0
1520,Mic,012_01541,0.0,7.468855476403208,54.242929926542594,0.0,114.45834278843388,69.75515179762529,368.78783493597643,375.8366937258892,0.0,364.19105668670545,0.0,18.19670918934445,20.07903637481804,23.434658675021517,0.0,0.0,103.73274323889225,28.25235530843502,87.5472601468449,82.26650352821115,0.0,0.0,2221.9065806706394,0.0,0.0,0.0,185.09399782727203,0.0,40.64146057003241,216.33861894084043,44.107290370130855
1521,Mic,012_01542,105.20256500311513,40.677834346060415,84.93462163356654,157.37441884329036,121.75344549793681,284.9320607326728,154.06410130511034,950.9694647321309,270.84594181924945,168.0935452676358,0.0,198.2104820172661,95.68738520993794,79.77051893616083,115.30076272401772,148.32033940381768,231.77949177410895,394.29593616193,178.804149960929,196.02202182498903,318.5267414527025,0.0,0.0,0.0,0.0,221.28765008975952,262.5215011556765,211.31317647500106,73.78223726838274,375.82144264474454,30.027844574015642
1522,Mic,012_01543,59.59026409267361,77.65768375156988,126.89836749995317,61.62914304352629,180.6378391387572,284.9320607326728,339.2522634799399,65.1295842132075,319.82008314720565,197.12788490477286,0.0,101.35763284973835,74.5615988648867,147.93805329978917,220.11963792767017,134.83667218528882,204.45321646551372,110.15806642218,357.608299921858,232.9352597011233,421.94451465163183,0.0,0.0,41.42863629438994,750.7235759714478,0.0,97.37161133774184,161.36642567181897,50.30607086480642,152.36004431543702,147.409418817895
1523,Mic,012_01544,0.0,86.26170142874633,12.529596912744502,41.0743752301731,5.50807919568941,214.83695314029003,345.263284181456,178.45238540754812,444.3383481139588,327.94352529610796,172.21376145373043,0.0,0.0,0.0,13.040405752173248,81.33279140122212,178.1735420242364,184.9039931288471,134.81718655201038,221.69902787874156,154.39315354759015,2803.4541290465977,0.0,0.0,25.106647470136537,0.0,213.77469717111447,11.949658861365874,52.154376982842436,315.9158746348837,101.88361321918407
1524,Mic,012_01545,68.30118321046932,66.21231959803227,39.18201832023553,60.33070887955944,93.95252252047877,68.70977486332845,282.0777028890871,133.68487300672237,279.9127970144442,413.45515889126654,183.59300863425622,41.82268174717177,72.51978941368203,38.47243011362525,16.682480928188937,75.86859075275787,208.72291894840197,157.6974110335944,287.450813288687,104.6684345809376,329.1897619917964,1783.729669668462,0.0,0.0,21.412481357364403,320.1736844622951,167.12676711175,122.29678115337936,26.688261573236538,205.74833232351656,57.928375908455244
1525,Mic,012_01546,352.0052059068683,114.06454553684713,109.10625812426976,86.10594168550972,69.28090957422012,259.82985445483297,552.5988012808749,566.9789874979198,294.7531782551181,13.795621721346926,83.3120669783889,67.78063237452878,52.35445805922416,52.374832216508686,164.0229088271807,46.72392875416035,239.7614651915616,173.64063506026565,293.49305604096855,398.36314614201785,174.2789280900412,0.0,0.0,290.8969005956932,485.83497113772705,121.07546851897197,143.63618455812903,104.05622569541784,60.55389179213484,155.60976396235048,65.7178174911996
1526,Mic,012_01547,55.96827987864714,18.234383775241987,45.40392282129122,28.941616378616907,7.484929616139444,389.2559556174285,211.93413517691255,441.3044361785754,481.82933534244876,60.28014546645463,117.01065268093551,12.69292884119251,70.02963482389504,73.55973178888809,35.441218527614126,276.30785501355854,185.53260692844287,206.92499307668547,91.60154715798679,125.52785044509065,116.5582659440321,0.0,0.0,0.0,1148.6200383117603,226.73177462163494,220.5636508117794,81.19196578019215,141.7451808593026,280.9951381701779,92.29977116528107
1527,Mic,012_01548,157.12259070618313,0.0,3.3348331919124394,29.15256110440857,101.15475033104097,300.1962782719231,10.305875257371326,531.4445901333172,209.6489724577572,178.363546311411,206.261125006445,0.0,12.344509607987618,0.0,0.0,284.12013067614424,125.91369154134772,86.8471636394495,0.0,195.9863035265515,0.0,3872.912395557288,0.0,578.1136706809348,0.0,199.83629625452772,208.62422969391923,104.95580474408852,66.62987753318237,155.93584127386052,216.9358567183987
1528,Mic,012_01549,160.4571278326201,0.0,25.00213737324518,27.320569559596013,28.26276702050468,137.7950129772762,571.215807297909,193.85711429112686,302.2681696217349,40.645570372092266,147.27570310114106,35.94595831665584,0.0,15.431018417158977,0.0,52.16631907496419,115.59289715271265,46.50831714025165,172.94171881466906,54.17002008278385,132.0356750284036,0.0,0.0,0.0,0.0,0.0,142.191973740714,143.06941292487778,44.601967201174006,83.50662538163022,58.08665015957124
1529,Mic,012_01550,324.6960393554694,0.0,27.093359818231637,74.01427430652953,73.69553110398435,217.75895833196495,366.31245733454557,301.1399622396945,533.6342053033308,169.57416198760976,384.0233035525867,34.08347342978248,75.21835906214218,14.63148378414556,58.15818264861721,123.6585024704462,149.45949255025727,149.935103236604,136.65083999604678,102.72656658185953,146.0601897334931,0.0,0.0,562.2227794081559,0.0,0.0,250.3883830711758,82.36286891363707,42.29098444463648,235.2107523512148,96.38471354198285
1530,Mic,012_01551,277.52234335196766,0.0,0.0,0.0,0.0,210.1373947903462,0.0,0.0,0.0,548.5627791343502,0.0,0.0,0.0,0.0,0.0,9.94420457366505,28.044413116027442,42.55511018333026,131.86806059618516,61.956960469684034,100.67720220915774,0.0,0.0,0.0,0.0,0.0,116.16576426138685,23.376520147546994,0.0,11.23655326826348,0.0
1531,Mic,012_01552,114.87118799849145,677.575546738183,378.6973260027049,399.78610391790414,121.33099491781304,220.11118275911878,219.84742733973465,227.3063604279982,312.1199776285784,545.3823962987908,176.44159520464035,351.69384421762453,182.15728089298918,194.11261465512916,280.5714795713086,429.66775899305617,270.6741579213497,284.165056543351,69.06346872467962,292.03935540538464,52.727830944239734,0.0,309.31711905745107,119.44272016509758,12.861506805487293,128.20921134496706,139.93126431486206,104.06568707254961,101.52604907265597,147.12344704763964,69.58989839084477
1532,Mic,012_01553,406.72330686389523,95.23778676260176,76.0836017117801,27.712928457277286,91.21845440480345,148.2450756898386,411.4716121276404,119.81037458722128,592.7776581173433,595.5758867114936,95.06685597004872,38.67201864754861,42.67237889180906,0.0,143.9734391686147,67.34699393804901,188.79987867479298,186.13169886183252,148.8457826835247,209.80134762221047,85.22937753156211,1670.41005802267,0.0,630.0096247973024,568.2426930939369,276.3168540803347,111.45357276577505,118.7378801145244,40.30696295217206,149.02800807291246,112.4852590391697
1533,Mic,012_01554,1761.6546229831986,227.58546974649317,540.9329425777972,394.0622052733848,59.449268560371905,386.459576625924,789.4063530473853,0.0,678.1924909214097,1402.1320206979688,0.0,100.81395206050603,111.24247738692291,0.0,140.74644829069746,73.15276927753598,191.56774805036807,0.0,0.0,170.91575301981797,185.1534753271866,0.0,0.0,0.0,0.0,0.0,128.18291228842685,0.0,150.10868961498556,103.32462775414693,244.36452825750658
1534,Mic,012_01555,0.0,53.35951096284111,80.0887212413438,79.04607477321849,17.035857591410924,199.3398211449924,215.56795202375122,277.4580967219484,79.12564846789174,41.15966454280647,0.0,43.334060421264944,47.81667753291647,22.32313336237228,48.39897628968648,53.45501272800185,110.21406848534781,67.28080661396088,166.78964186078755,117.5468024721278,63.66937689116695,0.0,0.0,0.0,15.530396557614104,0.0,249.77935082290298,66.52606524203097,0.0,63.95508579564984,63.02286746562176
1535,Mic,012_01556,121.96446644915603,313.6623503832856,370.1730879323638,384.698350890651,440.3954726422798,332.8909224401524,517.9875758071267,457.36720817672307,513.2487867998589,518.4604081363752,53.369215183185766,225.78332629788576,268.3036385292517,201.30603828167,436.453342620262,182.7370662249736,250.05937805295187,74.15543952738737,292.45985716381654,215.92920876563144,350.8750017586487,303.38810518018033,0.0,395.5116315878562,0.0,0.0,206.10796985782696,103.68991114951535,64.65077225991953,299.04807113952705,63.14766522297943
1536,Mic,012_01557,230.57717905560807,35.12183745976923,31.884258810479917,17.420432855073418,75.6890687524735,164.00967398270922,98.53422197291611,301.9221439597976,133.62991415193628,10.885082016721292,0.0,42.78445770372694,23.605111055273888,0.0,19.910473172830375,15.522660797916172,98.49745094409639,182.67559493332013,102.92141314824207,42.312070564662264,117.86599283023344,0.0,0.0,0.0,0.0,0.0,0.0,18.245088895646433,39.81541462348704,157.8598703053601,25.92648043707692
1537,Mic,012_01558,169.76277156058237,66.66645073382124,77.46693992472156,0.0,191.55875425008728,0.0,972.5692650289682,525.5681765226107,288.77005665026695,0.0,0.0,0.0,35.84479826911961,41.8352054865199,0.0,0.0,204.17519813573418,25.217843071603113,468.86421545310276,128.50332541860388,477.2845141767478,0.0,0.0,0.0,0.0,0.0,523.1761827475793,0.0,24.184177771303233,0.0,0.0
1538,Mic,012_01559,118.13388742617845,0.0,6.738425831080805,0.0,0.0,0.0,520.6060697022629,0.0,266.12063593501193,69.01366433282057,138.9250189046846,45.21038056321662,0.0,0.0,42.07883505598172,418.27169753147837,99.12605519656239,35.09699808934454,0.0,217.16872741951101,0.0,0.0,0.0,0.0,0.0,403.79292851430347,76.6454527085439,0.0,0.0,101.93986470177175,54.79307721237905
1539,Mic,012_01560,0.0,0.0,70.87525000642825,0.0,10.385715591872202,101.27103363390178,596.2507588662302,0.0,0.0,331.5797072161887,0.0,0.0,0.0,0.0,0.0,0.0,81.09227888971789,82.03394734135954,0.0,104.50571645488871,0.0,0.0,0.0,0.0,0.0,0.0,89.57360135817783,0.0,0.0,194.94743019637843,0.0
1540,Mic,012_01561,0.0,71.99976679252694,535.9743906041673,157.1323043527622,241.36403035510995,168.10991583227695,0.0,664.2287167115547,421.44819078687607,0.0,0.0,0.0,193.5619106532459,225.91010962720745,40.816470004302275,15.91072731786408,128.20303138755403,102.13226443999261,210.98889695389624,148.69670512724167,0.0,0.0,0.0,0.0,0.0,0.0,0.0,187.01216118037595,97.94591997377809,125.84939660455096,318.8957093760461
1541,Mic,012_01562,0.0,205.26249304887062,149.07289426303328,150.36584148589685,15.12305954605952,442.3945153480973,0.0,0.0,397.4182500841156,0.0,0.0,115.40544512189507,339.58229939165943,495.4169070772093,35.8039210564055,0.0,258.6552387643634,418.0852930292095,0.0,173.91427500262182,141.3013364339056,0.0,0.0,0.0,0.0,0.0,358.68727210533484,131.23660433710592,0.0,299.6414204870261,93.24435946668015
1542,Mic,012_01563,709.3658668781478,0.0,62.250219582365546,88.42943535003936,114.93525255005235,320.2093634900513,1394.728451497586,711.6736250480943,220.75857612645885,361.2810555073686,1283.4025555956578,125.2973404180575,46.08616920315378,53.78812133981129,0.0,431.86259862773926,528.0743911915915,259.38352873648915,100.47090331137916,295.0331450937335,306.8257591136236,5438.658630091458,0.0,0.0,0.0,373.0277530084518,548.7449435585513,213.72818420614394,155.46971424409222,282.5190536020532,658.0387653791429
1543,Mic,012_01565,0.0,8.61241229575681,150.11536205508244,75.18292074294843,49.49364942346752,321.7414657077071,135.30775935993742,368.3739077021454,307.5160243779837,0.0,0.0,314.74212305971383,324.1467403284022,81.06822115808879,39.058822970624185,418.70335047010735,214.6940717016455,65.15614956299369,201.90325067358492,83.00454034216041,77.07345623667578,0.0,0.0,551.3435055719564,0.0,374.8125747931812,266.79218586347224,178.95900591423535,31.24271769498504,378.4944258783488,101.72111941819654
1544,Mic,012_01567,0.0,59.340467136698024,0.0,0.0,56.83611389837754,369.4723424885208,788.0030773713154,0.0,127.36071699603396,0.0,0.0,0.0,53.176349080562055,0.0,0.0,104.90589440349943,77.48534864082934,149.64434350182069,0.0,190.63680144518165,0.0,0.0,0.0,548.718060307328,0.0,0.0,81.69899904097538,164.40629554318764,107.63287909206385,296.3486576245313,350.4348454681826
1545,Mic,012_01568,1140.2446025666584,0.0,17.20071856881153,75.18292074294843,56.7114732977232,110.59862883702432,132.89154937136712,506.5141230904499,838.7373533751974,0.0,0.0,0.0,31.835840567968074,0.0,26.85294079230413,376.83301542309664,50.60645975824501,246.3716905350699,138.80848483808964,293.48033906692433,211.9520046508584,0.0,0.0,0.0,0.0,5153.672903406242,195.6476029665463,172.24804319245152,42.95873683060443,106.45155727828559,209.79980880003035
1546,Mic,012_01569,35.36724407512133,0.0,8.069472908825164,26.45324989103741,63.85291808336242,207.543105965774,0.0,782.7611139698456,130.07660209471481,615.2535041138558,0.0,81.21123915985208,119.48266089706536,0.0,125.97675927253788,39.285746463861926,63.3101389568168,105.07434613167965,0.0,15.298014930786179,99.43427378682246,0.0,0.0,0.0,97.01704516237946,0.0,45.892647609436786,161.6154479336582,0.0,66.58698233045024,0.0
1547,Mic,012_01570,204.6247692917734,575.3552792795679,693.3118205985961,525.4749139069645,1665.534954363705,330.21590609911544,110.01521837243892,204.87574054414839,137.34695503322297,233.77009474006204,144.38278750451153,352.39876992578667,501.1870900842974,433.66672830222853,430.03066611675604,227.29610454091542,215.1979455433942,261.40996255474295,452.1190649012063,261.10433340795413,143.82457458451105,0.0,0.0,0.0,0.0,139.88540737816942,132.76087344158498,86.82707483374597,34.98068570492075,215.0997339924723,170.83698716573898
1548,Mic,012_01571,210.90160270563146,0.0,16.03993388011873,96.40018671948602,0.0,103.13491768851347,545.2629952120878,287.1038792255744,174.52609127677383,173.4044762990979,165.34634151845898,0.0,29.68740960939354,0.0,75.12233743123117,331.88020172231813,129.77607471746265,167.087549186082,776.6462464560598,60.81664831380027,296.4727427018142,0.0,0.0,0.0,0.0,0.0,22.80554881205141,183.57021956355922,20.029840485435194,176.47592863039574,130.4276929963379
1549,Mic,012_01572,0.0,158.10759599710306,70.66241141782035,57.9111686803792,40.7709510734983,113.5877809677547,109.18657029431243,0.0,448.5006084387363,236.21118295294966,182.10441667235685,74.07781950391912,32.69626869142667,57.24073723662352,82.73608784655866,69.87819430143009,158.0881974880311,115.01381130629797,0.0,100.47074670759572,0.0,0.0,0.0,233.57593107676797,0.0,264.64806801275296,113.0261490110791,63.17978418255943,11.029945942993029,78.95956350671634,71.82335796757795
1550,Mic,012_01573,19.356397095167754,24.324245538015855,52.99680856336526,0.0,0.0,75.72518731183645,363.9552343143748,550.8039112780092,427.1434366083203,569.5872496737793,0.0,59.2622556031353,21.79751246095111,0.0,0.0,35.83497143663081,106.83585948962836,15.335174840839729,0.0,55.81708150421984,72.56014573632989,0.0,0.0,0.0,0.0,0.0,100.46768800984809,185.32736693550768,44.119783771972116,291.5430037171065,0.0
1551,Mic,012_01574,59.359617758514446,12.972930953608456,16.487895997491414,0.0,0.0,90.87022477420376,83.70970389230621,0.0,159.4668830004396,217.11325752271117,48.56117777929516,47.40980448250824,43.59502492190222,0.0,29.41727567877641,137.6062903166623,155.92260574161975,18.40220980900768,0.0,102.70342996776452,203.16840806172374,0.0,0.0,34.60384164100266,0.0,0.0,133.9569173464641,74.13094677420308,35.29582701757769,68.02670086732485,57.45868637406237
1552,Mic,012_01575,28.647467700848274,371.9987950947224,174.30061483062352,123.80120949005507,45.974101020020946,560.3663861075898,868.5791666912555,231.4736437025115,393.3516447344177,79.3401533663241,179.67635778339212,292.36046097546745,64.5206368844153,188.2584246893395,108.84392001147273,159.1072731786408,286.320103432204,453.921175288856,281.3185292718617,528.6993960079704,107.38901568976827,0.0,0.0,0.0,0.0,0.0,148.6921782545752,124.67477412025062,108.82879997086454,263.68445002858294,0.0
1553,Mic,012_01576,0.0,140.38951742275447,87.39306593178895,83.55984784522681,115.25540645687701,468.2727460509107,213.81102762368144,138.76644499545014,140.87404705968,488.9696081420391,0.0,158.80303590589457,269.584833778894,94.39141070774684,34.108470755684344,257.05353326911325,210.6957897455623,132.76246073908047,176.31384146565145,248.5181701290947,134.61018679775964,465.5689838926039,0.0,0.0,0.0,1309.2338963527834,414.1843405419921,260.46262002837875,36.37731475349233,315.49988006711936,236.87703574822368
1554,Mic,012_01577,79.10875334546822,219.9757857350999,211.98723425346105,209.8230749289101,87.11308800797153,158.03517352035436,162.59304489479135,115.30516661214362,422.1910489374992,232.49648349855542,0.0,231.89578279487725,170.5892279552696,99.5491082376061,187.05550295743697,18.69650683650303,205.63705974619418,240.02882359575233,223.13749384078335,165.9951467342886,151.42986936277543,0.0,0.0,320.4616638927638,27.702869535203533,184.10300383495857,200.93537601969618,188.98996312000386,42.2015323036255,171.1230673991712,199.85630043152128
1555,Mic,012_01578,228.45448925992926,31.89863085744864,69.49961224259037,188.05247011147605,52.3755581240745,340.4757789008141,212.22275783154018,187.2681652408871,194.71973371798703,116.75054213715411,204.69458481652268,55.51147993205079,12.25075383881303,71.49054102126819,82.66626836314383,197.37357938616196,141.1856168445215,146.5188603780485,267.0745531061978,87.83771610891912,163.122555478129,1234.1506925338751,0.0,0.0,0.0,793.2742089293658,169.39615244192106,18.937940372696296,90.92026326679823,145.6484879329342,188.3772122896475
1556,Mic,012_01579,327.14700769487223,0.0,129.11156654120262,70.54199970943309,42.568612055574945,207.543105965774,105.98511221469523,0.0,71.54213115209316,0.0,0.0,54.14082610656805,149.3533261213317,104.58801371629974,50.39070370901515,363.39315479072275,130.57716159843466,252.17843071603113,390.7201795442523,152.9801493078618,298.30282136046736,0.0,0.0,0.0,0.0,0.0,22.946323804718393,207.7912902004177,60.460444428258086,277.44575971020936,65.61640110618232
1557,Mic,012_01580,73.12416680396707,54.05387897336856,54.959653324971384,115.8223373607584,20.70905451352295,454.3511238710188,579.2954146170465,643.7379045389079,56.95245821444271,80.41231760100415,0.0,39.508170402090194,188.91177466157635,67.84087376192416,122.5719819949017,200.6758400451325,198.2719554492202,255.58624734732885,190.08008734585246,178.61466081350346,96.74686098177321,3262.4781498900634,0.0,2156.9727956224992,0.0,470.4854542448942,145.11999379200282,89.8556930596401,19.608792787543162,248.35144761086846,31.92149243003465
1558,Mic,012_01581,207.49334082390104,33.6447508376294,6.10866640761531,0.0,0.0,628.4482834851475,269.01223919474876,345.6585292997683,487.42255710164403,0.0,0.0,0.0,22.612372739865172,0.0,57.219350473320944,193.30790199274114,266.5904157358015,15.908452404983272,98.59294250182067,277.9377665929751,150.54534909780597,0.0,0.0,843.5899151453781,0.0,732.1105432876157,34.74116314359233,104.86663243759399,137.30736444922164,218.43019437371996,99.34445774954708
1559,Mic,012_01582,88.98512011285537,61.322446666981854,0.0,14.31338170456934,3.4549675115246203,33.689361890235865,236.80794729663253,710.9389161378,485.63669279048844,366.6898370763225,216.04371677361777,8.788390610484996,38.789962054758696,11.318141764890154,24.538959922426212,149.8605579037298,151.58274252235847,170.5615638610431,42.28234407893713,144.02820469906507,290.5314051727197,334.9484272894685,0.0,561.9136850040974,15.748257831969413,156.98562751858694,201.13671407182014,247.3507542666295,85.05657713153741,277.4235195691504,127.81391157356556
1560,Mic,012_01583,0.0,66.66645073382124,32.277891635300655,61.72424974575395,0.0,207.543105965774,62.34418365570309,18.637169380234422,104.06128167577187,734.631049688186,166.36699794758528,54.14082610656805,59.74133044853268,0.0,50.39070370901515,88.39292954368932,67.26702264161784,63.04460767900778,520.9602393923365,61.192059723144716,298.30282136046736,0.0,0.0,0.0,0.0,2417.7724732029283,183.57059043774714,461.7584226675949,725.525333139097,610.3806713624606,1049.8624176989172
1561,Mic,012_01584,456.1188991475843,0.0,0.0,31.921240091978103,9.631445744417794,281.74846228873236,0.0,0.0,347.28272704505144,0.0,0.0,0.0,54.06757280816924,0.0,0.0,71.1093958340294,164.73015206222024,114.11426194412583,117.87089215301467,69.22565415607154,449.95397635377765,0.0,0.0,557.9144523795178,43.901567922640986,0.0,394.5742160386771,271.6377760161885,91.19731841133901,200.87692993543652,0.0
1562,Mic,012_01586,0.0,21.052563389627757,76.4476380836068,0.0,0.0,491.54946149788583,744.1926764796558,0.0,320.3992093701397,0.0,0.0,25.645654471532232,113.1940997972198,0.0,0.0,120.95874569136434,269.90111871064005,218.99705825339544,246.77063971215935,144.92856250218486,0.0,0.0,0.0,0.0,0.0,458.1042580805548,521.7269412441234,262.47320867421183,19.092771924713077,525.6867026088177,62.162906311120096
1563,Mic,012_01587,136.41651286118227,0.0,19.319033663492753,16.419258553057702,8.492752651481702,110.41702189312116,102.82183590113002,337.12160573507776,233.5611894754855,324.8842486983098,88.51052107556262,0.0,31.783564967692268,9.273814024105397,6.7022118233665475,88.82836269415084,123.15069517523662,89.44259611603076,69.29027814577874,93.59672189180509,132.2524823765619,0.0,0.0,0.0,25.807489846150204,128.63025965808683,158.7026533094809,79.84098835286986,42.88819703285303,85.6118344248646,104.72765496750283
1564,Mic,012_01588,0.0,0.0,15.470468771948832,0.0,0.0,397.89329191071465,0.0,0.0,130.92325453438454,123.23544531751521,0.0,0.0,0.0,0.0,0.0,753.17052392256,113.78967282918995,60.43329256804296,0.0,205.30117078711865,285.94708319760775,0.0,0.0,1113.6703827539259,0.0,0.0,0.0,66.39485012321039,0.0,42.552627761471165,314.4928100355485
1565,Mic,012_01589,0.0,26.732586680393663,45.30090236934522,21.214982585881486,55.476173879356956,249.6681918301143,169.99592256218443,340.0360779745246,247.75729037594814,162.01887754261725,66.71151897898221,32.56490283142583,11.977841005770166,0.0,0.0,141.77875827799676,120.58700972096665,117.97456288447991,0.0,104.28399286976519,119.61647787226661,0.0,467.80386075272924,0.0,0.0,0.0,128.81748116114187,92.58027781206731,88.89481185738936,267.0072063745777,52.62305435248286
1566,Mic,012_01590,0.0,475.86052765175845,1021.7622248691723,377.64294672032713,911.555451259036,193.229788312962,0.0,0.0,0.0,102.59502590472941,619.5736475289382,806.5116164840482,1279.2884899496137,1038.6671706998043,891.3941725077507,749.815885094744,8642.652633195454,10330.619851401552,13823.410490082859,13986.605788788438,15367.738452156493,0.0,0.0,0.0,0.0,0.0,555.4592865831831,343.9304113662086,375.27172403746397,805.9320964823461,488.72905651501316
1567,Mic,012_01591,527.0053020439069,492.4512351375663,1035.9376164461587,889.4281378458238,715.6345913493826,158.5942602191292,209.61761372540172,0.0,0.0,828.0192892593964,254.25899686329072,1282.5246637131356,2145.615519033622,1545.1399007521266,1617.2563586610333,660.4452848924712,1155.036745048246,1156.2143144150107,2189.5074212196782,584.4996270724909,1975.552647123095,0.0,0.0,0.0,0.0,2956.0689861047126,315.62018969131526,35.28531343025961,154.00301882669513,356.17753756004987,300.8450088453265
1568,Mic,012_01592,0.0,0.0,30.002564847894213,9.36705242043292,130.00872829432151,110.23601038182096,109.27606748307826,499.90387770392715,252.17801579870448,219.48608000929818,265.0962655820539,0.0,95.19438228848158,0.0,53.5297967269538,20.86652762998568,176.5418792877793,55.809980568301974,138.35337505173524,113.75704217384607,264.0713500568072,0.0,0.0,0.0,0.0,0.0,60.93941731744884,12.263092536418094,32.11341638484528,117.89170642112502,34.85199009574275
1569,Mic,012_01593,157.5610723546655,89.99970849065868,104.58036889837412,52.37743478425407,11.493525255005236,56.03663861075899,215.4614987141099,176.12125064321526,280.965460524584,198.3503834158102,0.0,116.944184390187,96.78095532662294,94.12921234466975,40.816470004302275,68.94648504407768,188.03111270174588,102.13226443999261,140.65926463593084,115.65299287674353,107.38901568976827,0.0,0.0,0.0,1257.340905304438,261.11942710591626,111.51913369093138,24.934954824050127,10.882879997086457,197.76333752143722,70.86571319467693
1570,Mic,012_01594,0.0,0.0,165.47526724426282,0.0,10.911574609182187,212.79736181300882,102.27602787062179,0.0,273.4078452889544,442.52221616501964,0.0,138.77869983012695,30.62688459703258,0.0,0.0,0.0,101.42644888255856,301.65647724892335,133.5372765530989,78.42653224010635,0.0,0.0,0.0,0.0,0.0,0.0,0.0,165.70697826109262,103.31848098499798,0.0,67.27757581773125
1571,Mic,012_01595,138.61677919765293,0.0,28.11300239203605,0.0,0.0,271.1450255359306,0.0,117.68470665099638,73.64014086329823,11.996998996924004,72.45014426749681,23.577456530279637,26.016385840490038,0.0,0.0,141.14354878750393,53.41792974481418,210.48764176700982,113.43489083542809,173.213007764708,303.114157188862,0.0,0.0,0.0,0.0,0.0,39.97101565983204,60.32650360657288,87.76516126682625,207.81582388616326,0.0
1572,Mic,012_01596,318.77745957917216,16.02368697163062,0.0,33.91039748643371,35.81068699630712,349.1897361501302,383.61097693906805,998.9412181459179,359.544079677231,1121.2388142644463,159.94927992586832,0.0,86.15515310975336,50.276730629200465,12.111712167448745,250.22805574088906,300.53529613106133,191.93996284469432,250.43192516782938,264.7419082384124,573.5911817257651,0.0,2056.30104568262,854.8278387577067,0.0,232.45052858093436,364.00904172114105,266.36746993050576,58.12814241767245,309.4220009777006,126.17040924868293
1573,Mic,012_01597,127.66806257986731,0.0,17.051147102995778,0.0,0.0,182.72816938290973,509.379086633901,603.8442879195952,32.06671016856666,0.0,117.18023333699485,9.533493292678287,0.0,0.0,8.873145653109189,145.27185811962855,175.58241255251963,96.21155345796404,183.4686060468663,96.97611203950542,210.10894374085092,0.0,0.0,334.00229757837354,0.0,0.0,113.13535301978547,56.91674470707094,14.19506086576494,297.0358429175737,23.108384737394644
1574,Mic,012_01598,406.1954375493412,0.0,39.022525708348546,0.0,42.88628826494491,418.18387022954465,703.4657140852469,0.0,466.52846990089506,22.20340112863547,0.0,0.0,24.074864509110185,0.0,60.92010448403323,0.0,108.43042455663772,67.74942914759046,104.96960047457526,172.61640727872165,80.14105648490168,0.0,0.0,0.0,39.096421184839485,389.7304882177855,92.47026010856665,55.82452572548535,0.0,26.833560043614277,52.884860593042475
1575,Mic,012_01599,38.71279419033551,10.424676659149652,22.712917955727967,2.757674699065676,0.0,324.5365170507277,259.3181044489921,37.88598331541862,219.67376739856473,45.94989577200237,52.0298333349591,169.32073029467227,93.41791054693334,76.32098298216468,86.67590155353763,24.572551842261127,236.35887060832835,144.58879135648888,203.6572364419848,143.52963815370816,248.77764252455967,215.1084494433009,0.0,0.0,1092.284570245168,0.0,179.4065857318716,72.20546763721079,56.72543627824986,194.362002478071,205.20959419307988
1576,Mic,012_01600,124.36110009670568,11.162754541477042,12.160508011438852,22.14690688551969,37.420779900017045,417.01684547541566,187.90246980881673,936.1926944489849,540.6951594978913,491.2631589252044,167.14079793803913,40.794482926809415,82.52639601494978,8.756205799504164,37.96880930632769,148.0067657475728,132.17831918251693,190.01351523719555,228.98019824453857,199.79919035184926,349.6386557341292,0.0,0.0,0.0,0.0,121.45089632833313,92.21220356872878,98.58005395554702,30.37082789884592,83.62086153126309,214.2451794257674
1577,Mic,012_01601,115.63430972998651,0.0,17.02154441705308,26.03991786148995,0.0,525.3434869758654,376.1107704604213,137.59472706501194,342.97541567942386,379.65503075682426,140.37215451827507,79.9423135479794,88.21180824041154,44.12306828656395,31.887867190861147,169.8801614667779,190.3013747159005,124.11907136804658,384.61517673887334,225.8847517123897,293.64183977671007,0.0,0.0,640.1710703585493,20.46453296393942,1019.9977621324854,183.92912674719588,87.66195055330122,51.01349998634275,351.14228963323376,0.0
1578,Mic,012_01602,0.0,0.0,8.119593858569418,0.0,10.70825334317258,0.0,727.6844094770016,0.0,150.51721099531287,0.0,0.0,81.71565679438532,120.22478922561857,105.23762870832645,101.40737889267645,9.882439327865887,59.721909031469266,253.74475637265246,0.0,184.71640388477226,300.15563391550137,0.0,0.0,0.0,0.0,0.0,69.26654266517478,0.0,40.5573167593284,67.00056607163317,528.191651140449
1579,Mic,012_01603,484.5575391779169,26.76571256227767,9.7193651392541,0.0,0.0,0.0,225.27340711280073,0.0,387.7636699619027,287.5711878519181,200.38255514876442,48.90788380630497,0.0,41.99072669650696,45.520226770597326,23.659074078608295,145.36031439852778,177.18112790085456,0.0,82.9163783237407,239.5294030255054,0.0,0.0,585.4352539338406,29.21331099685032,0.0,179.6466837648213,97.32974931320679,36.41112266683201,253.9711668068474,237.0971816922276
1580,Mic,012_01604,0.0,0.0,0.0,14.576280552204285,70.3685219694198,171.5407304410989,0.0,0.0,150.51721099531287,516.1157935819551,0.0,0.0,0.0,0.0,62.47418878209531,0.0,153.71281824528162,156.3248945510091,0.0,88.50994352812003,82.18547119114916,0.0,0.0,0.0,0.0,0.0,151.72671250466854,19.082873589834275,49.97240814988678,146.76314472833928,108.46792835919935
1581,Mic,012_01605,66.50305001982635,89.99970849065868,93.37532937354831,45.915283739443495,116.98766777416044,120.07851130876925,299.38567622663703,5.391466856424957,395.1076788626963,138.1368741645821,288.76557500902305,46.98650265677156,86.41156725591334,20.17054550242924,0.0,159.1072731786408,283.8781409295839,145.90323491427517,150.70635496706876,203.57287011467608,172.58948950141328,0.0,0.0,1495.2567143374686,28.065645207688345,0.0,305.35000891564545,133.58011512883996,0.0,558.6172196222415,75.92754985143955
1582,Mic,012_01606,154.41943556219329,33.457140702847084,58.3161908355246,10.62063564398528,44.86320266823604,249.97757001082076,292.85542924664094,0.0,262.425918055025,254.3898969459276,0.0,0.0,107.93415092188432,0.0,0.0,0.0,140.59440245103508,12.655794850061042,0.0,73.70344739888063,59.88235075637635,0.0,0.0,0.0,671.9061529275574,291.21125699544564,221.10361078747238,111.23399921509349,24.274081777888004,100.25177637112395,118.5485908461138
1583,Mic,012_01607,0.0,19.565154019708405,4.73642975083216,36.22945093772515,0.0,365.45633876581945,420.82323967599586,169.55772577452404,313.03217069315065,118.57903356379958,195.30038889499139,0.0,52.59834528620812,0.0,0.0,40.35329392211904,148.64119581165681,0.0,76.44525251952763,134.6890444993131,175.09078645070912,0.0,798.8824385318347,0.0,2391.6810698725717,0.0,67.3424720355866,81.30963529581562,94.63373910509961,26.05577569452401,231.08384737394647
1584,Mic,012_01608,70.09983939848681,64.60011702429007,104.49506680302471,16.312118203608712,53.43645510075844,137.1206491291003,156.52153123348623,253.6540034898789,299.0700864474569,259.66750846849544,43.96648232872563,35.770040086721146,31.576168132666538,82.91969766088364,39.950867867180044,210.23962687552861,127.57561035303091,94.41264249482731,0.0,121.2860563843733,157.66739660814264,795.2520775707678,0.0,0.0,0.0,0.0,151.60295499039066,103.72615791407473,21.304169651718997,131.97909222103922,104.0442771210591
1585,Mic,012_01609,66.5310042232815,0.0,3.5717339104635966,0.0,0.0,0.0,0.0,280.47412280418354,118.02852337610598,146.32405333953213,0.0,0.0,0.0,0.0,0.0,78.24947861244628,80.56474650037548,37.206653712201316,0.0,67.71252510347982,44.01189167613453,0.0,0.0,787.0955783096917,0.0,0.0,71.095986870357,30.657731341045235,80.28354096211318,127.71601528955209,29.04332507978562
1586,Mic,012_01611,0.0,79.16641024641271,87.75551788347366,0.0,23.94484428126091,311.314658948661,385.7546363696628,384.39161846733487,260.96618295252165,606.0706159927535,124.77524846068896,30.454214684944528,67.20899675459927,13.073501714537468,9.44825694544034,567.1879645720065,149.86696956183977,141.85036727776753,97.68004488606307,80.31457838662743,74.57570534011684,0.0,0.0,1049.1692541987334,1036.8696701729305,181.33293549021963,77.44384284092457,112.55361552522625,75.57555553532261,299.6414204870261,73.81845124445512
1587,Mic,012_01612,206.84092202778538,370.39591219982265,193.49255978489796,428.02695311057636,180.49398866163457,60.68950030046099,160.42936501727496,168.94560402082539,707.4852300212901,69.81647069690071,0.0,253.30870265022452,209.63383825261286,122.33399438296432,235.76300363495895,172.31834640286007,219.84274335410888,368.7085358844499,76.1692768786629,250.51189792796433,0.0,0.0,0.0,0.0,0.0,1414.0041179020736,335.49679209064794,67.51341558858337,0.0,155.77026913404967,115.12480482889751
1588,Mic,012_01613,55.67529058468745,50.883227415213376,18.477096978511327,35.33331610887682,18.275923550361682,415.8195797971515,563.8734010075534,320.0588098513756,275.50500104442426,0.0,190.4696372262107,30.99227501506722,34.198217429902094,39.91344693060202,14.422780920248151,0.0,131.37413110385393,324.8022544028033,74.55438054907994,78.81450801797261,170.7599189413276,0.0,0.0,1112.9475852169833,27.768129534108606,553.6100928040627,499.1433545648283,92.51485005389623,69.21973143023186,196.93747070878746,0.0
1589,Mic,012_01614,0.0,173.94901641051675,82.38999650607204,36.011987246622354,202.8269162647983,211.90325525076926,263.10293304112685,348.85962012161485,8.85395358795958,625.0537292515028,0.0,128.98255631270627,101.66066735989806,0.0,34.29955462546409,213.92574545027333,118.50700380362136,157.3466258879438,177.3015940789044,72.89054172904004,0.0,0.0,0.0,0.0,33.01840612669216,987.4264050223724,93.71355772347175,141.4377689599482,137.1791596271402,105.75579546600923,0.0
1590,Mic,012_01615,366.5190720549706,105.88200998901021,19.22433251808348,0.0,15.212018719859874,395.5527431347693,163.37843422715133,155.40110350871936,303.6906080670136,253.7718140761101,79.26898137502592,12.898255631270624,28.464986860771454,16.611037472588784,0.0,65.5147595441462,122.54701529692665,190.24637493724114,62.05555792761654,116.62486676646405,236.88753460978293,0.0,0.0,0.0,69.33865286605356,0.0,65.59949040643023,22.00143072710305,96.02541173899814,68.74126705290598,0.0
1591,Mic,012_01616,193.4394925137665,69.45315124681055,79.86442962496415,36.745350330958715,149.6745250249878,486.4917178426021,571.5618535020599,0.0,342.1725664748752,81.31727937464888,173.32124545021748,14.10098686376853,171.15603032039425,36.319953316271295,65.62133441206153,117.66775829931633,185.50277853504602,218.93304274382126,0.0,87.65614986064621,466.15810669192007,3806.762471458416,0.0,432.2698545829433,25.26810501013742,0.0,95.62197958493581,12.026505542146364,41.991819924449345,86.71295126634196,34.17960443473163
1592,Mic,012_01617,12.982236118209189,65.25658621679177,122.43170074960715,90.6283546115904,46.87691569261954,203.15397683658847,375.3082185871721,1363.6664810268803,159.1571717473097,1051.676504213737,162.8486626435578,105.9917079065139,87.71687793953741,17.06269710175283,36.99377946009269,182.66091784859063,187.8503632113707,154.27834507551754,127.4857383407228,217.13013336807694,145.9971512398662,0.0,0.0,0.0,0.0,709.992399985875,123.53579764352924,79.09879929079344,19.72727491918995,162.94699603524077,0.0
1593,Mic,012_01618,344.9923701778984,65.85344523706732,31.884258810479917,39.19597392391518,99.86752127062476,51.25302311959664,551.1758041609994,174.8939248547608,356.5605882419455,0.0,164.3381321189562,0.0,0.0,17.218758355732277,12.444045733018987,130.9724504824177,164.16241824016063,155.68942749998874,192.9776496529539,113.3359032982025,196.44332138372243,0.0,0.0,562.101427631897,0.0,477.65748860838346,113.33245293793838,114.0318055977902,0.0,109.62490993427784,226.85670382442305
1594,Mic,012_01619,1178.5350636424923,865.8199804164631,2134.630947450991,1374.229589276171,654.6944765509312,0.0,102.27602787062179,592.3788900477042,0.0,0.0,0.0,1110.2295986410156,1102.5678454931726,2931.1121818719953,1343.3268609010875,261.82209510409245,649.1292728483747,387.84404217718713,801.2236593185934,1223.4539029456594,1631.22555478129,0.0,0.0,0.0,0.0,0.0,94.10897357884505,378.75880745392595,0.0,182.06060991616778,0.0
1595,Mic,012_01620,0.0,747.0331534797755,552.8705272789541,660.5993391761832,715.5060188392587,66.44660704833082,554.8878765055819,0.0,104.11269535248915,452.75630997087114,0.0,884.0148325938048,669.4334854608306,602.7246007840514,1032.5114941799784,182.37592577788865,592.8756787487675,444.0533236521418,416.97410465196884,205.70690432622365,509.3550151293356,0.0,0.0,0.0,0.0,0.0,102.85032092707769,44.35071016135397,0.0,113.69793030337749,0.0
1596,Mic,012_01621,151.05028424083633,130.9086668955035,38.02922505395422,46.75010708016065,123.29418000823799,224.14655444303597,372.16077050618975,75.02307819607091,183.9046650706368,218.18542175739123,98.00528606366842,47.8408027050765,187.69639820920813,75.30336987573583,103.89646910186032,100.28579642774935,174.82231552848273,173.3153578375632,153.44647051192456,165.21856125249073,253.8285825394522,641.5446543699901,267.26248852701383,0.0,247.65805710541954,949.5251894760592,175.72711975540702,108.8070755958551,94.97786179275452,65.37630992444205,51.53870050521957
1597,Mic,012_01622,270.6847341812435,38.976251708552965,38.60003773315974,47.80331377947311,27.150059657492683,364.01753428248946,226.64810703809542,172.35712942586872,387.84848266311917,105.4224478784818,0.0,25.89807233050401,47.62842289696011,11.117623505275956,40.173690949116406,62.64065873174834,147.63538063330532,100.52388232282739,41.533247431869334,136.59802308276795,221.96548518554465,0.0,0.0,589.7638994641753,46.40775979224057,0.0,190.2557398926651,198.79245479803743,134.96485035756822,166.33637908925465,41.8498306267777
1598,Mic,012_01623,223.80834141287716,70.31227225832708,194.04560635440507,290.15908474231657,390.6002723380685,262.6717434879327,662.7966024896934,0.0,584.4301083177382,0.0,631.6746953322378,308.34892368506337,302.44048539569667,88.2461365731279,542.0937422446395,161.59332432205704,846.3403243943995,1090.4746984478377,1153.84553021662,1239.1392093936804,1006.7720220915774,0.0,4183.433483918938,0.0,0.0,611.9986572794912,5285.542273893102,7129.838645001832,7983.612747862641,3427.148746820361,8968.941826201297
1599,Mic,012_01624,370.5367443932113,34.748922197165506,5.047315101272882,0.0,99.84722711877134,0.0,132.5836925002365,0.0,394.5991747714959,333.1367443470172,312.1790000097546,16.93207302946723,37.36716421877334,0.0,31.51850965583187,0.0,197.99695967189808,105.15548462290103,0.0,76.54914034864436,124.38882126227983,0.0,0.0,0.0,0.0,0.0,114.82021486839783,115.52874821953726,63.028262531388734,48.59050061951775,41.04191883861598
1600,Mic,012_01625,120.13454197129921,121.93508892282789,122.29156040535682,96.76769476269814,189.08702838879583,488.06104596467503,465.89205115097343,63.30625599157046,295.69348869724365,201.5495831483233,521.641038725977,56.58589567267112,93.65898902576413,91.092786140003,131.6660322719428,184.7697365945506,272.94838940576017,241.60320620213307,204.18280350377054,191.86671629321503,103.92485389332411,0.0,0.0,607.1299828561725,0.0,0.0,287.7913127507906,193.0448115410332,52.65909676009575,220.3814318420708,68.57972244646153
1601,Mic,012_01626,788.7119272068987,1469.6154930753125,206.84408405532852,1247.6558113165236,1342.123676929409,744.7907663455309,1566.1016767688957,353.5164343833073,960.2617005270594,866.2136997272725,0.0,971.4508988108888,1041.3140762991077,1000.8675742977546,1343.3268609010875,1671.6333764338208,669.4145626248865,495.57849833751686,667.6863827654944,956.8036933292976,407.8063886953225,0.0,0.0,0.0,99.47317288800933,0.0,164.69070376297884,284.06910559044445,41.3273923939992,284.4697029940121,67.27757581773125
1602,Mic,012_01627,101.10870953240568,56.4704053274721,102.52977342977853,112.03729365615843,60.848074879439494,395.5527431347693,102.97792217953781,0.0,169.40564531629332,320.86091434910475,317.07592550010366,206.37209010032998,56.92997372154291,44.29609992690342,96.03875295129946,349.41205090211304,170.93737518340535,267.01245605226825,82.74074390348872,97.18738897205337,0.0,0.0,0.0,0.0,0.0,0.0,247.8202970909586,176.0114458168244,51.21355292746567,77.55425000840675,0.0
1603,Mic,012_01628,570.026143027083,128.57101212951238,120.05399490884783,0.0,70.3685219694198,600.3925565438462,334.94094586456816,639.2739272618163,811.7178164390086,144.208824677311,137.50741667096332,111.87262537326562,148.13411529585144,86.44519501041101,291.5462143164448,0.0,215.85204264231035,69.47773091155959,861.1791712403927,75.86566588124575,904.0401831026409,2416.1288339256475,0.0,0.0,40.0937788681262,0.0,360.3509421985878,76.3314943593371,49.97240814988678,321.04437909324224,108.46792835919935
1604,Mic,012_01629,247.70366809004148,0.0,0.0,42.96166899597053,12.962622468051018,252.79686591319845,0.0,0.0,158.43916946875038,0.0,0.0,0.0,36.383817791963516,84.92861264180732,122.75630076481886,143.55543444689394,139.77022218943858,127.9852937844519,0.0,93.16836160854741,121.11543122906194,0.0,0.0,0.0,0.0,0.0,0.0,224.9770360064673,98.19139846995297,0.0,159.84747337145168
1605,Mic,012_01630,521.7931616940222,0.0,242.77585637122561,40.81358554617201,0.0,0.0,201.99515504447803,0.0,474.12921463523554,148.76278756185766,385.0207666786973,187.94601062708625,138.25850760946136,40.34109100485848,0.0,204.56649408682384,334.24361754612295,0.0,150.70635496706876,300.93380799560816,115.05965966760884,0.0,0.0,0.0,0.0,0.0,398.282620324755,187.01216118037595,69.9613714098415,128.4177516372969,0.0
1606,Mic,012_01631,56.4930978833522,43.51130944841004,49.895214169071615,18.173988474758527,72.38288805633067,128.3281800246389,339.2285046548485,184.3799352426245,72.38613963896726,270.64985523340516,68.57876251274507,66.95277732262613,141.60063438373584,107.7815408526753,160.98098856658657,133.6015270965686,247.92443728890854,164.58973913145545,295.27708225099985,204.94668857656293,225.43495660065855,0.0,0.0,0.0,0.0,99.66390347554055,122.96426954894893,104.68874162769137,45.691480903798094,134.9530061735461,108.19192854149146
1607,Mic,012_01632,0.0,0.0,76.61565487060375,120.34775225153282,195.7688367610782,431.05106623660754,0.0,188.01012627533183,146.65779532876638,506.7743312546799,0.0,144.5738543285279,17.725449693520687,20.6877389768505,254.1684945322852,233.12420978555423,183.14718769650574,49.88144783394023,77.28531023952245,172.48091559325957,59.00495367569685,0.0,0.0,0.0,0.0,0.0,81.69899904097538,109.60419702879176,23.91841757601419,243.66445182461464,0.0
1608,Mic,012_01633,120.27562775165305,103.05310132518169,54.884735585978774,0.0,72.38288805633067,128.3281800246389,454.8745857871833,190.14180821895653,538.8745950900897,573.4748680819704,102.86814376911761,16.738194330656533,0.0,0.0,31.157610690307074,78.94635692069961,178.6034597574703,103.95141418828764,0.0,122.96801314593775,245.92904356435477,0.0,0.0,542.4350290824349,0.0,0.0,184.4464043234234,28.55147498937037,99.69050379010493,308.790776837775,202.85986601529652
1609,Mic,012_01634,1025.545441361728,10.650853075817594,7.735234385974416,92.97769488329124,0.0,397.89329191071465,466.14266548725686,562.7542919960724,642.1473912876957,246.47089063503043,0.0,0.0,200.43393114981083,33.41865527029696,72.45527219698627,310.682841118056,311.0251057331192,40.28886171202864,0.0,73.32184670968525,95.31569439920258,0.0,0.0,977.3025807840576,0.0,0.0,197.96295921467112,154.92131695415756,115.91233132991489,223.40129574772357,0.0
1610,Mic,012_01635,57.29493540169655,0.0,89.64031619860639,0.0,0.0,576.3768542820924,150.0535437473265,0.0,60.206884398125155,391.0336130197402,924.0498400288736,175.41627658528049,0.0,0.0,0.0,563.6943392614703,175.82130018864552,116.72258793142014,0.0,368.20136507697936,184.09545546817412,0.0,0.0,0.0,2200.346584282766,0.0,169.93391800522875,256.4738210473727,0.0,503.39758641820384,0.0
1611,Mic,012_01636,40.46252500119813,132.20296162469634,7.385619272484047,40.352415088023164,29.220826919504837,189.9547071551152,0.0,0.0,220.24834829257642,369.8057995887987,152.26809981643396,0.0,27.339252917125123,0.0,46.120305089607086,116.85844922725029,202.80705530234536,211.57342916006002,0.0,182.0204488374898,364.03056166023134,0.0,0.0,0.0,0.0,0.0,357.02924157172004,21.131317647500104,18.445559317095686,182.8320531785244,0.0
1612,Mic,012_01637,0.0,0.0,95.65277643143973,81.29535332367595,0.0,273.34945663784873,0.0,454.11054172815085,0.0,0.0,0.0,0.0,0.0,0.0,0.0,116.41995598437131,161.5566655696819,83.03436133332734,343.07137716080695,282.0804704310818,130.96221425581496,0.0,256.08775033076233,0.0,0.0,0.0,392.88583685151974,30.408481492744055,0.0,175.39985589484456,0.0
1613,Mic,012_01638,126.38588691550709,57.01338999408241,8.872768854500066,0.0,0.0,152.13567043644971,281.0566071320226,78.55440397144055,16.68629714653921,296.1793055530198,0.0,9.921735100977402,10.948071869527482,25.555442265521204,9.234495476086487,61.195105068708,82.66485055532328,138.6410829502162,47.73504455970503,39.24875323871386,36.444236093812755,0.0,0.0,938.5313429690948,0.0,0.0,92.51210185522211,93.0829761531283,44.31942080261452,142.36357081962777,384.79120286702397
1614,Mic,012_01639,330.8273554285778,100.50728866977109,6.635810209287698,0.0,0.0,256.00494796793447,246.085468074491,310.3514423952234,318.2254740078569,128.3739791142934,68.40470473987008,11.13047440261932,85.9729298586752,0.0,20.71902030675242,145.37720391957026,182.21750654068592,311.0627343350029,53.55048146037976,194.9914491939294,327.0731442327967,0.0,0.0,0.0,19.945128573991717,198.82189881161136,179.26087479929748,56.95801863361704,58.0051979540141,82.13521170710361,323.75198921426
1615,Mic,012_01640,46.35512572952795,5.825223850528069,0.0,60.09767450973548,0.0,108.80900701118249,179.76915092955164,185.64792023417976,630.8083761777675,72.2149454183775,0.0,0.0,0.0,0.0,0.0,231.7096211339429,155.58620314023545,33.05251276375166,68.28119642520915,24.06095552220739,52.1305901406642,2118.539769476781,0.0,397.77619905773935,0.0,0.0,84.21078056488885,36.31304100589824,42.2636116391707,81.45592013239545,0.0
1616,Mic,012_01641,511.9728163404611,65.06003023421108,0.0,0.0,6.9238103945814675,135.02804484520237,973.470626720376,206.13158422958068,241.19022966718808,149.3602284757607,108.23876974903138,105.67245577426536,77.73570708965698,45.36347582875651,0.0,25.559401313837878,164.75891583942683,177.7402192396123,0.0,79.62340301324855,64.69217812636641,0.0,0.0,0.0,757.4342803038782,0.0,179.14720271635565,90.12634273753058,26.223807221895072,14.44055038491692,170.76075468596846
1617,Mic,012_01642,45.47217095372742,178.5708501798783,0.0,124.70817805774779,123.14491344648467,466.97198842299156,761.4896717946591,0.0,255.04305196428015,850.0730717820438,106.95021296630482,17.402408391396875,0.0,44.82343444984275,16.197011906469154,385.14062158321775,295.0704690665926,216.15294061374098,0.0,78.67550535832892,0.0,0.0,0.0,0.0,0.0,0.0,177.01449792211332,14.84223501431555,12.955809520341017,128.4177516372969,0.0
1618,Mic,012_01643,244.55155354382674,0.0,55.07281067264712,9.5020542845855,57.34020360035871,111.82477771548356,0.0,0.0,348.09190924193194,112.14932986924968,59.75932077052952,9.72374038721067,128.75515121058484,12.522733349623472,27.150645235677786,109.36420107622759,136.44668529052313,128.32583115150587,46.782460521928215,82.4261114896018,250.01877267019216,1667.6866817705136,0.0,630.2349340115209,0.0,0.0,123.63540320502369,74.6390000276445,86.86999554215353,91.68628830866875,94.27811068027971
1619,Mic,012_01644,240.80480096365216,20.869497621022298,128.83088922263477,41.4050867859716,24.985924467402686,438.54760651898334,172.7204948931044,196.90574606073758,204.6161505994253,232.84610227073372,0.0,50.84529756095086,56.10490163862199,32.740595598146,201.12463480380828,451.9568919277332,174.6534050786968,59.207109820285574,61.15620201562209,129.30148271934058,186.76350554742302,0.0,0.0,0.0,0.0,0.0,43.09918210277541,173.46055529773997,141.9506086576494,78.16732708357203,61.62235929971905
1620,Mic,012_01645,138.3688064262797,35.420278833532926,25.724151562659106,97.10566865189404,43.17782296155813,240.58664162043212,399.2927483437356,510.4050555313215,177.17410525029675,681.2750199612801,144.6410751386877,94.14111444648326,43.283074833015625,50.516571920216336,80.31863507107781,173.62332135772968,162.83390390905788,188.795479883111,113.2319661648817,257.1380112516403,144.0818636267016,672.7430174226312,0.0,432.888487648536,196.81096460489857,140.13564960961514,139.6482890584114,214.11052442833736,35.04326296020683,173.67409702646952,76.06337731092333
1621,Mic,012_01646,92.99007169409748,38.952037843337465,72.95612295017555,43.928061891950506,23.563035830306863,229.76298291427375,124.2339222369227,281.9774009647312,508.8098886493036,120.29792616049993,0.0,69.92676173672912,143.29754205536426,115.7853637041496,55.78560820633568,90.60778654820089,231.43713524974157,166.7307278253486,168.2143825372749,169.35843408569664,110.079856629603,0.0,932.7660883345991,717.4582383061645,483.3172614353619,89.22076097013084,88.9104710519954,149.09853397068696,48.34081092099906,120.81214447882374,72.64139165741369
1622,Mic,012_01647,0.0,88.11160271812737,9.141640637969767,0.0,24.11229074476623,352.6781451026789,317.82454465040246,21.11343664054529,0.0,0.0,0.0,92.00154366360864,135.35797947779434,78.98954882070191,57.085972033989194,255.90680301459707,49.30885822598232,142.84232788810155,295.0893663690857,155.97556481878496,112.64582065360308,0.0,0.0,0.0,0.0,0.0,467.91244905285896,78.46664105470319,0.0,25.14473458632387,223.0039925706616
1623,Mic,012_01648,746.6627219901943,0.0,69.53481974625939,45.589643429234684,0.0,0.0,693.0152925728102,0.0,0.0,292.7778265845071,0.0,0.0,25.739615778357162,0.0,0.0,16.92630565730221,180.71171977500964,90.54278762410692,0.0,118.6409881334375,0.0,0.0,0.0,0.0,1880.995370302517,0.0,59.31868813347414,19.894910763869778,156.29668080922036,105.19326463906236,56.54179244256136
1624,Mic,012_01649,97.34576403200869,1057.2781288708445,1243.7956495194978,1255.1168176456292,1138.1937631170235,326.42702103354753,799.1555891322795,556.9437607025393,127.86656273873668,0.0,0.0,957.9772386332066,1315.469295701671,1370.813772009754,1169.0154030358417,216.26231305834668,653.462053188989,578.418973365654,512.1089731890685,1142.8953873048508,156.39177042199262,0.0,0.0,0.0,0.0,0.0,144.36133811123804,54.46956150884735,126.79083491751211,244.36776039718632,309.6074848311127
1625,Mic,012_01651,815.9088902140331,91.13894530699612,0.0,78.35519587978169,94.56697994624561,212.79736181300882,532.6876451594885,63.696654843839156,693.522339269543,301.2917216442687,341.1576413608711,37.00765328803386,81.67169225875354,0.0,0.0,275.24886921199464,273.1752356570244,272.92728893950203,0.0,292.79238702973043,135.93546289844085,176.3072417905536,0.0,16.206862540722767,0.0,991.5927611617074,360.7510653855727,173.59778674971605,68.87898732333198,318.6060673532936,89.70343442364167
1626,Mic,012_01652,292.8644467558838,107.06285024911068,92.33396882291395,0.0,83.31737638386694,374.96635501623115,150.18227140853384,0.0,50.918461712169034,641.5049575158173,0.0,97.81576761260995,35.97805030729477,62.98609004476044,0.0,112.3806018733894,78.6375471336298,88.59056395042728,235.30360255081365,156.61982572262133,119.7647015127527,1501.5609328704766,0.0,14.278908632532698,0.0,291.21125699544564,41.45692702265107,111.23399921509349,72.82224533366401,294.071877355297,158.0647877948184
1627,Mic,012_01653,366.97169368855225,747.518239943074,821.0855409376479,708.33495576001,484.43784132666696,243.1341757904832,703.2269344007137,795.3527552659957,378.7809152733287,479.48336486879737,0.0,625.1923080777042,609.8799870789255,641.790084168203,590.320847169661,108.48223171270962,419.8384395646139,393.8985405399164,523.1129676542882,296.98377745798956,266.2537579085163,0.0,0.0,888.8325604978205,779.3435363457259,0.0,345.61714986858897,69.54997729848692,60.71028097548229,178.29902706666016,65.88754325951366
1628,Mic,012_01654,52.725400676407865,121.47199918984604,101.58624790741861,5.842435558756728,52.88431865799955,171.89152948085578,481.2359010773351,364.2823413829869,482.640054888856,100.39206522579352,110.23089434563931,125.55357219805353,79.16642562504944,34.648789820123845,16.693852762495816,221.2534678148788,158.61520243245434,187.97349283434224,86.29402738400664,81.08886441840036,131.7656634230285,0.0,5539.665077707165,0.0,16.070308094381872,0.0,159.63884168435985,267.7065701968572,66.76613495145064,187.50567416979544,65.21384649816895
1629,Mic,012_01655,82.60082430126633,221.75550715915895,303.2556568645514,306.10189159629005,254.19821582989954,297.44218397585047,600.9554416133225,265.1216729397961,240.96562677689997,211.5434135053939,52.98450917596753,327.6123121022604,431.26506960749407,462.6271904226889,457.37984080836753,60.473275520060064,252.45747661834847,185.16771403493635,276.52542195792427,196.50831498903713,211.1186415919428,0.0,185.77269961740097,531.0986730497532,247.18366421450287,0.0,175.39051170264437,98.04045147070822,53.48728701058218,201.46271128419974,104.48745392399938
1630,Mic,012_01656,121.45856188956141,336.8410142340441,412.81724565147675,258.96339367015565,201.64079394746028,196.61978459915431,76.78178408123433,516.4457725628117,117.06894188524335,173.99156439983352,157.61084016087025,384.68481707298355,226.3881995944396,396.33352566176745,393.8431316204605,0.0,268.0268053862606,308.5867639025118,185.0779797841195,101.4499937515294,141.3013364339056,0.0,0.0,0.0,1792.2622553681679,0.0,173.9089804147078,251.536824979453,66.82470173649578,383.751292904437,62.162906311120096
1631,Mic,012_01657,277.92319411270717,40.298376936115815,24.389078567717842,42.64105952585134,0.0,376.36548320659017,82.90845916004693,0.0,184.77672543827586,177.62720902908376,0.0,49.090375910059834,36.11229676366527,21.073704256269348,106.61018284705817,77.17890116874366,155.47009403341437,12.70301796517321,78.72720035593143,231.1826883197165,240.42316945470503,0.0,0.0,300.97595098946715,0.0,0.0,249.66970229312994,265.16649719605545,146.1879402593703,275.0439904470464,0.0
1632,Mic,012_01658,0.0,4.2553053659885895,40.17567363117209,70.91722311214285,97.81723621281051,158.96918754825245,382.0239338902657,239.11091779322032,473.2574246424731,56.26961231654191,0.0,72.57174563220823,22.879658469650817,26.70332265097015,19.298567377920698,188.07006285891345,163.66344432453704,72.43423009928553,0.0,164.04679840672839,190.40605618753236,0.0,0.0,753.67657928737,18.577732052370536,740.7643322153654,166.97112215348275,106.10619074063882,38.591773039313665,378.2707294091535,75.38905659008182
1633,Mic,012_01659,763.1950854666143,0.0,20.189260405091527,0.0,0.0,584.1657306913098,237.87074242689494,705.262150948562,427.1434366083203,120.61847640150623,104.0596666699182,0.0,149.46865687509336,0.0,15.759254827915935,92.14706940847921,163.34749172931595,368.04419618015356,0.0,66.98049780506382,62.19441063113992,0.0,0.0,0.0,3398.218662984967,1209.8197394868707,129.17274172694755,101.0876546920951,0.0,215.1865027435786,164.1676753544639
1634,Mic,012_01660,0.0,280.51857191893606,424.4333153343106,704.9619321611528,313.459779681961,1091.6228300797206,341.0307812439239,470.52801656072353,314.7178048083814,714.8341739985368,350.01887879881576,911.2533848585999,879.8268666056631,1320.2538874317318,1484.235272883719,0.0,374.6192475610345,972.6882327618343,822.0346634567386,804.6358502556368,1255.1962872830054,0.0,0.0,1895.5714810616785,0.0,0.0,48.27668125148544,0.0,127.20249347243907,163.44077481110514,0.0
1635,Mic,012_01661,349.0046826499282,36.548104970825854,0.0,36.25572320091422,26.254245506357137,0.0,374.25498269662165,61.3039886212787,0.0,158.57962125883304,0.0,22.26094880523864,0.0,28.668795637970486,0.0,0.0,29.284956408324526,103.68757811166762,0.0,113.2208414674429,0.0,0.0,0.0,0.0,0.0,0.0,56.60869730504131,75.9440248448227,0.0,9.126134634122621,0.0
1636,Mic,012_01662,0.0,0.0,61.27755990139108,89.27971838225125,80.81384944925557,262.6717434879327,0.0,11.793833748429593,288.09934917071604,1092.4767211573921,210.5582317774126,68.52198304112518,226.83036404677253,264.7384097193837,31.887867190861147,174.02358003913838,150.23792740728987,212.77555091665127,0.0,193.61550146776258,251.69300552289434,0.0,0.0,0.0,0.0,0.0,0.0,58.44130036886747,0.0,294.9595232919163,83.045757650012
1637,Mic,012_01663,0.0,63.779320977632125,97.786762257338,44.99135414538646,61.087634229358535,132.3700124663598,0.0,237.73397162188786,808.8818622385908,152.27686915780708,212.2161706103056,17.26538155366934,76.20547663513616,0.0,16.069476379646563,0.0,214.5129462193325,13.403184309710316,0.0,117.08401978522966,0.0,0.0,0.0,665.3746558057362,0.0,0.0,146.3505691482039,132.5283031986916,12.853795272149355,686.5799477301149,125.54949188033312
1638,Mic,012_01664,235.3184846855394,0.0,56.02519762412899,51.016981932715005,0.0,360.2355339263078,472.52438055047537,393.5770805190218,195.67237429390673,138.1368741645821,0.0,0.0,103.69388070709601,181.53490952186309,29.15462143164448,0.0,153.38576969582354,145.90323491427517,0.0,292.0828136427961,230.11931933521768,0.0,0.0,1028.84636307624,0.0,0.0,79.656524064951,160.29613815460797,116.60228568306916,44.94621307305392,37.963774925719775
1639,Mic,012_01665,0.0,797.7246888944745,1203.2684489727703,1850.525071923026,803.2406854350251,382.06799052790217,0.0,1080.7440380379119,598.6479982768126,473.3361422422744,306.26651894896384,1544.8592540180953,1044.794404094225,1155.2221515027654,1020.4117501075567,0.0,655.5836832318104,502.9240294393575,479.5202203497642,506.9205856610512,549.1483756863149,0.0,0.0,4539.39486254244,0.0,0.0,211.2104804752488,42.502763904630896,0.0,204.3009685138814,0.0
1640,Mic,012_01666,347.0508201644615,23.788469204579382,0.0,0.0,0.0,444.3433898650492,280.301646867888,152.95615222632918,273.84849401349874,0.0,118.72887078197715,77.27589276884603,42.63478208221275,0.0,0.0,7.009130977032634,93.18722545791371,14.997395659323438,0.0,21.835052147906264,70.96190464081603,0.0,0.0,1150.615844521093,0.0,0.0,32.75158111334255,82.3842119737339,43.14798236730312,47.520225275475504,0.0
1641,Mic,012_01667,76.00348573694441,18.367287447073195,0.0,29.15256110440857,17.59213049235495,102.92443826465936,113.36462783108459,338.8922024038544,339.73884767513476,300.5615503800798,0.0,17.899620059722498,19.75121537278019,23.052052002776268,0.0,45.459220908183084,98.1145648374138,13.89554618231192,0.0,101.15422117499432,0.0,881.1763982552362,0.0,227.32605355589303,0.0,0.0,113.79503437850141,76.3314943593371,6.662987753318237,69.71249374596117,0.0
1642,Mic,012_01668,51.32282487122655,0.0,0.0,0.0,123.54603694305301,0.0,0.0,275.3687306473724,3.4319885243230948,0.0,175.57950271992712,0.0,0.0,0.0,0.0,150.29677270946522,43.84794233124811,133.0713543192086,137.45205013283143,16.145136278745024,0.0,0.0,0.0,588.0398757039443,0.0,0.0,36.325450713658434,12.183202682760648,10.63473615350468,35.13710468251772,34.62494130033074
1643,Mic,012_01669,146.51758289746826,0.0,17.96227710086578,2.180878616971023,34.217365262992686,51.33127200985555,138.77529735880168,216.64642391008377,164.07524984832577,124.91531780003314,0.0,6.695277732262614,0.0,8.622523268214024,6.231522138061415,41.295017466212116,91.01436579421774,192.31011624833215,0.0,83.23988582186557,0.0,0.0,480.89760749135525,0.0,803.8343573988294,0.0,96.4796576460984,45.682359982992594,9.969050379010493,183.90206265005264,0.0
1644,Mic,012_01670,237.5292548060284,180.90393666464053,82.11398311744198,32.302209665940154,142.94711058360784,464.6253955163433,436.4719430609324,182.06360439786792,275.3179135793663,381.25136510827843,67.71722027012265,66.11166202962833,48.633645892775355,70.95166759648474,41.02157789377113,115.9324352306679,165.8908571974631,213.84477479060428,106.02457133361621,261.52686831424415,323.7859769540752,0.0,0.0,0.0,19.744675020484262,0.0,74.71968756511316,150.36153662743794,98.43811052641014,252.96361126542908,53.41636672965597
1645,Mic,012_01671,960.532740557854,3345.8715156527223,3829.4870376022286,5226.539749059791,4665.01907409036,593.329114702154,0.0,230.88163949866876,458.63479585630625,0.0,634.1518510002073,3508.32553170561,3814.3082393433747,3920.2048435309525,3841.550118051979,898.4881308911481,1794.8424394257563,3644.720025113462,3226.88901223606,2915.6216691616014,2084.61030456609,0.0,0.0,0.0,0.0,0.0,87.46598720857364,132.00858436261834,192.0508234779963,338.41854549122945,125.05714093178278
1646,Mic,012_01672,240.29948235908913,148.02583633332017,43.00179642202883,98.67758347511982,39.69803130840624,276.49657209256077,99.66866202852533,322.77860785175733,121.30498912451202,308.291303170955,177.31219518097905,14.425680640236884,191.01504340780843,0.0,40.27941118845619,109.90962949840319,141.27636682510064,246.3716905350699,0.0,146.74016953346216,52.9880011627146,0.0,0.0,543.3030794490319,51.69987275100485,2061.469161362497,0.0,98.42745325282945,0.0,41.39782783044439,0.0
1647,Mic,012_01673,0.0,0.0,0.0,0.0,6.113577263300657,59.61344533059466,0.0,64.23875403399948,455.82162478722415,200.46049387768056,0.0,15.551088349758906,0.0,0.0,0.0,146.6946490299525,75.01241198207948,0.0,74.81875778506958,61.51754940252315,171.3654505687791,0.0,0.0,245.1718992862529,27.8665980785558,0.0,131.81930696327586,13.263273842579853,0.0,248.63862551051102,37.69452829504091
1648,Mic,012_01674,35.28657061692078,13.138643575278639,35.78251673073932,26.067071060511314,11.011132771674724,337.44691134216174,408.22925951050985,305.7788136819118,366.26770230337536,335.2592018957924,98.36296958944824,12.003851043700763,79.473412220767,5.153059069963674,37.24130474845098,211.94946974526965,153.82024295130796,158.41683352918562,96.25405882933222,162.80661145318427,205.7636249530231,635.4138732415024,0.0,329.4310982502024,14.340110690059738,214.42288722201152,237.41908024225052,143.33048849590855,50.641138672573824,287.0652294811838,96.98774616059796
1649,Mic,012_01675,331.6691553151645,91.60275673349483,103.11677594941469,94.50474006874433,21.93420850191839,256.6563600492778,513.9825828103766,656.8535193018498,254.6919728037737,601.8647130365232,548.6301001019606,22.31759244087538,61.56549321031994,100.59610479583029,41.543480920409436,149.79565159312236,208.77847350644927,112.6140320373116,53.686742227454516,170.2634028174523,245.92904356435477,0.0,1202.244018728388,0.0,0.0,0.0,151.34063944486022,123.7230582872716,16.615083965017487,233.30858694409667,108.19192854149146
1650,Mic,012_01676,100.51743052929218,0.0,0.0,0.0,0.0,98.30989229957716,29.531455415859355,44.14066432160784,0.0,287.0860812597253,157.61084016087025,128.22827235766118,0.0,0.0,0.0,167.48134018804294,251.15798546684556,59.726470432744215,0.0,57.97142500087394,0.0,0.0,0.0,0.0,0.0,0.0,86.9544902073539,65.61830216855296,95.46385962356538,136.67854267829262,62.162906311120096
1651,Mic,012_01677,0.0,41.37917631754421,69.11920932938519,114.9348098714039,202.12751310526448,115.9378729877772,188.06445469658297,204.75179877733402,370.5837539677703,225.70905699040472,61.957364752893824,20.162790412101206,55.62123869346146,0.0,93.83096552713165,351.13329253217273,135.57102169718354,164.3507703632065,0.0,193.70452008912704,111.09208519631197,0.0,0.0,0.0,0.0,180.08236352132155,282.0024070345391,68.78608227324172,0.0,128.1225384151422,73.30935847725198
1652,Mic,012_01678,0.0,5.590044005630973,28.418578504992965,62.10763017895739,37.47888670110403,208.83219358046827,291.70107793690147,150.02342557008578,238.8642696229965,531.2956698637773,0.0,68.09638066198777,15.02809865320232,52.61881435416323,25.351844723169112,326.12049781957427,346.3870723825217,211.45396364387702,65.5245021595951,253.98505534156183,0.0,432.5550342066377,0.0,0.0,0.0,0.0,404.0548322135195,127.7722840362817,152.0899378474815,206.58507872086895,627.2275857292833
1653,Mic,012_01679,0.0,813.5566869212083,406.20905998662266,718.2729885668124,321.4290961145532,0.0,188.30056826180154,1134.3402583800305,0.0,798.4443400212699,0.0,346.8683435302157,54.678505834250245,287.173868170179,622.6241187096957,71.91289183215403,358.5339013380748,173.10553294914,119.20276664061934,294.0330327374835,182.01528083011567,3698.467733154381,0.0,130.20428549665408,0.0,442.57530017951905,63.005160277362364,84.52527059000042,55.33667795128706,50.786681438479,60.055689148031284
1654,Mic,012_01680,10.892573270284517,174.52414954462327,246.04221770292386,331.3194111828031,262.20970163510043,287.64054039743206,345.6190865780042,642.8760479752343,122.187926036119,195.14510155452814,0.0,383.5146731427235,275.99131747135823,257.692140259172,403.5088289398704,341.80840055487465,313.19561850381547,349.502045612142,240.6717455747866,212.02001681640922,520.6121483059108,0.0,0.0,51.116321207336625,0.0,0.0,339.22169944009545,120.88238555385517,18.620897333417886,167.48018559541003,60.626560717879485
1655,Mic,012_01681,109.17480068920837,65.85344523706732,7.971064702619979,21.77554106884177,8.760308883388136,222.09643351825207,123.16777746614511,239.32852874862004,354.41908320745927,550.301368623132,164.3381321189562,44.567143441382235,54.095046168336,11.47917223715485,33.18412195471729,270.0296201304168,124.42469001535983,148.76989738887812,21.441961072550434,138.52165958669192,49.11083034593061,212.32122105874592,0.0,46.841785635991414,1157.9930847887672,0.0,207.77616371955372,140.63922690394125,69.6769755911023,199.1519197139381,32.408100546346155
1656,Mic,012_01682,0.0,0.0,0.0,0.0,0.0,0.0,0.0,165.28584523346584,0.0,684.0916508319002,0.0,0.0,0.0,0.0,0.0,0.0,56.147313016447015,0.0,0.0,198.9858584427808,117.57921425887037,0.0,0.0,0.0,1376.6506262457349,0.0,54.26721834108584,0.0,23.831124081211218,0.0,0.0
1657,Mic,012_01683,7.659750722151945,510.15877540159454,489.34664591485216,465.97328952447714,387.21502196006935,539.3901042746854,280.8488786714667,403.63922989277756,16.903002304286474,1583.09062699517,0.0,562.8329730009,388.15891173779255,271.8169768241801,349.23182891381623,578.5719024677848,377.0677393751589,400.51868407840243,1015.4545842700888,278.3093411472437,430.70460838142344,0.0,0.0,410.8049649359674,168.0937039177056,0.0,198.78633456494006,220.01430727103053,52.3774973121808,269.19657027711435,56.84415496899218
1658,Mic,012_01684,76.05522398455294,0.0,150.3921234158035,0.0,0.0,0.0,1063.6028075350832,0.0,0.0,0.0,238.5084395354762,0.0,0.0,0.0,72.24153983062348,478.7298485021051,124.79941108522958,60.25502326843222,0.0,0.0,427.65537221589125,0.0,0.0,0.0,0.0,1386.4748341907057,65.79299922768813,0.0,0.0,159.10163919665104,0.0
1659,Mic,012_01685,623.6183445082618,0.0,8.892888511766506,38.87008147254476,129.0089569439363,228.72097392146523,171.76458762285546,0.0,444.3841467480666,293.47760811522943,0.0,59.665400199074995,32.918692287966984,0.0,27.766306125375696,616.946569468199,187.507835022613,208.43319273467878,143.5298618733988,151.7313317624915,109.58062825486556,0.0,0.0,0.0,10210.549018416139,532.896790012074,177.01449792211332,25.443831453112374,0.0,0.0,72.31195223946624
1660,Mic,012_01686,564.7643632452945,10.285680970360989,67.23023714895479,0.0,0.0,192.12561809403078,317.42095792703685,276.0431030489578,138.47583411568786,850.0730717820438,154.00830667147892,0.0,110.60680608756907,32.27287280388678,0.0,481.86774162674067,128.20303138755403,350.16776379426034,0.0,99.13113675149445,0.0,0.0,0.0,987.6925085531901,134.71509699690407,0.0,148.6921782545752,85.49127368245756,18.656365709291062,226.01524288164254,0.0
1661,Mic,012_01687,229.49628821121547,0.0,61.39040991962568,27.622454306110885,4.762510464781175,46.4392032685848,248.3089613115821,170.97800970099036,392.92476350986374,267.11550252819745,0.0,24.228767484154766,26.735070532216284,31.203053815912632,0.0,8.790457081692862,184.15905061195605,112.85333087292001,0.0,102.69109470113375,44.49821092117469,0.0,0.0,244.04311521955748,43.41646772460075,0.0,112.95676524864137,82.65730880900594,0.0,238.38875442061746,264.2782121900935
1662,Mic,012_01688,0.0,0.0,22.66915510802907,41.28541890508728,49.82742162574524,0.0,0.0,1020.9506024074082,109.6252519387828,197.77711641171825,778.9437476158616,0.0,83.91412311556903,32.645969599307435,0.0,82.77256986172064,96.33753803689031,39.35732733718405,0.0,114.60247023294156,0.0,0.0,0.0,555.0616216981641,45.42416565406206,0.0,85.94923598530357,0.0,56.61613871316653,10.392187993769692,61.444259995384606
1663,Mic,012_01689,489.1031070876535,57.072985872124995,92.46435055039174,146.33163598261672,142.96824097689438,410.0241849567731,0.0,729.0315183419502,398.3199364144255,446.28836268557296,262.9410113903299,85.56891540745389,188.8408884421911,206.6251002687873,119.46283903698225,97.01662998697608,190.7410954790438,249.10308399998198,51.46070657412103,157.1591192401741,39.28866427674448,0.0,0.0,0.0,0.0,191.06299544335334,208.53171340580664,27.36763334346965,31.85233169878962,363.95470098180243,0.0
1664,Mic,012_01690,274.8465535874742,86.34658379177584,33.76672427530529,31.62676370736576,63.61729845943858,248.13271709561172,0.0,116.98090448626846,167.17963287671282,0.0,0.0,0.0,17.856264820410136,41.68083203454012,30.122856091735994,0.0,139.55680538497575,0.0,0.0,182.8987762942702,178.32124376529785,0.0,0.0,0.0,0.0,0.0,164.60388736668838,82.80981306880116,36.14240589438306,139.31667520799002,0.0
1665,Mic,012_01691,39.01406107119415,38.52127600767492,78.84220417922172,75.03665046912946,127.45738123254834,196.23725583534275,237.7569431943759,481.6656771343075,221.38329088026563,173.6530594107288,0.0,170.63840134754912,47.072449088824385,0.0,63.52757977323311,142.39172307816102,145.91201043136013,105.97381524253449,164.1936941275457,144.64660031832847,94.01762074006948,0.0,0.0,0.0,0.0,152.40433488672156,14.46421967456957,94.59759125855591,114.33375872425458,199.37230701665936,144.7645892109159
1666,Mic,012_01692,99.72219769282627,262.0244677576138,132.38021379541027,63.28688897982368,65.46944765509312,106.39868090650441,0.0,496.83390778194547,326.7557175404577,0.0,0.0,111.02295986410158,61.25376919406516,250.21689357443864,25.83320886348245,422.94338439891857,85.1982170613492,215.4689123206595,0.0,47.05591934406382,101.95159717383062,0.0,0.0,0.0,1790.5171119841677,0.0,0.0,94.68970186348149,41.3273923939992,56.89394059880242,67.27757581773125
1667,Mic,012_01693,4.844554853582008,75.08431148036912,92.84897464201761,25.767314437267558,40.81691606907158,265.3369584725905,382.58383368063477,270.606656649424,238.75728959459437,273.3746828927035,30.384953401926513,69.21724555225273,54.55521720779196,50.938017954274514,36.81305073668751,125.56380070467705,211.74457833457342,99.79101373317579,95.1471914110017,203.96203446615263,272.4073115016669,0.0,497.162464565471,73.61606446062235,35.43801875153432,264.94643111085077,150.87143227634462,88.55141792080934,36.80793685598575,158.0971643606857,47.93622087576793
1668,Mic,012_01694,0.0,0.0,62.250219582365546,181.39371353854224,355.7519721787335,0.0,432.84676080959576,623.0139478535507,468.2757675409734,0.0,0.0,417.65780139352495,460.8616920315378,448.23434449842745,712.6685238846428,0.0,213.67171897925672,324.2294109206115,669.806022075861,157.35101071665784,0.0,0.0,0.0,0.0,0.0,0.0,177.01449792211332,0.0,0.0,0.0,0.0
1669,Mic,012_01695,238.72889750706898,908.5684857152207,1743.0061483062352,1918.238520670084,1420.2713350827896,560.3663861075898,158.71047896351843,481.63770584062956,0.0,375.4489400370693,128.34025555956578,1461.8023048773375,1497.800499102498,1479.1733368448106,1302.23975728012,598.5464086244106,650.1725163225954,842.9964683935899,1708.0053562934459,896.9007610849496,1380.7159160113063,0.0,0.0,0.0,74.84172055383557,373.0277530084518,230.11884729874734,178.1068201717866,46.640914273227665,308.2026039295126,0.0
1670,Mic,012_01696,314.8073373719591,31.648249139572275,40.22321880706697,97.32470399471786,7.578148519783672,147.7889369954083,583.7881953483266,434.6351742717966,101.88857359682717,581.9731029892453,59.23396410441497,9.63825695523519,31.905809448337237,12.412643386110298,26.911958244594906,90.91844181636617,183.14718769650574,194.53764655236688,92.74237228742692,108.93531511153236,0.0,0.0,0.0,118.18542837388604,17.271166281654363,0.0,40.84949952048769,73.98283299443443,121.98392963767236,71.12367782988751,70.08696909363651
1671,Mic,012_01697,212.72872055085352,0.0,64.71557481335033,0.0,221.90469551742783,0.0,0.0,0.0,0.0,0.0,0.0,173.67948176760444,239.55682011540335,0.0,0.0,0.0,50.77347777724912,67.41403593398853,0.0,0.0,159.48863716302216,0.0,0.0,0.0,0.0,0.0,0.0,0.0,32.32538612995977,195.80528467469034,0.0
1672,Mic,012_01698,0.0,0.0,0.0,0.0,0.0,66.97606208457249,438.59505776589845,78.18700939197946,50.37229371954694,0.0,107.37630943230603,0.0,0.0,0.0,0.0,177.4901852192009,45.969214441752435,27.126763463477452,0.0,39.49447679342408,128.3534052068943,0.0,125.49320036128991,0.0,0.0,0.0,0.0,149.0136742473115,0.0,42.976458715270674,0.0
1673,Mic,012_01699,127.16212631029804,3.015065611077342,15.327943515255836,19.142050172408975,0.0,112.63645951911353,644.5574042876559,356.541225279158,264.7287630570829,281.5778056028462,135.4344405402453,0.0,24.316822946387678,0.0,6.836929648961854,178.56260138976438,109.5201775672572,108.3480192272395,0.0,161.89758514691306,0.0,3406.2440985129733,0.0,398.90056645457344,0.0,0.0,87.17296882596534,169.15672870586766,16.406351754401694,135.51622032076557,35.61091115310397
1674,Mic,012_01700,92.10383185416852,43.90229682471155,20.28998287939631,9.5020542845855,191.13401200119569,186.37462952580591,291.12383764725206,40.16702580396421,44.387558896622195,237.4926985466464,418.3152453937066,19.44748077442134,53.64797967107701,125.2273334962347,36.20086031423705,271.6465639635331,177.66495480536867,211.3601924848332,93.56492104385643,76.93103739029502,142.86787009725265,0.0,69.84211372657154,0.0,17.42434735732314,0.0,49.45416128200949,74.6390000276445,28.956665180717838,143.50897300487281,164.9866936904895
1675,Mic,012_01701,101.75330057678347,0.0,0.0,0.0,0.0,0.0,0.0,0.0,356.96431460090594,32.516456297673805,0.0,0.0,52.88576793804532,0.0,22.30408196956408,26.083159537482096,31.525335587103445,37.206653712201316,0.0,0.0,0.0,4490.535814129892,0.0,0.0,0.0,0.0,81.25255642326512,81.7539502427873,0.0,49.12154434213544,0.0
1676,Mic,012_01702,106.80813523618531,167.77575484277247,221.06702480182275,169.28670968884924,254.81650532068866,179.07847225808462,385.96943740189874,478.4119191906247,510.67623650606816,138.66038787390195,179.43710830565124,192.70096961765168,251.2954232848398,150.40619815393305,179.35333024526963,120.76051359763683,270.57497303498417,149.5945284740238,393.32151229754294,250.7978160157649,214.49204199021622,0.0,671.0794842222906,138.09282742754326,20.92777805100595,0.0,133.6447674059098,104.58736044708108,95.64182154563329,277.6969755778564,28.308540557127927
1677,Mic,012_01703,130.21576227658306,278.18091715294497,423.8674042471981,203.44954007106952,255.99215340693482,305.65439242232173,379.5060488714435,457.4577938784812,360.78519362815905,234.41408949141208,81.67107171972368,411.9624677381587,395.9220899725484,616.1184808014749,494.7450909612396,183.2144357814651,229.21148035956628,196.011416602006,255.74411751987427,90.1192152286313,683.3846452985252,0.0,0.0,0.0,23.81327472167496,0.0,135.17470750415924,45.33628149827296,9.893527270078597,125.30459402184728,128.84675126304896
1678,Mic,012_01704,0.0,158.0640041592213,124.16576056482589,207.35934592006745,117.40697841134381,150.6361252977392,30.76987128813733,221.84243552601615,400.3002528979289,333.2499721367779,144.90028853499362,133.60558700491794,164.77044365643692,253.03551705556387,146.2955914132698,225.2594010952083,225.15944580609846,298.9534622198111,37.81163027847604,190.97844445852422,230.9441197629425,898.5982000937893,0.0,330.4108750237674,1802.639290759051,0.0,179.86957046924417,93.8412278324467,46.80808600897401,351.19263261382633,228.59907482153844
1679,Mic,012_01705,0.0,349.2526001130038,234.1351542500913,916.7827798058039,308.78127550760337,125.45516106886339,1085.3471017315235,0.0,566.1244353853558,488.4748248299803,0.0,130.9076690934929,216.67378058199165,42.147408512538696,182.76031345209972,712.4206261730185,397.04670168533517,50.81207186069284,314.9088014237257,388.3869163771237,240.42316945470503,0.0,0.0,0.0,0.0,1169.1914646533562,166.44646819541998,83.73678858822802,243.6465670989505,228.08526037072136,79.3272908895637
1680,Mic,012_01706,280.61116022760734,21.052563389627757,64.98049237106578,25.060973580982807,70.57427788161111,147.46483844936574,20.672018791101554,189.8048565829137,412.8220582269107,243.58819015976695,0.0,64.11413617883059,70.74631237326238,99.08338141544186,95.47712281708132,153.52456183903934,172.43682584290892,189.13382303702335,123.38531985607968,101.4499937515294,94.20089095593706,0.0,368.40693907232475,0.0,0.0,0.0,54.34655637959619,109.36383694758825,28.639157887069615,99.88047349567537,31.081453155560048
1681,Mic,012_01707,0.0,52.17374405255575,0.0,0.0,0.0,162.42503945147533,375.6914719426282,247.95538392833623,0.0,0.0,130.2002592633276,0.0,0.0,0.0,59.15430435406126,130.66780889067118,34.063607373504695,49.33925818357131,101.92700335937018,83.80651657735038,0.0,0.0,0.0,0.0,0.0,0.0,17.95799254282309,0.0,15.772289850849935,243.1872398155574,102.70393216619843
1682,Mic,012_01708,0.0,0.0,0.0,0.0,0.0,0.0,122.90710492124323,23.962074917444255,0.0,125.9367513751176,0.0,0.0,0.0,0.0,43.19203175058441,0.0,118.7065105440315,54.038235153435245,0.0,65.56292113194077,0.0,0.0,0.0,0.0,41.57873364101977,0.0,216.35105301591628,79.15858674301627,0.0,304.3976335106297,0.0
1683,Mic,012_01709,28.196326477212867,297.6368312289499,211.0135396079399,191.21325511789243,380.10083520489763,397.11003739907943,302.19747605079385,641.8817233790974,510.2177900274188,122.99285585822878,212.2161706103056,103.59228932201604,323.8732756993287,111.17623505275957,224.97266931505192,187.92197619524504,295.27076126661063,147.43502740681348,415.3324743186934,253.6820428679976,253.67484021205098,0.0,0.0,1512.2151268312189,0.0,0.0,87.81034148892235,235.6058723532295,51.41518108859742,0.0,41.8498306267777
1684,Mic,012_01710,15.740366868597953,19.780155712232673,7.182717644119101,141.27779612136462,47.36342824864795,369.4723424885208,0.0,364.9608333579971,98.41509949693534,523.1218903274116,888.5094615662247,0.0,26.588174540281027,31.03160846527575,0.0,244.780420274832,221.88986201692043,37.41108587545517,0.0,108.93531511153236,0.0,4515.209087833902,0.0,0.0,0.0,0.0,163.39799808195076,205.50786942898455,0.0,424.7664092618282,0.0
1685,Mic,012_01711,1033.4237509534194,2500.663041284073,2004.7495212481952,2454.2934664006784,1868.6620758557171,282.0636171682499,603.2741207704208,395.13300719570833,0.0,504.1960249579739,0.0,1192.0065774670904,1315.3116411839694,795.9919970086169,1465.5578155907192,112.1225750587737,494.743241931836,479.8160074362069,637.2147894580759,457.40037930639215,324.32924201607864,0.0,0.0,0.0,1872.298747412229,788.6157194473981,187.11264042102582,125.5115175707221,32.86775838046245,512.8091424442393,71.341322008064
1686,Mic,012_01712,16.426300287183643,12.385280984953026,0.0,6.552639881266147,0.0,154.2292805800706,129.72165920287577,176.58290529758807,360.06754832135624,78.47578242942032,61.815260705295444,30.174818219945035,33.29620022704918,0.0,18.723151378120306,149.61922477807963,145.55160673586983,124.9324335657402,48.39194884263676,85.26187220598719,258.62033595012997,0.0,0.0,510.96223046966776,0.0,0.0,59.68149356548316,34.31415801474788,29.952880725926022,61.85258679778062,48.76081183119971
1687,Mic,012_01713,363.136914517795,164.78819864486798,18.412036777882765,40.23874631312733,60.70523902291498,295.96816167654396,113.8000873490017,499.65988613065093,419.22223203272006,235.71568451702797,0.0,30.883147286140932,34.07780117134611,39.77290662450835,114.97597184310499,168.07106321687408,243.76632728619427,203.78503468073643,74.29186512461135,113.4423219867454,56.719550540370555,0.0,0.0,2096.334843075531,0.0,0.0,130.89100198466124,131.6987050566028,57.47999998461156,88.62633563700771,74.8581477408559
1688,Mic,012_01714,0.0,107.02668036726976,28.26496456712814,0.0,65.23352171759728,363.48089909681505,671.4974073100215,408.0028972429697,301.84802853654634,860.4117983307443,0.0,0.0,0.0,91.5851795785976,44.125913518164616,189.20864918541065,318.7751050717559,202.42430789908445,228.09610481502298,227.73369253721697,696.577399068767,0.0,0.0,0.0,0.0,0.0,783.6479664768151,323.48049501470433,35.29582701757769,330.41540421272066,344.7521182443742
1689,Mic,012_01715,93.7863525920628,53.5712550539635,52.523622772620925,174.30802160344294,30.786228361621166,375.2453478399039,450.8820425099955,287.54489900933106,504.859811880112,309.92247408720345,40.106329862364305,78.31083776128594,100.8134951318989,58.830757715418606,115.40370983359271,295.9584694543169,217.48728538960057,197.5772972797476,251.1772582784479,173.3319727425684,215.7368618767666,0.0,0.0,0.0,11.69401883653681,116.57117281514118,88.50724896105666,133.58011512883996,29.15057142076729,235.43254466837763,174.00063507621564
1690,Mic,012_01716,0.0,0.0,0.0,0.0,0.0,284.9320607326728,0.0,0.0,0.0,504.2806358029074,0.0,0.0,82.01775875137537,95.72462272339298,0.0,161.80400662234658,124.94363228448063,0.0,0.0,0.0,0.0,0.0,0.0,0.0,0.0,0.0,252.02064110944946,31.69697647125016,0.0,137.12403988389332,0.0
1691,Mic,012_01717,1000.3877609820032,0.0,124.50043916473109,0.0,0.0,0.0,0.0,0.0,183.9654801053824,283.35769059401457,1069.5021296630482,0.0,0.0,89.6468688996855,97.18207143881493,669.260752259362,513.8296099263077,675.4779394179405,0.0,393.37752679164464,127.84406629734316,10169.849470902727,0.0,0.0,0.0,0.0,472.0386611256355,326.5291703149421,25.911619040682034,57.07455628324307,843.6394427937728
1692,Mic,012_01718,264.1933132411563,39.99987044029274,40.67014346047882,41.267069830018364,7.6623501700034895,149.43103629535727,336.6585917407967,207.99081028341612,217.7482319065526,555.3810735642686,179.67635778339212,0.0,0.0,0.0,54.421960005736366,74.25006081669903,149.5702032854797,113.480293822214,0.0,132.1748490019926,71.59267712651216,0.0,0.0,0.0,593.7443163937623,0.0,57.82473598789034,41.558258040083544,21.765759994172914,187.77529017186967,47.24380879645127
1693,Mic,012_01719,0.0,70.58800665934012,0.0,0.0,0.0,247.22046445923084,4.950861643247009,0.0,0.0,0.0,0.0,0.0,23.72082238397621,0.0,80.03229412608287,109.19126590691035,50.27569858335451,66.75311401306706,0.0,121.4842362150667,0.0,0.0,0.0,0.0,38.52147381447419,383.99915750870036,36.44416133690568,73.33810242367683,80.0211764491651,193.88562502101686,0.0
1694,Mic,012_01720,290.6264839216492,0.0,0.0,13.801695595323865,0.0,81.21251972573766,0.0,0.0,539.5351234711216,79.05268904253306,0.0,0.0,0.0,81.85148899536502,0.0,230.5902509835374,92.90074738228553,115.12493576166639,0.0,59.86179755525027,77.81812731142627,3297.030594063927,0.0,0.0,0.0,0.0,53.87397762846926,36.13761568702917,15.772289850849935,165.0199127319854,102.70393216619843
1695,Mic,012_01721,24.27751500071888,0.0,0.0,96.8457962112556,0.0,569.8641214653456,85.59116739172798,460.55920265053874,95.24252899138442,378.2104768521805,0.0,0.0,0.0,0.0,23.060152544803543,224.7277869754813,184.69928250749308,269.2752734764401,0.0,126.01415688749294,91.00764041505784,2754.178099157518,0.0,520.8171419866163,2619.4602193842456,0.0,315.02580138681185,105.65658823750053,18.445559317095686,192.9893894662202,180.16706744409385
1696,Mic,012_01722,63.03843748352921,0.0,0.0,0.0,0.0,246.61601344588308,172.85648964686382,203.00388652553627,262.76109694536285,21.82339181836543,197.68792421155612,10.722266294943795,11.831412631616496,0.0,0.0,198.39782230099465,100.3055502298711,174.79849659656438,0.0,90.89040655699368,39.3847245805996,0.0,0.0,760.6922743135818,0.0,0.0,127.24269532787606,9.144848957475595,63.86042052080071,162.6415534183858,129.94935182397967
1697,Mic,012_01723,313.8666779973417,0.0,0.0,0.0,82.42368708768694,133.95212416914498,325.92843742236494,24.057541351378294,197.29148373489218,0.0,0.0,0.0,0.0,0.0,0.0,164.8123148464008,102.15380987056098,393.33807022042305,168.11864299115237,118.48343038027224,256.7068104137886,0.0,0.0,0.0,0.0,0.0,14.809977913802308,14.90136742473115,0.0,214.88229357635336,127.05008341675143
1698,Mic,012_01724,196.00898953211978,66.31557467732743,0.0,0.0,117.95986445926427,442.3945153480973,239.2047888684608,222.4689481809035,554.5370931406263,180.0812691538277,283.6995122895664,0.0,50.93734490874891,0.0,85.9294105353732,318.2145463572816,239.53724285569302,17.917941129823266,0.0,130.43570625196637,0.0,0.0,0.0,3760.162708000742,0.0,0.0,234.77712355985554,98.42745325282945,51.550484196725314,302.795540702679,55.94661568000809
1699,Mic,012_01725,226.64135839278697,637.9726171489729,306.12924440188624,452.0492069987405,1112.980610136583,531.9934045325219,140.62953832210493,219.7534592112451,206.7230049745753,367.1992857539525,0.0,249.80165969422853,428.7763843584561,142.98108204253637,335.83171522527186,825.7466076359838,231.2523034522335,387.84404217718713,934.7609358716923,345.076741856468,0.0,0.0,1794.2350608617337,534.8264638438513,0.0,495.7963805808537,188.2179471576901,307.74153105631484,61.99108859099879,273.0909148742516,67.27757581773125
1700,Mic,012_01726,0.0,719.9976679252694,879.4258293726914,896.0437190364127,172.40287882507855,0.0,1211.970930266868,2182.0736768003553,287.35103917287,595.0511502474307,490.0264303183421,1315.6220743896038,923.8182099359462,1334.923375069862,927.6470455523242,0.0,303.02534691603677,526.135907721174,191.80808813990566,135.17882284294697,146.43956684968398,0.0,0.0,0.0,142.87964833004975,0.0,0.0,34.00221112370472,0.0,98.0644648866631,0.0
1701,Mic,012_01727,589.0133545968804,16.8223754188147,48.86933126092248,0.0,0.0,314.22414174257375,2161.5369394946474,366.8212963997541,561.2744596928022,903.69917677764,0.0,81.9702227034021,0.0,0.0,0.0,312.2666109113511,161.75148819925036,636.338096199331,197.18588500364135,69.48444164824377,150.54534909780597,0.0,0.0,1902.56448947681,0.0,0.0,347.4116314359233,244.6888090210526,0.0,588.0812925446307,0.0
1702,Mic,012_01732,30.970235352268407,0.0,9.421654855709379,56.62425382081521,96.2971034878817,121.16029969893835,307.54217299564675,451.52320628221986,100.61600951218212,353.8141974444182,145.68353333788548,23.70490224125412,26.15701495314134,0.0,14.708637839388205,97.4711223076358,243.7012578628279,263.7650072624434,228.09610481502298,276.8527242609304,377.3127578289155,0.0,0.0,809.7298943994624,0.0,141.14563627346826,294.7052181622211,121.3051856305141,23.530551345051794,288.30363700913864,114.91737274812473
1703,Mic,012_01733,169.0378528932041,0.0,4.059796929284709,26.617555790981744,0.0,104.41609679023414,134.87254141168563,0.0,435.19106657340456,120.11902101268011,251.1005000078461,40.85782839719266,0.0,17.539604784721075,0.0,49.41219663932944,67.68483023566517,348.8990400123971,393.14701295757067,169.32337022770793,0.0,0.0,0.0,0.0,24.404908876250733,0.0,138.53308533034956,46.46264874046607,30.417987569496304,228.91860074474667,99.03593458883421
1704,Mic,012_01734,0.0,0.0,18.412036777882765,90.53717920453647,0.0,355.16179401185275,120.9125928083143,0.0,0.0,0.0,0.0,30.883147286140932,102.23340351403833,0.0,0.0,571.4416149373718,99.31220741289397,95.89883984975832,0.0,17.452664921037755,113.43910108074111,0.0,0.0,0.0,55.340708860230535,0.0,52.3564007938645,131.6987050566028,45.983999987689245,202.57448145601765,224.5744432225677
1705,Mic,012_01735,1506.46166357909,341.3782046197398,45.077745214816424,49.2577756591731,297.24634280185956,1449.2234123472151,383.0942595671135,286.30548134118743,890.1276443343501,1077.2477719996589,1394.0407069401112,75.61046404537952,333.7274321607687,0.0,211.11967243604624,219.45830783260794,541.5472877577712,1467.4175925286295,727.5479205306766,555.4761973144085,1388.6510649538998,0.0,0.0,0.0,0.0,1350.6177264099115,640.9145614421344,386.92171278698476,0.0,371.968659914929,183.27339619312994
1706,Mic,012_01736,999.3302686342421,0.0,172.27386349538372,11.073453442759845,53.45825700002435,260.6355284221348,344.48786131616407,1006.4071465326588,628.9052459416562,103.78799132222628,0.0,67.9908048780157,412.631980074749,87.56205799504164,0.0,370.0169143689321,273.30103590370044,395.8614900774907,0.0,76.84584244301895,499.48379390589884,0.0,0.0,0.0,0.0,0.0,288.1631361522775,231.95306813069882,0.0,250.8625845937893,0.0
1707,Mic,012_01737,65.10788113829153,0.0,0.0,50.50165888288959,69.65772881821356,84.90399789508938,0.0,259.226083197806,63.855786482860005,0.0,136.11845286620613,22.14851977086875,0.0,0.0,0.0,32.14288347043249,61.511555463725415,85.96991956228334,0.0,100.13246136514591,0.0,0.0,0.0,0.0,0.0,0.0,56.32279479339969,0.0,0.0,208.84099003641214,0.0
1708,Mic,012_01738,58.95967928746013,69.73343030753213,56.97477724487694,0.0,0.0,610.5687015700132,379.046598449081,500.76675208828414,145.4149326564887,399.82250410087653,456.80429944930194,148.65786151294958,269.4869216116619,218.79913765346967,118.59507023041823,396.8050638595642,142.79272261083497,115.40368863276001,51.08689998883686,120.01348274999329,195.0163723179811,2394.4487147777604,0.0,0.0,0.0,0.0,108.00884618976406,163.01302185214368,23.715719121980168,87.06288246596401,102.95260996805362
1709,Mic,012_01739,140.75345402150887,83.23672461563807,26.447347626033913,70.1852121386484,284.01630326674785,145.76004262914188,55.46109748331044,226.8779116460907,304.5145887188411,739.5144352785987,77.89437476158616,76.04751875084415,0.0,0.0,106.17000868171111,78.17409375829172,133.3904372818481,0.0,60.97944998667521,42.97592633735309,93.11186331482797,0.0,0.0,0.0,0.0,0.0,139.66750847611831,54.04975756658264,28.308069356583264,36.37265797819392,30.722129997692303
1710,Mic,012_01740,307.62381423729687,0.0,13.160281321104124,62.31604504532973,63.63864654616992,282.0636171682499,698.1711734758803,0.0,325.2788049697366,79.87263761710479,0.0,132.44517527412117,64.95366129303552,75.80876161986826,27.393604029733066,315.01104421274516,217.2568149352845,148.51447849215927,141.60328654623908,99.79644639412192,432.4389893547715,0.0,0.0,0.0,26.370404893129983,0.0,187.11264042102582,188.26727635608316,32.86775838046245,253.3880468548006,178.35330502016
1711,Mic,012_01741,0.0,85.71400808634158,142.2862161882641,291.52561104408574,93.82469595922642,114.36048696073262,0.0,0.0,0.0,0.0,0.0,477.32320159259996,263.34953830373587,115.26026001388134,55.53261225075139,227.29610454091542,100.29488850046742,185.27394909749228,0.0,67.43614744999621,657.4837695291933,0.0,0.0,0.0,0.0,532.896790012074,202.30228333955807,127.21915726556186,22.20995917772746,61.151310303474716,0.0
1712,Mic,012_01742,129.87841574218777,32.642381317855474,20.320019863673725,0.0,17.8655832979356,217.75895833196495,75.87900901929873,0.0,616.8866005041061,196.5518695765477,139.6448376554861,102.25042028934745,25.072786354047395,29.26296756829112,42.296860108085255,123.6585024704462,129.53156021022298,0.0,54.66033599841872,154.08984987278927,417.3148278099802,0.0,0.0,0.0,203.58499114385324,202.94255992687792,0.0,87.20774355561572,16.916393777854594,97.810411868822,0.0
1713,Mic,012_01743,59.06694371308922,0.0,0.0,7.363275742866082,0.0,173.30919157966696,119.73939603152047,0.0,233.53443561643903,30.672739703475806,0.0,113.02595140804155,0.0,0.0,42.07883505598172,90.21546417345611,118.95126623587485,35.09699808934454,108.75716337829702,89.42241717273984,0.0,0.0,649.4596554780157,0.0,0.0,0.0,153.2909054170878,19.27960424539958,33.658391743566355,231.68151068584493,0.0
1714,Mic,012_01744,118.7646274030142,0.0,62.40662716925591,32.302209665940154,30.322114366219846,84.47734463933516,251.2251300176297,0.0,394.44585695505356,254.1675767388523,0.0,22.037220676542777,85.10888031235686,70.95166759648474,20.510788946885565,171.89981775581793,241.58862698659675,153.9682378492351,265.0614283340405,18.68049059387458,202.36623559629695,384.95224401002775,0.0,0.0,0.0,0.0,93.39960945639143,46.98798019607435,90.2349346492093,40.654866096229675,0.0
1715,Mic,012_01745,359.8749051972233,188.0590923685405,84.54880570142186,170.56423810340536,90.06120535638432,250.91032213772678,562.7725712681975,172.74152515112797,251.61086017126925,62.909636531133835,201.13025125006575,218.17944848915485,180.5614838183264,182.63877022100104,142.14691046274422,98.94730919069701,154.67281149990973,135.49885829518092,262.42400118643815,98.63794701641238,240.42316945470503,0.0,0.0,1280.3421407170986,0.0,0.0,175.69349420627665,148.8654019346276,16.243104473263365,201.2517003271071,26.442430296521238
1716,Mic,012_01746,2.0061251891350333,113.44501070251093,153.79466014466783,92.03063407470157,197.99770397277928,117.72403069487181,338.07312363886723,268.516192457243,370.39039176297575,70.83942264850364,188.73566994053792,239.5390331521687,182.98920124781648,134.47030334952825,200.0807353152072,151.53073636061026,165.1915810595934,243.17205819045859,59.10053135963481,121.4842362150667,270.72861098260904,0.0,0.0,473.403816735734,11.006135375564057,0.0,192.63342420935857,99.53028186070428,73.1622184678081,226.6195617128769,29.77550974566257
1717,Mic,012_01747,206.46823568178934,9.729698215206342,9.421654855709379,25.73829719127964,3.106358177028442,181.74044954840753,487.7000139812622,495.04351532147,161.36529827425437,335.05132333751726,48.56117777929516,0.0,8.719004984380446,20.352262128577248,0.0,51.60235886874836,150.14769441785606,122.68139872671783,0.0,80.37659736607657,116.09623317812783,0.0,0.0,0.0,0.0,0.0,107.1655338771713,40.43506187683804,11.765275672525897,174.9258022302639,76.61158183208315
1718,Mic,012_01748,112.71134833120632,0.0,0.0,0.0,5.652553404100936,55.11800519091048,251.66609480951357,44.545890092429154,3.454493367105542,258.50582756650675,88.36542186068465,0.0,47.59719114424079,0.0,0.0,0.0,75.66080540904827,44.64798445464158,0.0,113.75704217384607,52.81427001136144,0.0,0.0,37.7805877588652,0.0,0.0,134.06671809838744,49.05237014567238,42.81788851312704,117.89170642112502,0.0
1719,Mic,012_01749,300.1664814243294,86.02913311607078,24.030415647604347,13.129370350331067,47.537558499562095,339.9281386314424,38.9880354405702,707.6300249057756,102.65052441040639,109.38440261901299,0.0,8.061409769544142,35.58123357596432,0.0,0.0,114.06587599204029,258.05573413487434,225.29175979410132,77.56944740952069,109.33581259356004,29.610941826222867,332.8447377185635,0.0,0.0,476.7032384541181,0.0,163.99872601607555,178.7616246577123,30.00794116843692,115.67040129094758,58.62053481177318
1720,Mic,012_01750,56.44821221842025,0.0,0.0,35.184125470837934,0.0,82.81276641984087,184.0842545971844,475.93638456716866,160.89770830533448,0.0,265.5315632266878,0.0,0.0,27.821442072316188,0.0,15.675593416614857,167.35863703301388,134.16389417404613,0.0,48.833072291376574,79.35148942593713,0.0,0.0,151.37049939512497,0.0,0.0,164.8066015136917,0.0,16.083073887319884,61.99477665248815,0.0
1721,Mic,012_01751,0.0,0.0,0.0,29.698035220707276,0.0,139.8003458064673,218.37314058862486,81.60057944859395,26.285749945127403,219.58748267966516,0.0,0.0,40.24156146637129,0.0,8.485752599647041,152.1608017924631,89.28901354434636,99.08882204850288,0.0,87.58988174508345,66.97859606430453,0.0,0.0,359.3475862719508,0.0,0.0,23.184851079195713,46.65584062712082,0.0,127.08284777412334,0.0
1722,Mic,012_01752,75.27155346436176,44.51299338023303,56.57361532369542,121.43145622315471,87.93346215189479,285.8128399003163,387.1313636092005,123.66208369296191,118.87835366090397,457.5547870913397,208.28016744597227,176.22964417377483,29.916833176699516,34.91655481100578,75.70288099716032,113.12109066796717,195.1777216642051,247.3063590252268,652.2067912021522,371.55024207476663,224.07290754433873,0.0,0.0,0.0,12.145874278443177,0.0,63.19992120557677,69.37081713027857,95.87699533754682,161.16725553243444,147.86508935519913
1723,Mic,012_01753,247.065462181919,725.7119351310254,821.7028984872252,737.6677683900717,684.138408036026,498.1034543178576,472.39078587121315,653.3659094156466,496.149325132698,385.6813010862976,228.1604543281169,1034.8632190084008,890.999271260973,1165.4092956959116,837.9254159613375,372.09214150772084,368.3293441451949,371.06254805358867,647.4791546733325,396.00004363692227,409.101012151498,0.0,0.0,126.00192495946048,0.0,82.89505622410039,200.61643097839507,166.23303216033418,48.368355542606466,247.3230772273866,202.47346627050547
1724,Mic,012_01754,0.0,0.0,64.02879728471885,23.322048883526858,7.036852196941981,480.314045235077,350.3997587506251,591.5209351049097,365.5417981314741,255.02192153461317,110.00593333677067,125.2973404180575,19.75121537278019,69.15615600832881,33.31956735045083,0.0,151.75052694853335,97.26882327618344,86.11791712403928,101.15422117499432,131.49675390583866,0.0,0.0,815.2382610280301,0.0,319.7380740072444,121.38137000373483,76.3314943593371,13.325975506636475,80.71972960058663,0.0
1725,Mic,012_01755,58.464219797649534,18.367287447073195,166.741659595622,189.4916471786557,202.30950066208194,257.3110956616484,427.69382318091004,0.0,585.9419999460393,53.12956698637774,0.0,44.74905014930624,49.37803843195047,57.63013000694067,62.47418878209531,227.29610454091542,121.00796329947701,0.0,107.6473964050491,126.4427764687429,164.37094238229832,0.0,0.0,0.0,0.0,0.0,417.24845938783847,76.3314943593371,49.97240814988678,293.52628945667857,0.0
1726,Mic,012_01756,91.23397356958048,57.3246550895915,33.30584996763506,163.7742604719004,21.962150168799813,107.07637951100442,0.0,0.0,0.0,0.0,171.66530998413256,0.0,30.821960295102844,251.810631750072,155.98650957058192,162.1475395451116,163.3159635510242,0.0,268.77566490942195,94.71127715110934,307.80291121271154,0.0,0.0,0.0,0.0,0.0,426.1877720672537,119.1160262295388,83.18124838537418,332.08666983912445,0.0
1727,Mic,012_01757,199.44439538565254,0.0,74.46387025991828,0.0,21.823149218364374,0.0,0.0,0.0,160.04361675450988,0.0,0.0,0.0,0.0,0.0,0.0,0.0,36.51352159772108,129.2813473923957,0.0,47.05591934406382,101.95159717383062,0.0,0.0,0.0,0.0,0.0,94.10897357884505,0.0,82.6547847879984,193.43939803592824,201.83272745319374
1728,Mic,012_01758,58.464219797649534,73.46914978829278,867.0566298972344,612.2037831925801,105.55278295412971,857.7036522054947,0.0,0.0,0.0,182.15851538186652,0.0,894.981002986125,641.9144996153562,518.6711700624661,458.1440510686989,324.7087207727363,52.327767913287346,312.6497891020182,430.5895856201964,75.86566588124575,164.37094238229832,0.0,1285.6650322728067,0.0,0.0,0.0,644.8385281448413,1488.4641400070736,1832.3216321625155,476.98022036710273,2603.2302806207845
1729,Mic,012_01759,347.86210779601475,0.0,97.11034254849024,12.244075663851602,54.18376191645325,96.06280904701539,135.62531838700667,0.0,36.124130638875094,306.02630584153576,0.0,0.0,13.825850760946134,0.0,11.66184857265779,100.01028599800277,100.73095323307815,48.63441163809172,60.282541986827496,92.05034126924484,46.02386386704353,477.54075776412805,0.0,482.87189307044855,0.0,0.0,74.3460891272876,53.432046051535984,37.312731418582125,154.1013019647563,30.371019940575817
1730,Mic,012_01760,0.0,0.0,31.712376013657916,0.0,134.76235811124735,226.5632288844703,138.83764025968165,0.0,292.5145798588156,80.19557280962678,72.64542767522592,0.0,52.173021739419376,0.0,33.00523180940884,197.27586431853032,108.85163042339492,36.70521633063526,113.74064525816509,173.67988918725442,173.67495798884354,1313.9879340994087,0.0,0.0,0.0,0.0,250.49221404072637,40.32607249172527,35.20069001753031,101.76501073144283,143.25952802158406
1731,Mic,012_01761,175.96724631970685,39.80331088038958,64.23855583438213,87.74419497027151,86.83683085784054,247.82788574782842,441.70930709971856,146.51013128270276,209.6885961531754,215.65121538451112,231.76925758299964,43.099822256825675,71.33731350856728,27.753084720787154,55.15739189770577,156.3707844507526,203.9593681165632,108.74033068959082,51.84002382159613,146.13926793832104,138.5239145875389,0.0,193.4815312695563,0.0,0.0,96.23566109554653,68.50069637035098,64.32850753133324,44.119783771972116,128.10222890600133,117.529131219673
1732,Mic,012_01762,197.35826470044623,61.36343760726727,219.1136990413378,180.58852127319003,176.32112607110307,191.03399526395108,127.68159658351237,426.7223483522707,172.11129950458363,262.0253644555447,0.0,118.35615252557987,137.47294790713485,184.51464919835837,127.55146876344459,106.22218521869485,192.12244050265554,154.74585521211003,149.8500688593013,207.69662884723624,274.57418784315746,0.0,0.0,190.9601204194536,11.162472525785137,445.08993256690275,205.9302184633676,196.5752830589179,13.912772723548024,188.97839587534034,0.0
1733,Mic,012_01763,1883.6691090968727,147.94472628601423,304.42915603978764,234.8178894437293,1062.7574722093882,690.8626678038778,677.9289450122892,1881.843500023396,317.52945881202993,1895.1971566099674,0.0,720.8888078847143,265.15330226472037,928.3977107967429,559.1297260863325,1242.3444618058254,641.01515693777,326.4501603104786,289.025886238214,577.1333304025362,441.32472201274624,8395.122910465265,3883.412871454163,0.0,107.64905011168132,0.0,7383.686933874453,7480.486447215037,6932.245477596167,5442.801692682146,3640.3619791786086
1734,Mic,012_01764,102.3123846458867,0.0,11.205039524825798,24.488151327703203,128.07070998434406,288.1884271410462,173.1387043238383,0.0,207.71375117353173,76.50657646038394,0.0,0.0,27.651701521892267,32.27287280388678,0.0,63.64290927145632,104.39389698700826,223.71829353522193,0.0,56.64636385799682,92.04772773408706,0.0,0.0,0.0,0.0,0.0,180.55478788055558,64.11845526184318,46.640914273227665,174.6481422267238,60.74203988115163
1735,Mic,012_01765,44.96239325245245,0.0,29.31064150739185,0.0,146.89034518728664,75.38561248084169,0.0,426.4819522302074,321.2833741424615,80.05172424853326,120.85853662560005,0.0,0.0,0.0,36.606699555428044,92.75311889337803,66.11367089492695,45.79922172196977,0.0,100.02020524253923,72.23476391688448,0.0,0.0,0.0,0.0,0.0,133.35621368123333,67.08956454901379,29.281291471981493,104.80731299546203,0.0
1736,Mic,012_01766,29.577031549548366,31.858303890498643,107.97383219596146,105.34480045103393,55.94193708188389,396.71956538590433,387.30634448056253,837.1882457882294,239.3179254468249,368.6157567904438,0.0,38.80891074895586,57.09790874727017,116.62026308189175,72.24153983062348,229.97806447650143,187.19911662784435,401.7001551228814,186.71583801229755,190.07445099844068,285.10358147726083,0.0,743.3343549423898,260.6006127123298,0.0,0.0,120.6204985840949,297.8954779864396,125.20127430276452,328.8100543397455,31.356510263131376
1737,Mic,012_01767,173.62101636877742,155.8436510660756,379.1604283653174,593.6521533988655,156.7298898409805,363.8742766932401,166.14320111883472,0.0,145.9560833893943,502.31590605302586,0.0,189.844455178875,104.74129364353132,146.69487638130352,194.36414287762986,0.0,341.3197588889425,265.2786089350457,639.3602937996856,236.02651607498677,557.8650165702247,0.0,0.0,2078.477501164121,0.0,0.0,96.55336250297088,113.34070374568239,42.40083115747969,140.09209269523296,0.0
1738,Mic,012_01768,0.0,278.2599682802973,622.0511072759571,317.43899869244893,924.4792052938994,324.85007890295066,180.52707093347067,0.0,302.8522627031295,636.0148163876523,0.0,275.41202845515056,222.08190231954538,204.62872248841256,305.6305724959832,284.3946428796961,346.82945689386594,501.615791532975,509.63501679685083,460.9358411754271,389.09063655713135,0.0,1065.1765847091128,788.6165359489376,94.9079789631973,378.4339523274149,215.49591051387705,99.37844313933022,15.772289850849935,325.6971961815501,25.675983041549607
1739,Mic,012_01769,428.79967577702837,252.22848239420262,387.1805058737577,236.56282068163387,241.58365185679793,107.07637951100442,289.48350245227743,62.49980687065874,137.57464826641655,180.0313989602099,85.83265499206628,181.56143277138904,215.75372206571993,125.905315875036,129.98875797548493,248.28841992845216,142.9014681071462,390.31438639487624,0.0,55.24824500481378,51.30048520211859,0.0,0.0,0.0,0.0,249.477159655334,82.86984456863266,273.9668603279393,10.397656048171772,177.4945993967734,0.0
1740,Mic,012_01770,156.89282513649155,14.604415170897957,0.0,0.0,17.48507898834468,170.4968720408488,108.5775174174172,0.0,121.81818902054734,217.26005485707407,109.3365260345185,0.0,58.89307626366508,11.455887912130194,0.0,58.09190501451388,83.2149493793454,13.810989106151805,85.59387300360902,95.51174433460417,65.34828540959528,1751.6285401422545,0.0,0.0,239.0988029863916,0.0,82.94188442192328,53.10690175507633,26.48976875558569,69.288279788075,43.12315204544234
1741,Mic,012_01771,28.14707525192516,35.37106447231126,22.83414168086771,118.51980082185318,45.17105995416906,220.23133078464232,235.95503918951033,332.90542074169826,289.8606552355152,282.5843344515637,58.84596870635112,38.300497071021944,73.95924533693893,24.662675723494264,44.55946507019899,145.90623304591514,152.55600896553918,178.3969684541356,46.067444749759005,156.92155926819535,246.19752505296216,0.0,0.0,0.0,1132.4304005198267,0.0,259.72432882895225,73.4982292848639,35.64262007779407,184.49537243960998,116.04647357206919
1742,Mic,012_01772,124.97217453390186,66.44273781189565,131.60281321104125,117.44177720081373,34.7119890251836,197.44453201777495,460.92854171223166,402.7317188725488,302.2971502707878,94.84875717031194,135.66167953444034,125.08710998111444,32.47683064651776,28.4282856074506,89.02921309663246,213.56680963575943,157.0272028740175,119.95400185905173,354.0082163655977,187.11833698897863,243.24693151205892,0.0,0.0,0.0,1569.0390911412342,0.0,118.50467226664969,87.85806229950548,87.6473556812332,108.59487722348595,0.0
1743,Mic,012_01773,149.82985199188428,0.0,5.469684565814545,14.942212281548327,0.0,140.6777538345414,27.467960413998053,252.65451377388922,324.0213600714999,329.89237409114884,281.9189714174562,9.174491453205047,91.11177802715548,11.815382302678215,17.078020922302205,26.628832331153273,120.69323038577261,56.97755338353842,0.0,82.9549261518782,0.0,0.0,0.0,0.0,0.0,0.0,93.32145078739028,101.72209603953502,61.47233471157621,116.5968707334453,44.47638903431606
1744,Mic,012_01774,0.0,159.49315428724321,308.88716552262395,120.54645519966414,240.0546414020081,354.662269688348,80.96852206424224,0.0,168.9349287964271,483.3221368043477,0.0,203.54209308418623,142.9254614528187,142.98108204253637,68.88855696928654,107.41419286321742,240.71877201460563,129.2813473923957,89.02485103539927,135.9393225495177,271.8709257968817,0.0,0.0,0.0,0.0,0.0,203.9027760874976,315.63233954493825,41.3273923939992,402.05051356487047,44.851717211820834
1745,Mic,012_01775,47.022358599877215,0.0,66.02296016311497,90.18153371944571,52.24329661366016,0.0,0.0,289.72326945637144,223.49525269001003,236.6680711211372,340.29613216551536,33.222779656303125,97.75854073396258,99.83401309283157,51.53594697512913,196.87516125639897,153.7788886593135,128.954879343425,53.28002448330714,187.74836505964856,244.0659447494733,0.0,0.0,0.0,0.0,197.81774780751232,18.77426493113323,75.56046916378827,57.7122424087918,172.52081785616656,80.52921953940559
1746,Mic,012_01776,89.52333656515086,292.49905259464066,73.5330718816693,187.48740860272764,129.3021591188089,315.2060921855193,0.0,0.0,744.119461858078,0.0,0.0,54.81758643290016,151.22024269784833,352.9845462925116,102.04117501075568,268.4935234889563,292.46316535285763,106.38777545832563,791.208363577111,170.38164129163107,503.3860110457887,0.0,0.0,1680.449059691192,3585.386175282186,0.0,139.39891711366423,23.376520147546994,0.0,179.78485229221567,66.43660612000961
1747,Mic,012_01777,249.58021103011754,109.09055574625293,9.903444024467245,32.46535213900046,26.12164830683008,636.7799842131702,275.44793869701545,697.6231356646839,119.7295996553625,0.0,0.0,66.44555931260625,0.0,128.3580168336406,123.6862727403099,0.0,174.82231552848273,51.581951737370005,0.0,168.9735285536837,122.03297237473664,0.0,0.0,0.0,59.533186804187395,0.0,28.161397396699844,198.34623155494418,49.46763635039298,54.48025827036838,80.52921953940559
1748,Mic,012_01778,425.188731138906,1727.9944030206464,1422.84344001209,1347.277939713636,990.8628614578198,247.74092859493447,114.81829865686117,327.3471666090437,126.43445723606281,735.9843174112958,283.6995122895664,4468.498835119776,5643.85781588938,7419.363600388287,4305.063467822197,596.2335710694327,551.9477877632588,523.2038809908394,399.76843633369816,328.69797975495527,406.94784892964805,0.0,0.0,0.0,1770.203642994406,0.0,211.29941120387,181.1065139852062,123.72116207214074,234.66654404457623,89.51458508801294
1749,Mic,012_01779,0.0,0.0,0.0,0.0,0.0,173.30919157966696,1134.9212319509331,0.0,868.9653418286103,506.10020510735075,277.8500378093692,0.0,199.5483614981916,0.0,0.0,311.6534216901211,85.90924783702073,105.29099426803363,0.0,229.94335844418814,0.0,0.0,0.0,0.0,0.0,0.0,0.0,115.6776254723975,33.658391743566355,389.2249379522195,219.1723088495162
1750,Mic,012_01780,325.69046806068803,0.0,24.264586751362906,6.628656585225151,20.000333970426745,351.0415875848011,107.79323819078873,0.0,139.34191922767943,220.90065902456823,0.0,81.39966430871485,11.227489017009622,52.41533866060498,47.35089327645275,73.83168128939248,86.2619004695839,78.98860358854803,97.90668072106556,92.00105498978603,74.74873481886422,0.0,0.0,0.0,0.0,908.768307793212,94.87319958238555,104.13670228141584,45.450542911265934,70.91281876955142,172.64268875733353
1751,Mic,012_01781,1264.3789756855874,222.2215024460708,234.01471435592973,290.9857488014115,53.210765069468685,311.314658948661,423.94044885878094,0.0,682.9021609972528,0.0,831.8349897379263,27.070413053284025,238.96532179413072,104.58801371629974,302.3442222540909,235.71447878317153,197.84418424005247,189.13382303702335,260.48011969616823,305.9602986157236,198.86854757364492,0.0,0.0,1398.8923389316446,3541.122148426851,483.5544946405857,206.51691424246553,323.2308958673164,20.15348147608603,299.6414204870261,262.4656044247293
1752,Mic,012_01782,754.6913534094438,0.0,0.0,61.4398061985385,148.30355167748692,180.76335035728704,0.0,0.0,0.0,431.8919638892642,0.0,141.4647391816778,0.0,182.185572280006,43.88867742398094,0.0,165.4232663065213,109.81963918278775,680.6093450125685,106.59262016289725,0.0,0.0,0.0,0.0,0.0,0.0,0.0,80.43533814209718,105.3181935201915,521.956022783852,0.0
1753,Mic,012_01783,0.0,55.5553756115177,32.277891635300655,70.54199970943309,31.92645904168121,207.543105965774,0.0,0.0,130.07660209471481,128.56043369543255,0.0,54.14082610656805,0.0,0.0,75.58605556352272,0.0,106.83585948962836,0.0,0.0,290.66228368493745,0.0,0.0,0.0,0.0,0.0,0.0,0.0,184.70336906703795,120.92088885651617,11.097830388408374,0.0
1754,Mic,012_01784,754.4562104421874,0.0,49.895214169071615,0.0,92.12367570805725,0.0,0.0,668.3772652545139,120.64356606494543,0.0,0.0,0.0,73.87859185238392,0.0,155.78805345153538,145.74712046898392,195.7298189122962,0.0,0.0,37.836311737211616,122.96452178217739,0.0,0.0,2199.0609287125735,0.0,0.0,56.752739791822584,285.5147498937037,0.0,54.89613810449333,0.0
1755,Mic,012_01785,0.0,128.01682673240242,56.347181518520536,61.57221957396638,85.45832355553462,181.1529265434019,60.94681402204078,120.37844101845378,240.6977813761253,310.9911722737111,116.17005891167591,75.61046404537952,41.71592902009609,0.0,43.98326509084296,99.44204573665048,251.43266931610808,278.8093425804396,454.7174503316729,299.1025677846815,138.86510649538997,0.0,0.0,0.0,846.8082605768034,0.0,48.06859210816008,145.09564229511926,63.327103431322044,251.85378015073314,114.54587262070622
1756,Mic,012_01786,261.79148029495815,61.09640785266646,160.4202786626496,55.945515435353265,153.04694203792874,131.6787852472143,598.601830223192,579.4067253536585,123.79352862538788,143.71339790571108,211.10799217369828,148.85193182824062,366.4030945785986,176.95308848084133,53.28520888290114,211.86608177834674,323.01808169448987,293.33026340467853,440.7078787548747,388.24204994057874,378.525251125815,0.0,328.9691205293344,0.0,20.517965164889652,204.53218833361586,155.29209217188009,205.07861017169165,25.573347251639188,300.4237740653212,27.75419576815023
1757,Mic,012_01787,667.1967233259452,592.1804923489593,493.94636776105034,567.6677859353565,303.2493634056756,328.5535814311602,720.4713184811186,0.0,209.35129998370877,111.45094833624515,175.57950271992712,557.1038100021124,472.8711172310567,367.9317746371457,478.6296156856293,15.547942004427439,311.11159082647475,266.1427086384172,206.17807519924716,363.26556627176296,314.82121863449976,0.0,0.0,988.4074506513106,0.0,0.0,157.4102864258532,0.0,0.0,40.993288796270676,69.24988260066148
1758,Mic,012_01788,176.15882356368394,30.846674281072524,17.131360832646966,4.319986373334738,3.4758644924410995,84.7328204799783,191.40669933650133,462.6226399383996,244.28700574844126,293.9264754246381,108.67521640124521,13.262319298282295,43.90265110582695,11.386598267500375,0.0,86.61081402869559,183.5164360587971,92.66032056047716,63.8071260949283,109.92363954298779,129.90606736665515,407.1773094174983,349.2809739894369,468.5122954438576,1362.5418076635794,0.0,71.19837164407582,52.785690655751274,39.49432257007181,175.79768822928344,42.862326529038455
1759,Mic,012_01789,0.0,286.54615707788184,612.5924075044895,490.037557398545,521.8472789548341,678.4705123275751,514.045966312741,44.002106182481704,489.01219446683484,540.3491386775996,362.5756098768001,432.64104090540025,705.242387469786,569.840523162799,448.43206955399353,171.2365271877748,405.3055476602044,389.2933846367431,378.45542054510537,455.6476016604565,469.525965459749,1748.8413400928455,423.75058238588025,60.285168060670564,0.0,0.0,208.36908387692708,293.5168449019353,95.16419728393984,391.0118984830699,95.3350401722111
1760,Mic,012_01790,0.0,157.49948985865268,65.36273056148383,71.42377470580101,517.2086364752356,0.0,0.0,0.0,237.06460731761777,0.0,0.0,657.8110371948019,302.44048539569667,70.59690925850234,306.123525032267,0.0,240.38068385166378,0.0,263.7361211923703,61.956960469684034,805.4176176732619,0.0,0.0,0.0,0.0,0.0,0.0,0.0,0.0,0.0,0.0
1761,Mic,012_01791,69.03004265264644,93.97559922719378,199.500703721798,189.31602934067735,221.56193262660696,270.05608969040475,166.3012320647309,375.8870065362942,67.7025206083335,221.05313814412582,0.0,123.2845317366429,213.7731944965567,204.13564122940434,229.49019279527377,255.59401313837878,247.13837375914028,177.7402192396123,338.93798707453215,169.19973140315315,194.07653437909926,0.0,0.0,0.0,31.559761679328258,314.6017194047184,253.79187051483714,390.54748519596575,0.0,57.76220153966768,42.690188671492116
1762,Mic,012_01792,63.15579299128808,22.22215024460708,13.833382129414565,20.154857059838026,0.0,118.59606055187086,283.2207200359083,0.0,475.70871623209996,196.77617402362125,95.06685597004872,15.468807459019443,8.534475778361811,0.0,7.198671958430736,92.60211666481739,145.83942723981014,66.04673185419863,74.42289134176235,87.41722817592103,142.0489625526035,0.0,0.0,0.0,0.0,276.3168540803347,150.790127859578,85.75513563826763,34.548825387576045,190.24852094414356,93.73771586597475
1763,Mic,012_01793,93.16249658812447,0.0,10.62808627015997,0.0,7.00824710671051,205.01209247838656,291.4970733365435,0.0,42.830100689723174,961.5155781437142,219.11750949194158,53.48057212965869,0.0,0.0,0.0,19.40332599739522,62.53806409148977,13.839060222221221,85.76784429020174,110.81732766935355,65.48110712790748,0.0,0.0,2388.931067435562,0.0,0.0,120.88794980046762,136.83816671734823,26.543609748991354,95.00825527637413,43.210800728461535
1764,Mic,012_01794,289.5222799553815,114.89324488169191,83.44178369551126,30.393095619489785,0.0,0.0,204.14403967261075,0.0,0.0,15.82582846402741,0.0,186.61306019710688,102.95846311342865,0.0,0.0,0.0,136.38620360378087,72.43423009928553,0.0,237.281976266875,0.0,0.0,0.0,0.0,0.0,833.3598737422858,0.0,79.57964305547911,104.19778720614691,0.0,0.0
1765,Mic,012_01795,250.6653423824224,6.4285506064756195,56.02519762412899,35.711887352900504,0.0,420.2747895806924,573.5219580727143,1116.033639279966,252.11632841714905,456.9142760828485,0.0,46.98650265677156,17.28231345118267,20.17054550242924,72.8865535791112,45.459220908183084,196.88322677374364,133.74463200475222,75.35317748353438,203.57287011467608,0.0,0.0,0.0,727.0514299072096,0.0,0.0,345.17827094812094,133.58011512883996,58.30114284153458,295.36082876578286,113.89132477715934
1766,Mic,012_01796,87.27723134667038,0.0,18.742001594690702,0.0,0.0,60.254450119095694,0.0,0.0,407.85308785826714,165.29198617984184,96.60019235666243,0.0,0.0,40.48568272889023,0.0,57.027696479799566,167.72081167188966,61.010910657104304,0.0,71.06174677526485,57.73602994073563,0.0,677.3934041007262,0.0,1830.8055296771606,0.0,13.323671886610681,160.87067628419436,128.7222365246785,367.3023864034513,0.0
1767,Mic,012_01797,213.45172012396753,0.0,51.264886714889265,0.0,87.89166371474592,263.7018287565129,265.36618407803974,325.6023121135072,190.06487035486566,0.0,105.69197516670123,0.0,18.976657907180968,0.0,0.0,0.0,160.88223546673444,133.50622802613412,0.0,87.46865007484804,126.34001845855089,0.0,0.0,0.0,0.0,0.0,58.31065813904909,73.33810242367683,102.42710585493134,197.41081820321716,166.7428545757104
1768,Mic,012_01798,148.64252108930708,0.0,20.554317786630133,53.904735627019626,124.69390606845303,370.0532738446348,339.8346161911815,318.0626359324912,149.09723730667787,1024.498442642982,84.75299895443024,27.58117556372335,60.86852536265594,35.520457488554634,38.50610377764365,205.13830818629788,129.00933976106066,139.1739452536587,66.34870973392964,163.65989558029742,405.2415686406349,0.0,1188.6337090824063,0.0,24.711888862115522,0.0,11.689636655233897,0.0,61.60120753067805,62.18972878032617,33.427223205036285
1769,Mic,012_01799,677.4738983308713,0.0,4.416400713613772,28.9555843401896,0.0,340.7633429032641,1064.5690603695464,1254.608909022132,448.5006084387363,904.6385730112966,91.05220833617842,44.44669170235148,16.348134345713333,38.16049149108234,13.789347974426443,322.5147429296773,199.23444066984746,69.0082867837788,0.0,175.82380673829252,108.84021860449485,0.0,0.0,207.623049846016,26.548583304570055,0.0,175.81845401723416,113.72361152860698,33.089837828979086,437.3145055756597,35.911678983788974
1770,Mic,012_01801,253.69869636064757,405.9392792207926,507.65773131361476,498.1592207203282,500.7080309111192,277.4091020334603,443.3227000151085,245.78920410368562,245.7288681155603,381.31715623666486,118.59825596263505,366.65668373160935,409.90833664191234,347.93636246214567,327.789033037851,185.53763428972414,269.38150709596056,149.80896874219673,301.744297073779,324.43908892815836,283.53535495648384,612.9052629902633,0.0,198.60092611783378,17.290166464582477,258.53408624348145,159.48831000903277,106.9816543606111,82.60932010989718,164.15998614140705,81.85808454830666
1771,Mic,012_01802,644.0401215301271,75.18403166295809,48.178916875786605,0.0,8.471885937350297,289.1325333724665,91.81597956567182,252.21997284110853,308.0610239781219,157.1695298565081,66.21978788085704,0.0,47.55820900571152,13.876542360393577,60.171700252042655,316.65083851277404,132.29796850804098,117.10497151186705,259.20011910798064,97.42617862554737,237.46956786435237,0.0,0.0,0.0,19.308060585141856,0.0,82.20083564442116,192.98552259399972,16.04355773526259,61.84245533393168,78.35275414644867
1772,Mic,012_01803,0.0,16.77013201689292,0.0,0.0,0.0,156.6241451853512,207.0136682132849,9.376464098130361,111.25185160523127,157.07871978581244,0.0,0.0,30.05619730640464,0.0,0.0,172.94268823765304,87.59213324615493,158.59047273290778,393.14701295757067,46.179100971193066,0.0,216.27751710331884,0.0,0.0,0.0,486.5579387066762,115.44423777529128,139.3879462213982,0.0,206.58507872086895,33.011978196278065
1773,Mic,012_01804,42.88543068989263,70.0596533160816,19.56967980882749,34.21498189499449,51.61762839074208,452.9907911648182,807.3758442646052,0.0,135.6457500287101,22.269878377523604,0.0,26.259921644503063,115.9053357205065,0.0,12.220500001288103,409.6774099809314,184.2438774431914,122.31408914969175,189.51098528793077,140.97991005077802,48.22859986067436,0.0,0.0,1564.010758720288,0.0,0.0,211.4634271584527,55.99166502406465,29.325125740652123,113.03838018372842,95.4777572982174
1774,Mic,012_01805,327.8927026000706,542.1669186184257,204.7507222407927,275.36876995007617,664.6857978798209,202.54206726780356,425.8933991901645,763.8994003802107,380.82667842187595,53.769682251273856,1298.8652369883766,0.0,349.81068190345644,476.3164962019434,0.0,0.0,262.58452211908656,287.1188156947583,1779.4244321412937,238.87020903974565,1164.4592062745955,0.0,0.0,0.0,0.0,943.8051582141552,0.0,0.0,39.33571083284261,476.5381627022584,128.07056601447636
1775,Mic,012_01806,163.00617214768388,21.791696971103796,56.97477724487694,10.376335308348814,154.45294228881127,325.63664083734034,46.4637765840809,113.3121847791008,280.62530863532913,425.0365358910219,65.25775706418598,31.855256038489195,105.4514041089112,13.674946103341854,29.648767557604558,342.87039498544874,229.71003202612584,148.37617109926288,357.608299921858,198.02224653748888,195.0163723179811,1854.8546382081245,305.0730585054118,9.300306106903863,4966.19213505536,0.0,270.02211547441016,126.78790588500064,63.24191765861378,208.95091791831362,514.7630498402682
1776,Mic,012_01807,240.84154261775097,0.0,28.921562195346823,37.92412816237221,0.0,74.38491850985706,630.117629674146,541.055169485478,447.55560083562057,0.0,0.0,0.0,85.64686312090525,0.0,72.24153983062348,112.64231729461295,136.1448120929777,60.25502326843222,0.0,120.6241708259335,71.27589536931521,0.0,0.0,1359.655370673025,0.0,693.2374170953528,0.0,132.39799021619535,57.78520352435286,222.74229487531144,94.06953078939414
1777,Mic,012_01808,149.97071766469716,0.0,0.0,0.0,11.051466591351186,179.6046109319198,215.80678957743376,209.66815552763723,139.58219994009784,193.90021455712215,115.17715242525134,0.0,0.0,0.0,17.442935899274474,16.998640296863332,84.92081138919177,36.37188904558141,225.4154881986071,68.8410671885378,68.83911262164631,0.0,0.0,0.0,0.0,167.38424814481812,47.65774944056896,63.93578160012852,13.952410252674941,88.35580347694359,45.426739227357
1778,Mic,012_01809,0.0,149.99951415109777,15.562554895591386,85.02830322119168,51.31038060270195,500.32713045320526,601.1760566799941,853.6489189339516,439.0085320696626,734.9590099782253,160.42531944945722,52.20722517419062,230.4308460157689,0.0,72.8865535791112,388.2975119240639,270.90521513441473,263.4363963729968,502.3545165568958,206.52320156561345,862.9474475070664,2735.910591356984,0.0,0.0,3040.4448974995707,0.0,154.88768568184915,178.1068201717866,19.433714280511527,363.8502963056745,0.0
1779,Mic,012_01810,366.42109849922207,2406.9689480059874,2715.846789221343,2735.1430003616815,1216.175346750554,325.7944105276685,371.8903048299498,667.0372947949016,837.1790611561006,322.89597300248175,313.38899613382335,1903.7425365844394,2869.667861428936,2123.37990637976,2452.15226770033,246.67794291262138,1803.786836964423,2414.7550894726933,1717.3514868340392,2286.163812679814,1186.2740105265098,0.0,0.0,0.0,2040.7422639388888,1214.5089632833315,576.326272304555,188.4618678561928,164.50865111874873,439.00952303913124,494.4119525210017
1780,Mic,012_01811,345.2277170536356,78.14345946793716,80.23568721619272,70.56840015842613,46.45586555166788,276.8277057118333,390.08046408289914,241.808902722293,353.3098605398961,342.95612701386347,161.38595010484318,72.21478452238343,188.3461705458231,42.273598358384625,91.6537500096608,57.164289764781124,238.94127855913885,96.83198724350596,31.585164214655123,126.13991951911719,192.91439944269743,0.0,141.46164651504685,465.75320388361524,0.0,0.0,127.99102170116878,212.76832709144566,97.75041913550707,150.71784024497123,365.99806964316673
1781,Mic,012_01812,147.7027711194815,4.316532781326554,21.944322011049724,51.38401057971295,99.22467846047687,201.57064248474455,138.05424265629793,387.35814632731825,396.6868462442418,171.2377410783973,64.6317833753209,52.58281672220638,23.208862188638594,27.087543120768277,19.576244606379984,156.43640768163723,146.0346280793481,106.13264889847353,0.0,112.91916056824905,0.0,0.0,1359.6601420439035,0.0,2054.109092898437,0.0,35.65759670373505,53.81644926053984,62.63528055877096,202.63520522144213,76.47379121727725
1782,Mic,012_01813,226.16421869090743,0.0,13.760574855049224,0.0,217.7720574632571,0.0,0.0,651.5162053869317,521.2648675521888,454.1179830835655,0.0,0.0,101.87468981749782,0.0,0.0,0.0,141.698087323086,0.0,0.0,78.26142375117982,0.0,0.0,0.0,0.0,165.4395928032155,824.5876645449987,0.0,78.74196260226356,68.73397892896708,0.0,111.89323136001617
1783,Mic,012_01814,699.5311880439695,3934.8709758706573,2964.12382778822,2690.8491865906426,3267.6359591264886,586.4299389498033,763.3537835983182,0.0,1298.6484948665366,86.4899927685219,0.0,1631.7793170723764,1631.771921204689,1444.773956918187,2088.284511848023,1147.0524345436893,991.3373938688769,1662.618258325461,2208.023340215193,778.0641547355667,749.2256908588482,0.0,0.0,0.0,13249.595295722635,0.0,518.6936450740994,521.8944032940724,0.0,668.9668922501047,0.0
1784,Mic,012_01815,0.0,185.49558238532705,124.73803542267905,98.13953776369604,52.64210040460413,192.49227003695836,281.4054640886812,293.8555217929328,498.66007306844114,300.9323565182616,102.86814376911761,66.95277732262613,166.22683166786382,215.5630817053506,249.2608855224566,242.91186744830654,149.24398692062587,285.866389017791,402.6505667059089,283.77233802908717,368.89356534653217,2711.2285388325968,0.0,0.0,0.0,0.0,56.752739791822584,85.65442496811112,137.07444271139425,356.82489767920663,0.0
1785,Mic,012_01816,227.12826054380986,0.0,26.746897416463966,7.30678002105381,79.36705419057324,214.97431692107028,0.0,536.6646804400494,164.37557313298873,273.93659090674555,137.85909804352332,44.86349784789782,49.5043249752547,28.888760821893534,52.19497443005405,317.4006984126338,247.55316802456082,34.82771165899151,215.8454188786662,164.79600738739484,205.989160530246,6625.725347494615,0.0,0.0,2572.5645121318416,0.0,161.6219328854078,114.79007335879852,50.10021482034685,193.1192786770603,0.0
1786,Mic,012_01817,48.43774732027486,60.869368061315036,132.62003302330052,72.4589018754503,70.79345265764096,324.85007890295066,178.08751592085622,142.20970548831048,519.1753074910793,125.76564165857532,325.500648158319,158.89155487797146,116.88521174712916,81.85148899536502,147.88576088515316,222.90390928408613,345.28111110416114,238.47308122059465,611.562020156221,275.3642687541512,311.27250924570507,2355.021852902805,0.0,0.0,531.4846821939049,0.0,107.74795525693852,198.75688627866043,126.17831880679948,290.9561619221848,25.675983041549607
1787,Mic,012_01818,108.10365170131425,0.0,6.16629533598904,0.0,8.132211265333893,0.0,781.302014794679,0.0,372.74309326669464,140.34225241684686,0.0,0.0,22.825697010995977,0.0,0.0,0.0,72.56775361559662,32.11706428930585,99.52306460089446,140.2799104973978,455.89676472071426,0.0,0.0,1177.6731954709162,0.0,0.0,87.67227491425423,0.0,15.400301882669513,135.6866809752571,0.0
1788,Mic,012_01819,0.0,0.0,5.634718151852053,0.0,14.862317140092976,0.0,126.24697190279875,0.0,149.86842991343653,269.3119429999147,0.0,37.80523202268976,0.0,0.0,0.0,89.154937556997,69.07490915277695,205.43846295400814,0.0,160.23351845607937,0.0,0.0,0.0,0.0,0.0,337.65443160247787,48.06859210816008,80.60869016395515,0.0,54.24542957092714,0.0
1789,Mic,012_01820,223.6194736142165,151.89824217832685,264.76042759082054,132.60110071963055,72.74383072788123,70.9324539376696,362.22759870845215,0.0,333.4242015718956,238.52261296837938,0.0,37.00765328803386,122.50753838813031,166.8112623829591,154.9992531808947,167.8346763487772,221.78583488986138,229.83350647537017,89.02485103539927,167.30993544556026,67.96773144922042,0.0,0.0,0.0,0.0,0.0,15.684828929807509,31.563233954493832,110.20637971733119,45.515152479041944,224.25858605910415
1790,Mic,012_01821,0.0,53.5712550539635,54.46894213456985,17.005660644238333,0.0,0.0,0.0,763.7911379935356,257.13356878365954,203.66334011444798,0.0,52.20722517419062,0.0,67.23515167476413,48.591035719407465,0.0,91.57359384825287,121.58602909522929,0.0,147.51657254686674,191.76609944601475,0.0,0.0,617.3078178457439,0.0,0.0,287.64855912343415,66.79005756441998,77.73485712204611,139.11923094040498,0.0
1791,Mic,012_01822,0.0,296.7023356834901,373.50131749419324,722.086513509197,587.3065102832346,184.7361712442604,0.0,0.0,0.0,0.0,0.0,433.7215629855836,584.9398398861825,496.505735444412,89.70652748198302,0.0,140.88245207423518,299.28868700364137,695.5677921557019,54.46765755576618,0.0,0.0,0.0,0.0,0.0,0.0,40.84949952048769,0.0,0.0,493.9144293742188,0.0
1792,Mic,012_01823,0.0,0.0,362.0089692636027,0.0,583.5174360233427,0.0,0.0,0.0,0.0,0.0,0.0,0.0,0.0,86.88850370277211,0.0,0.0,128.20303138755403,104.75104045127449,0.0,38.12736028903633,495.64161087585353,0.0,0.0,0.0,0.0,0.0,171.5678979860483,172.62661032034703,0.0,193.61445631469377,0.0
1793,Mic,012_01824,0.0,0.0,4.841683745295097,0.0,44.69704265835369,124.5258635794644,119.70083261894993,525.5681765226107,366.8160179070958,159.78225330718047,0.0,32.48449566394083,17.922399134559804,0.0,75.58605556352272,5.892861969579288,156.69259391812156,88.26245075061088,0.0,110.1457075016605,238.6422570883739,0.0,1166.6219737290285,910.4655222877145,0.0,290.13269678435137,55.07117713132414,124.67477412025062,48.368355542606466,219.7370416904858,157.4793626548376
1794,Mic,012_01825,294.43230692538503,0.0,94.41283303325439,7.935974967311223,47.88968856252182,186.78879536919663,314.2146856247436,1199.301849618085,479.9826617294977,0.0,0.0,0.0,0.0,0.0,0.0,0.0,110.39705480594928,18.913382303702335,0.0,27.536426875415124,89.49084640814021,0.0,0.0,0.0,0.0,0.0,206.51691424246553,41.558258040083544,0.0,39.95218939827015,0.0
1795,Mic,012_01826,188.11657964909747,97.93589291666422,225.64244696647322,182.24452832999881,417.2602508149181,378.4838630370213,198.9633328299267,339.8748337258509,256.980604138339,440.98537401076004,101.13115822704997,41.13890163819899,99.86777754154338,84.76927190514351,168.47323453933396,140.30097259655003,182.8035719597393,198.00501548716517,197.92579451585016,74.39484934446112,181.33229666189763,0.0,0.0,835.9457128884621,44.23103559935874,0.0,167.3833151083398,98.24278636117309,67.37993243974728,306.94974781597796,39.88689298011834
1796,Mic,012_01827,0.0,0.0,23.986323141828926,0.0,7.9083889369302085,308.4585611601412,148.2533248032866,0.0,169.15925088922776,218.3673945862131,0.0,0.0,110.98733409016393,51.81424532734116,0.0,58.38799015729937,129.37920598743983,124.9324335657402,96.78389768527352,79.57774739225471,73.89152455717999,0.0,0.0,0.0,0.0,0.0,204.6222636530851,154.41371106636547,14.976440362963011,247.41034719112247,97.52162366239942
1797,Mic,012_01828,44.020931455204206,0.0,21.633055032169587,13.508042497551019,0.0,158.96918754825245,81.18008595168148,239.11091779322032,393.5509110184776,38.68535846762256,0.0,10.367392233172607,22.879658469650817,0.0,19.298567377920698,67.70522262920883,116.68597419434586,112.67546904333307,0.0,134.75272726266974,0.0,2140.2782188995097,0.0,0.0,0.0,185.19108305384134,105.45544557062068,8.842182561719904,15.43670921572547,106.25582286773974,25.129685530027277
1798,Mic,012_01829,0.0,56.24981780666166,0.0,0.0,7.696557090405292,150.09813913596156,257.00276423069744,0.0,0.0,126.18272159264714,0.0,0.0,43.20578362795667,0.0,0.0,0.0,125.91369154134772,0.0,94.19147185441797,77.44620058710503,0.0,0.0,421.8588387145148,0.0,0.0,0.0,199.1413101623775,100.18508634662997,131.17757139345278,32.104437909324226,0.0
1799,Mic,012_01830,82.8919783010656,0.0,15.13026170404718,0.0,11.972422140630455,116.74299710574789,315.6174297569969,125.80089331658235,170.7255402493132,227.27648099728253,187.16287269103344,10.15140489498151,11.201499459099878,26.147003429074935,18.89651389088068,40.51342604085761,189.9304168704504,212.77555091665127,0.0,91.78808958471707,0.0,0.0,0.0,0.0,0.0,181.33293549021963,94.65358569446337,43.28985212508702,15.115111107064521,129.01227826524735,98.42460165927349
1800,Mic,012_01831,0.0,0.0,0.0,0.0,0.0,0.0,0.0,434.58490418455716,228.81656823024832,52.59290469358604,0.0,0.0,0.0,0.0,20.614378790051653,128.57153388172995,207.19681840412773,17.19398391245667,0.0,187.74836505964856,244.0659447494733,0.0,0.0,0.0,0.0,0.0,112.64558958679937,18.890117290947067,49.46763635039298,217.92103308147352,375.80302451722605
1801,Mic,012_01832,198.60639372436827,0.0,0.0,0.0,0.0,70.63441841692308,466.79552636328947,0.0,22.13488396989895,987.5848922173744,0.0,18.426079473243746,0.0,0.0,0.0,6.685179545321041,123.89368579469505,57.216954868343194,0.0,62.47760719632003,67.68215274565226,0.0,0.0,0.0,0.0,0.0,249.90282059592465,172.8683842843811,0.0,52.877897733004616,0.0
1802,Mic,012_01833,0.0,0.0,0.0,0.0,0.0,172.420426494643,25.896814749292048,0.0,118.8700025296317,30.515443602432338,0.0,22.489266228882112,0.0,0.0,20.931523079129366,0.0,36.15982936572036,17.458506741879077,0.0,25.41824019269088,0.0,0.0,0.0,0.0,0.0,0.0,190.63099776227585,38.36146896007711,0.0,46.09868007492709,0.0
1803,Mic,012_01834,322.8325134778307,7.877436191742553,28.605133724938216,25.006135564394224,15.089967512041886,220.71323741655613,386.7522115184207,1185.8867580040192,378.10450376940736,393.87959069988574,117.94946900441495,38.38430559852965,0.0,0.0,44.65696937013378,52.22339382231098,232.8413917979646,89.39366690590161,0.0,140.99614636427,211.48821470632694,0.0,0.0,0.0,0.0,0.0,73.20730876866394,171.8711328134746,64.29710282742545,204.56919735656925,232.60080917290017
1804,Mic,012_01835,182.3020671872163,28.051857191893607,37.350131749419326,81.62717109234401,44.77996852599442,349.31930562551054,784.370796861025,435.2384153186693,158.7272406859663,34.77571657290179,210.01132727928945,91.12533848586,62.844776186118786,29.338975276260708,74.21176364418595,210.76547875612158,216.44667636859768,53.05572178700915,54.80231089711591,135.17882284294697,376.55888618490167,36.17733013364606,0.0,0.0,0.0,610.4090503774665,115.86403500356506,29.1447523917469,67.84132985196752,149.43156554158185,110.4400725111848
1805,Mic,012_01836,612.0140826999404,81.81791680968969,511.0177116625099,935.0021416032132,564.2276034275297,152.82719621116087,0.0,905.7664318793928,287.35103917287,1866.296789412396,0.0,598.0100338134562,307.93940331198206,51.343206733456235,371.05881822092977,405.00033172744924,337.9898100217333,309.49171042422006,191.80808813990566,608.3047027932613,439.318700549052,0.0,0.0,0.0,0.0,0.0,67.58735375207962,0.0,0.0,0.0,289.90519034186013
1806,Mic,012_01837,261.95155290658926,525.2901273773851,971.5394192407322,739.2499638810532,288.4561785789252,130.82483722356184,310.45947954306934,0.0,0.0,364.6714247625305,209.7389390467612,443.65984350362766,338.9216334395356,571.3679815474118,397.0473735827069,117.62794515152433,334.22580167183344,238.44108429570258,492.58108238263713,260.36388057299126,188.03524148013895,0.0,0.0,448.3688430526804,0.0,304.8086697734431,86.78531804741742,160.0882313606331,25.407501938723243,223.85662542221405,0.0
1807,Mic,012_01838,0.0,858.7128149567432,311.822200843776,366.94783335090426,15.816777873860417,308.4585611601412,407.69664320903814,844.8280175021861,434.9809308580143,0.0,0.0,201.16545479963358,310.764535452459,310.8854719640469,374.4630275624061,0.0,458.7080939554685,562.195951045831,0.0,204.62849329436926,295.56609822871997,3194.5578214343423,0.0,0.0,0.0,1437.3546446197226,341.0371060884752,34.31415801474788,29.952880725926022,329.88046292149664,292.5648709871983
1808,Mic,012_01839,85.51482895775604,0.0,45.52627999307331,56.85474603446846,55.75217474442838,292.72870916068126,384.3937651965813,78.86026148203669,306.6507358337344,144.32210733613056,0.0,21.817944848915484,36.11229676366527,56.19654468338494,40.61340298935549,98.94730919069701,148.2945512318722,8.468678643448808,0.0,36.98923013115464,80.14105648490168,0.0,0.0,0.0,58.64463177725922,0.0,184.9405202171333,9.304087620914226,40.607761183158416,102.86198016718805,26.442430296521238
1809,Mic,012_01840,420.930022242908,2157.709713074142,2086.6326246900753,1845.2400145980725,2558.706573682984,284.32966736960157,192.17298048628984,0.0,305.17125865645886,528.3752285495157,284.89908739438494,2011.9097261631007,1391.3541146322113,1982.0865855241245,1881.1819156316906,104.27749404942632,813.1270489696873,1058.0298007525662,1025.9502388878675,1063.6163192681486,783.281404079705,0.0,0.0,0.0,149.52521336865672,1324.9188690363615,243.62883329238008,268.85469260603725,48.31722620270942,136.8341370511578,337.09905853704663
1810,Mic,012_01841,57.44813041613959,38.5025490869128,55.925330961697384,72.56961066364808,179.77840305288936,179.79670142489513,351.0610983393334,92.83702287533885,318.3398767307286,59.66421961037072,0.0,23.451373875037497,38.81589117377926,60.40377262759557,43.65397861422703,225.47287375582783,101.12271192333806,36.41078946167294,0.0,139.15467057362184,43.070460838142345,0.0,84.22137243498334,102.70124123399185,0.0,0.0,129.21111746721104,80.00520264401109,78.56624596827119,57.68497934509594,142.11038742248041
1811,Mic,012_01842,351.3368680292713,0.0,16.443454229304105,0.0,0.0,211.4590136255056,0.0,863.9910408912447,967.4754065233318,0.0,0.0,0.0,243.47410145062375,35.520457488554634,51.34147170352487,90.06072066715517,149.16704909872635,21.41137619287057,0.0,15.586656721933089,101.31039216015873,0.0,0.0,0.0,0.0,0.0,0.0,141.14125372103845,0.0,33.921670243814276,66.85444641007257
1812,Mic,012_01843,203.94720383054238,339.73399893824796,207.77556734776314,326.3735400463754,319.6874574239867,166.99660513140097,247.47750783594987,99.97421985423762,376.7914288491938,576.3326537992499,356.9728962583949,464.67887837160396,432.6300983143741,486.2303684029299,648.7385960948706,310.8387125013181,392.67484779300486,214.18466052537082,558.9109853083344,377.4861167689358,266.6945753884973,0.0,0.0,0.0,754.6127122067196,0.0,283.10596853106205,173.38875871028233,32.432423832376855,178.59422413134004,140.79280767154353
1813,Mic,012_01844,4.0866573039726495,195.14915393124275,160.37645729779197,258.7965588484088,120.5098582372161,383.7030889181785,247.8114598263211,553.4521469163195,396.79858191061084,10.610755175596124,192.23576082388595,218.95754923269678,158.77046879545847,136.96404649295744,157.21036948875337,43.12465321532346,266.09901664606434,174.8341188701728,150.49136729949802,222.72687643880704,367.6656742588357,2284.9519139332087,0.0,290.4057066676443,269.04584278982264,0.0,291.65726833101405,197.4165467524653,97.80619683544175,179.52838317339652,15.163847331243277
1814,Mic,012_01845,138.99040933026117,261.9937605657988,70.4719466970176,115.51014777218491,97.58653518400672,362.50116621515247,187.839160351334,451.66250646277,468.591317249559,320.7822912385071,290.58171070090367,106.38453431721862,234.7785978273872,258.79190455946946,198.03139085645304,77.19490342899013,202.153027929162,293.6417306450821,284.3516131454128,160.31989771131177,477.6061344693198,0.0,0.0,31.0595128475846,1800.4376170969883,422.2955694435303,140.27563986280677,141.14125372103845,132.00258756573865,169.60835121907138,171.91143362590086
1815,Mic,012_01846,112.2382130070548,104.10414041829921,51.21706499220747,93.27731771279981,83.62826211664257,219.54653187051096,606.7391783985254,298.5424184677103,263.40511924179754,310.8476158008966,50.28256281251644,57.27210522840315,99.3088161000795,21.073704256269348,45.69007836302493,56.399966238697296,159.0578654341855,184.19376049501156,236.1816010677943,83.22576779509794,90.1586885455144,0.0,0.0,0.0,14.661157944314805,292.29786616333905,138.70539016285,83.73678858822802,67.00280595221138,100.62585016355355,297.4773408358639
1816,Mic,012_01847,523.6335972398766,66.15065614400443,182.05480079020637,55.26017385361779,36.68146357980394,422.7135214351258,195.35314801206772,484.7105986201779,482.9942998863134,897.7560874139185,156.39141393138576,84.82411827141222,102.95846311342865,109.2408653903324,189.47684334685775,433.9289268508385,199.61980709280652,210.71776028883065,244.8613891147732,249.2659144621717,373.8882557864272,0.0,0.0,0.0,0.0,454.55993113215595,237.27475253389656,144.69026010087111,44.205121845032025,173.87316469266506,61.68195539188513
1817,Mic,012_01848,0.0,0.0,16.759674502944566,0.0,11.051466591351186,107.76276655915188,132.72117559012176,183.86284407808188,168.84943541140868,109.66487544624124,86.3828643189385,0.0,15.509768481830598,18.101771604744183,39.24660577336757,214.18286774047797,100.67225221138057,152.76193399144194,0.0,111.20480084302261,0.0,0.0,1211.4920496416835,0.0,0.0,0.0,35.743312080426726,107.89163145021688,20.92861537901241,172.8700502809766,0.0
1818,Mic,012_01849,225.8742645643806,0.0,35.19531645618359,27.470682579154236,0.0,193.97297980647343,11.653566637181424,75.4805359899494,575.4388758820808,217.4225356673304,207.31887436545244,0.0,93.0586108909836,0.0,94.19185385608218,195.82433621986561,160.2537892344425,0.0,0.0,123.91392093936807,185.86560407844507,0.0,726.8952297850101,0.0,0.0,0.0,100.08127382519483,129.46995774026027,50.2286769096298,27.65920804495626,40.8840653046213
1819,Mic,012_01850,524.2404031711427,119.30797090980687,79.11339145770376,45.28308482788536,34.778678725520166,193.7866464925383,448.2313238739137,743.9292019758702,88.05473726815134,330.10762657818555,77.66989529541445,37.914180818144196,55.78153044762129,48.82783349291227,58.813357354902415,243.01687257832742,232.76054689959375,39.243905644569686,0.0,121.41421648237792,232.10882353696311,0.0,0.0,0.0,45.293260277537385,225.75166608580656,171.4030873251587,97.009190237659,28.226489905987922,243.5126241421941,91.90078080001328
1820,Mic,012_01851,284.89194398633646,0.0,7.2224011670147865,23.676389405237902,9.52502092956235,185.7568130743392,407.3382960841684,0.0,640.321836830889,0.0,0.0,48.45753496830953,26.735070532216284,0.0,67.65160774193747,149.43777038877863,155.82688897934744,75.23555391528001,0.0,82.152875760907,177.99284368469876,0.0,0.0,0.0,0.0,0.0,41.07518736314231,41.32865440450297,36.075845294209245,158.92583628041163,0.0
1821,Mic,012_01852,208.1938059654671,240.69689480059873,357.21492283601617,697.6275668938703,721.6864695003287,195.4766463166011,0.0,35.107226041836924,232.77661700437918,103.78799132222628,0.0,433.44138109735,393.8759809804422,328.35771748140616,189.84404653163844,268.2622629174757,547.8443492433269,791.7229801549814,858.6757434170196,504.3008410323118,93.65321135735603,0.0,366.2650382637647,66.99464689798772,0.0,455.44086123124924,108.06117605710405,239.20160150978316,18.981767436778696,0.0,309.00747032562606
1822,Mic,012_01853,161.18001997292555,64.96794243487037,33.30584996763506,0.0,54.90537542199953,35.69212650366814,160.824168029043,173.0763882572088,243.83149042340494,198.98207253496886,0.0,0.0,71.91790735523998,47.96392985715657,95.32508918202228,87.82991725360212,133.37470356666978,79.50848611747477,89.59188830314065,63.140851434072886,102.60097040423717,0.0,334.3820943809317,0.0,16.684459996077994,0.0,268.3404490793819,7.9410684153025874,48.52239489146827,114.51264477211187,0.0
1823,Mic,012_01854,19.567942418612212,0.0,7.143467820927193,0.0,0.0,137.7950129772762,248.35469882517788,371.21575077024295,28.787444725879517,60.968355558138384,0.0,0.0,0.0,0.0,0.0,99.98544489368138,54.29363351112261,65.11164399635231,57.647239604889684,40.62751506208789,44.01189167613453,0.0,0.0,0.0,0.0,0.0,71.095986870357,0.0,17.840786880469597,68.7701620789896,0.0
1824,Mic,012_01855,499.38696305236556,78.91414940725812,57.311788801301056,98.41271671362978,309.53335237905543,245.67211081961145,364.77204407823274,0.0,184.76851788151143,285.72393435680385,393.86257969219565,91.55338026371632,90.92156554693177,35.372146601337285,42.605918584866664,159.43943867588223,164.60305700072178,305.61498753790414,44.047786420437625,93.12946041372129,33.629128086566254,988.6456188923319,0.0,0.0,16.40580513184287,817.7017550289652,170.7321462213285,124.93505548584612,40.8959999890514,225.2002325163453,133.15060934281675
1825,Mic,012_01857,0.0,55.81377270738522,5.066878338099521,71.977447377939,6.682282125003044,130.3177642110674,939.5123490440837,0.0,338.9554247607627,230.6399807160584,417.85199484509786,0.0,18.755999094306773,0.0,0.0,67.83643430097088,263.36281641629313,277.1030430542435,81.77864223019235,86.45157274839632,187.30642271471206,0.0,0.0,431.74328000925414,60.917679520563844,0.0,158.48972488375261,115.97653406534941,25.309023249038265,209.05215382815774,41.20099604341681
1826,Mic,012_01858,266.70194649264846,28.892362276294914,35.67147414270385,57.32245160979213,33.2076171091644,188.88754587896287,251.2780821179301,477.3568407711086,136.98757405191395,78.79890833934674,173.04304120390896,49.27423499586531,23.301995664515957,72.5233096716557,65.5160032171786,176.2183282395861,97.74709455712386,120.21989393685593,0.0,95.4713997606688,103.42441318436752,0.0,0.0,6.165371464127282,769.4401607501075,0.0,131.26917823437614,174.10441971848803,15.721656496593594,98.11693383523807,85.31185376566242
1827,Mic,012_01859,80.6097575997895,15.584365106607562,42.443331533431056,12.367753195809698,55.974960657493035,181.93713834662006,404.42752903926873,441.12001552567835,0.0,160.99868783750827,0.0,0.0,0.0,12.224573031775295,35.33893506865998,34.438803718320514,195.6344959485402,125.27045421932715,45.66859241426326,101.92054103238065,139.46625414255618,0.0,0.0,0.0,0.0,0.0,72.41502187722817,113.34070374568239,84.80166231495939,116.74341057936083,23.00834843983017
1828,Mic,012_01860,0.0,51.428404851804956,122.23679481628143,148.41303834971637,147.77389613578163,218.32456601594407,0.0,47.052801656072354,243.56421415605172,830.7532292415428,0.0,34.172001932197496,75.41373142334255,58.677950552521416,106.01680520597992,8.265312892396924,169.82739222766898,97.26882327618344,54.80231089711591,173.80134365521752,41.83987624276685,0.0,0.0,0.0,0.0,0.0,67.58735375207962,136.00884449481887,42.40083115747969,107.40393773301196,469.3703081725354
1829,Mic,012_01861,112.85366063970532,196.3630003432553,71.30479697616417,86.57427237066788,146.28123051824846,101.88479747410726,0.0,82.34240289812662,0.0,0.0,163.34214343944737,106.31289490017001,87.98268666056632,136.91521795588332,74.21176364418595,231.42876098711386,147.62773311294097,0.0,511.48823503974853,165.21856125249073,195.25275579957867,0.0,0.0,0.0,0.0,0.0,270.3494150083185,0.0,237.4446544818863,32.68815496222103,0.0
1830,Mic,012_01862,240.52385162366346,4.511263583491662,3.2763273464402913,42.96166899597053,73.4548606522891,126.39843295659922,607.5042256976782,0.0,388.17596519843846,313.1848159197004,0.0,10.990994773513814,12.127939263987836,28.3095375472691,51.14845865200786,155.51838731746844,178.32752486238718,127.9852937844519,105.75884559092543,93.16836160854741,322.97448327749845,2269.016758382187,789.4434408692674,250.29244856123728,39.39037923886083,1177.9823779214269,270.1800231442782,178.1068201717866,40.91308269581374,279.3649333864003,293.05370118099484
1831,Mic,012_01863,248.2780534073517,47.999844528351296,255.6409017515812,247.60241898011014,91.94820204004189,448.29310888607193,704.7386520440676,0.0,430.81370613769553,0.0,718.7054311335685,77.96278959345798,107.53439480735882,200.8089863352955,145.12522668196362,516.2147085351456,202.27589396702967,90.78423505777121,0.0,154.20399050232467,286.37070850604863,0.0,2239.9141895597345,0.0,1466.8977228551773,0.0,3370.3560404370373,7131.397079678336,9576.93439743608,2229.3321684234743,8834.592244936388
1832,Mic,012_01864,0.0,70.9357308300758,122.35387986878743,70.36825094167587,0.0,248.43829925952258,0.0,966.7457811520612,67.47323251514025,923.3552331425648,0.0,43.20597945450259,119.18836862884598,55.642884144632376,0.0,47.02678024984457,116.83527490983987,486.34411638091717,0.0,146.49921687412973,0.0,0.0,0.0,416.2688733365937,0.0,0.0,73.24737845052965,165.82359119442202,96.4984433239193,389.6814532442113,209.45530993500566
1833,Mic,012_01865,219.9524673660635,0.0,88.12952435256247,64.20114580296719,64.57036660115301,251.8500611719505,499.31386640208046,243.12082753317037,213.09178185853287,167.14919950770525,0.0,32.84948999724354,72.49509762293853,0.0,30.57413483468335,5.9590739018217525,108.03626240524216,63.75297405742361,0.0,64.97359150378848,60.33090769088104,0.0,0.0,0.0,58.864274592904394,0.0,41.76746580184696,98.05881110581508,48.911820211624516,80.80218080549018,79.62439684795159
1834,Mic,012_01866,0.0,0.0,26.3559397425338,28.79990915556492,48.66210289417539,203.3587691519479,69.232210398309,0.0,514.0648294880242,653.8364453323583,0.0,0.0,19.512289380367527,0.0,32.9165080679857,0.0,111.14375704969402,233.36673326342395,85.07616812657106,169.88198838461747,259.8121347333103,0.0,0.0,0.0,0.0,0.0,74.94565436218507,165.89788491807542,0.0,72.49389205331276,0.0
1835,Mic,012_01867,302.18847785704935,60.75929687133075,27.57921120737714,60.27322759983207,0.0,283.7298157506784,0.0,0.0,337.8698575928542,251.07643470355723,0.0,55.51147993205079,183.76130758219546,47.66036068084546,0.0,161.1212892948261,94.66468562372133,244.1981006300808,89.02485103539927,52.28435482673757,135.93546289844085,0.0,0.0,0.0,33.15772429600311,330.53092038723577,172.5331182278826,94.68970186348149,41.3273923939992,166.88889242315378,44.851717211820834
1836,Mic,012_01868,210.6431448591785,45.378004281004365,16.477999301214407,48.01598299549647,21.73145531408553,918.2474394200001,220.66697609900956,0.0,301.03442199062573,218.76880523802598,0.0,18.426079473243746,60.99640041593883,0.0,51.44933193819614,153.75912954238393,150.82709575006356,57.216954868343194,88.6507970394522,104.12934532720004,203.04645823695677,0.0,0.0,0.0,0.0,658.2842700149149,78.09463143622646,47.145922986649396,0.0,120.86376624686767,267.97958771096313
1837,Mic,012_01869,293.24179536301386,226.77091903158086,20.586686791018526,0.0,13.575029828746342,397.11003739907943,182.9089986623226,0.0,0.0,70.28163191898787,0.0,0.0,76.20547663513616,44.470494021103825,289.2505748336381,325.7314254050914,50.473634404548825,187.64458033594445,0.0,19.514003297538274,0.0,0.0,248.0219944148328,0.0,0.0,0.0,234.16091063712625,0.0,25.70759054429871,155.71916340270647,0.0
1838,Mic,012_01870,475.0092935012449,76.92282776979373,102.7926702847267,148.95214554030292,173.87640770392534,344.840852989286,384.99931260614187,500.62304212137377,133.27848768473856,391.61485956454834,92.14172194020107,194.906973983645,479.7688383712932,222.04839835152868,432.58481030200693,48.956084054966404,233.3952622696496,192.04357416066986,216.3988686706628,199.10954817607856,110.1425801946341,0.0,0.0,604.0588561331953,0.0,0.0,146.15043161774483,70.32935976014139,22.32385640427991,153.66226691642365,181.706956909428
1839,Mic,012_01871,111.61351052278548,0.0,0.0,0.0,7.4633280876657375,72.77485533864804,310.4254547220333,1078.2933712849915,27.366765635511427,0.0,350.01887879881576,0.0,0.0,24.44914606355059,53.00840260298996,130.86745412961795,177.59727291782374,324.2294109206115,91.33718482852652,85.82782402726792,348.6656353563904,0.0,0.0,0.0,0.0,0.0,241.38340625742725,80.95764553263027,14.133610385826564,365.79601981533057,46.01669687966034
1840,Mic,012_01872,114.04246696197562,0.0,0.0,13.647855039325032,0.0,53.53818975550221,308.7824026157626,581.7289716422852,10.066437678030479,0.0,85.83265499206628,13.966264059337618,30.821960295102844,0.0,12.998875797548493,0.0,67.3678349647975,108.4206628874656,67.19391622735549,78.92606429259111,102.60097040423717,0.0,0.0,0.0,50.053379988233985,498.954319310668,35.51564767227114,11.91160262295388,41.59062419268709,137.41517372653428,33.85304770446349
1841,Mic,012_01873,310.19551013657366,137.5791722150196,141.54986236244903,18.197140052433376,109.81075084399906,214.15275902200884,424.57580359667355,0.0,322.1260056969753,559.0448704553887,0.0,0.0,246.57568236082275,179.8647369643371,77.99325478529096,435.7715125274875,151.0672662846974,325.26198866239685,671.9391622735549,268.3486185948098,513.0048520211859,0.0,0.0,0.0,0.0,0.0,213.09388603362686,23.82320524590776,166.36249677074835,332.08666983912445,0.0
1842,Mic,012_01874,183.41366515787004,0.0,0.0,0.0,0.0,102.50604623919328,55.4254998597653,50.62718877374655,106.00449920706487,185.95348445232207,0.0,0.0,14.753194409546182,0.0,0.0,77.61330398958088,87.94415262865749,51.896475833329575,64.3258832176513,75.55726886546832,196.44332138372243,0.0,0.0,163.94624972596995,0.0,0.0,67.99947176276304,34.20954167933706,0.0,10.962490993427785,32.408100546346155
1843,Mic,012_01875,444.5296712200594,93.10314671447449,157.7721082518575,0.0,49.54105713364326,386.459576625924,214.7649636967151,615.9905810674031,181.6587029253776,247.9379792697628,0.0,75.61046404537952,55.62123869346146,0.0,70.37322414534873,45.720480798459995,202.6197335148124,273.9179506053441,121.25798675511278,242.13065011140884,92.5767376635933,0.0,0.0,1589.3902436488122,0.0,0.0,427.2763742947563,107.4782535519402,0.0,361.63619713951425,0.0
1844,Mic,012_01876,81.43928945057202,120.4009478135902,310.4183190545386,100.32771028908503,271.0011807618291,337.3443127069103,121.60243447493659,166.61255435908566,10.571442912714282,263.6932354775403,0.0,117.33530206373275,64.73642496764076,75.55522061110617,191.11390637465948,207.53122588518363,141.49498447455795,159.40375720846117,211.69454543869188,174.05968827603542,215.4963525547189,0.0,0.0,0.0,0.0,261.9927362266718,49.7298255032024,0.0,43.67711035619981,36.07722788472555,35.5513611344533
1845,Mic,012_01877,259.22302559932314,50.115846955355174,118.28986041289416,215.43133901981741,60.00100191128023,156.0184833710227,569.4294973991666,220.66235579428366,254.2378877136607,82.83774713421309,312.6618754931417,40.69983215435742,33.682467051028866,26.20766933030249,132.5825011740677,239.95296419052556,166.57470435505857,142.17948645938648,146.86002108159832,166.75191216898716,298.9949392754569,0.0,1388.5778944848994,0.0,0.0,181.75366155864242,189.7463991647711,138.84893637522111,45.450542911265934,304.50798648101494,49.3264825020953
1846,Mic,012_01878,0.0,35.06482148986701,271.6373218139587,74.20651917485819,89.55993705198884,545.8114150398603,0.0,0.0,287.35103917287,647.2147251067832,0.0,28.476668276831248,62.844776186118786,0.0,53.00840260298996,433.9289268508385,216.44667636859768,221.06550744587148,0.0,144.8344530460146,418.3987624276685,0.0,0.0,0.0,0.0,0.0,144.83004375445634,0.0,0.0,478.6479833753793,0.0
1847,Mic,012_01879,380.90815779521256,4.986133434385521,57.93926254757568,138.49485400016817,119.39257536362781,372.5427497668187,39.16803560419241,83.63494292515169,376.5015000796884,131.86729091355804,447.9465983519471,0.0,227.87759564440304,46.93423330205142,101.75851247609985,48.48144058074927,129.62356359129424,113.16594397783116,58.44567782656405,61.78533454040513,44.6214746633386,0.0,0.0,553.2780441879984,0.0,0.0,123.56690713676609,41.44313821171765,9.04394459591672,169.32645368241919,58.89117440000851
1848,Mic,012_01880,0.0,263.79224902434436,90.15549042963285,221.65999046627897,0.0,0.0,757.4818314167925,0.0,572.2249142149395,795.111450761653,0.0,340.24708820420784,500.59114824115323,584.25028351864,281.4928965813949,54.864576958151986,491.8133531677718,205.43846295400814,0.0,576.8406664418858,138.86510649538997,0.0,2715.4132147141177,0.0,0.0,0.0,96.13718421632016,96.73042819674619,0.0,170.48563579434244,0.0
1849,Mic,012_01881,5.894540679186888,22.22215024460708,43.03718884706753,0.0,0.0,0.0,320.0334760992759,167.73452442210979,0.0,0.0,0.0,0.0,0.0,0.0,0.0,39.285746463861926,89.68936352215714,84.05947690534371,0.0,30.596029861572358,0.0,0.0,0.0,0.0,0.0,0.0,76.48774601572796,92.35168453351898,40.30696295217206,199.76094699135075,0.0
1850,Mic,012_01882,119.68618581216934,58.22083568128863,91.61353070612287,53.904735627019626,27.88186719543049,135.93793733068216,446.4582941683881,614.4237700529574,448.7116856086686,685.672147522309,217.93628302567774,47.28201525209717,91.30278804398391,76.11526604690279,22.00348787293923,360.24288266862067,164.14134746384946,183.5260816531763,56.870322629082544,166.9998934492831,43.418739497210886,37.54251240284025,0.0,0.0,0.0,0.0,170.33470554769394,100.81518122931318,35.20069001753031,164.7623983270979,85.95571681295043
1851,Mic,012_01883,0.0,99.41828263502991,125.40523886796315,45.67799545138436,90.21080868754109,146.60748473745082,252.4939438055975,140.4289041673477,238.90231745186287,255.14547866713957,548.430743234191,50.993103658511764,112.53599456584061,65.67154349628123,59.32626454113702,78.62859430339806,158.39037308055364,98.96537251937268,0.0,108.06446593549539,46.826605678678014,0.0,0.0,357.30478345593446,0.0,0.0,118.86729366281445,163.0920010293976,9.490883718389348,214.27845767386168,30.900747032562606
1852,Mic,012_01884,10.584039790953796,8.866966353759475,0.0,63.331425847508285,0.0,82.81276641984087,0.0,297.4602403544804,51.90248655010789,392.05956327878744,66.38289080667195,21.602989727251295,11.9188368628846,0.0,30.15995320514946,70.54017037476686,118.41412997618905,201.2458412610692,0.0,73.24960843706486,0.0,0.0,0.0,0.0,19.35561738461265,0.0,128.18291228842685,73.69937386418756,32.16614777463977,154.9869416312204,52.363827483751415
1853,Mic,012_01885,124.83988218259569,156.880225809405,113.93503492368738,52.42111905012918,158.16777873860417,308.4585611601412,227.01290360503262,803.2790986086359,72.49682180966904,409.4388648491495,123.63052141059089,100.58272739981679,88.78986727213115,233.16410397303522,205.95466515932335,270.0444544775096,105.85571398972351,15.616554195717525,96.78389768527352,147.78724515704445,443.3491473430799,0.0,0.0,0.0,0.0,0.0,0.0,68.62831602949576,119.81152290370409,321.6334513484592,146.28243549359914
1854,Mic,012_01886,273.599410626079,473.83474133123667,304.25669121717993,247.63299095430202,351.44728107198995,350.7911566323597,275.59531587127816,433.7404796854235,275.6663527217528,341.4619361371693,86.52152060195448,316.7629392591341,194.18329720429963,226.635342723924,229.30601126012513,114.92499667799095,232.53519336747357,213.11708470624458,237.0661763526924,202.87672449142121,129.28051648045937,0.0,0.0,505.560460058437,1740.7006915330298,0.0,292.3722606129287,264.158429917706,68.12717815190558,291.4650093340896,0.0
1855,Mic,012_01887,1472.7219310999467,1850.6982309346713,1347.7610921410185,2539.064892358334,2282.516987261603,236.77452934123514,241.8251856166286,46.77667019095456,356.1534006649657,331.04958358835927,0.0,1161.206337958899,1254.0630831055366,731.8214818909537,1218.7453015369128,730.5488881160126,446.0020951088147,479.49419924879163,297.1674604984454,446.78822197856647,136.12692129688932,0.0,0.0,0.0,0.0,0.0,209.425603175458,21.071792809056443,36.78719999015139,172.18830923761502,0.0
1856,Mic,012_01888,137.28818386987993,63.258581047747306,296.5337936016199,296.64826555125023,27.54039597844705,53.70923828507251,0.0,0.0,239.00017209159904,171.1009697197085,0.0,112.08707769027507,309.2043301170062,162.39544621764114,221.68689778694522,172.832181727597,151.5499093079712,97.89034930350729,67.40859327600519,213.7812054545008,514.6438451586338,0.0,503.17561167226467,0.0,0.0,0.0,249.40381336630023,95.59727089092699,52.154376982842436,160.82989981412263,67.92240881278937
1857,Mic,012_01889,224.99177587757976,310.72994222280283,396.4457996730745,273.25425470648594,158.1923771489834,104.5784857432516,185.34547663490207,0.0,193.35492423348123,117.99225763071138,167.66067600316526,402.39348050278187,451.5441150542283,193.23570807925987,298.34744793191396,42.06568653245557,236.26841709836935,164.13168468842773,229.6924228113956,208.12913625896968,275.57056903284234,0.0,0.0,567.4922396646549,12.221431816722763,0.0,46.24951112117424,17.450590467842233,81.24078380406685,145.3936597075461,16.53165937667424
1858,Mic,012_01890,544.352057012616,1607.7005719872475,1964.3160357882002,1611.1002070240227,1971.6126072290067,441.61974386762773,212.25410337423259,118.9710724885367,317.37779691481035,424.6643497825359,188.80177700531567,3456.100020287925,2940.717294075145,3194.7883279154116,3395.4156308307493,482.05881365857886,1059.7518531510595,1275.908032116662,2697.406213245959,1679.6738144846038,2651.8128217613526,0.0,0.0,0.0,2683.6851634672216,0.0,117.18297760868445,111.35575271686133,74.3314045335152,305.41384715139964,18.61621187250707
1859,Mic,012_01891,0.0,0.0,0.0,0.0,49.459842285883184,344.48753244319045,78.645654627973,488.7674051808199,112.27103443093009,701.1360889185914,0.0,0.0,59.496488930300984,0.0,16.72806147717306,0.0,102.4573406580862,125.57245627867944,0.0,172.66693901387353,198.05351254260538,0.0,0.0,0.0,0.0,0.0,60.93941731744884,153.28865670522617,13.380590160352199,206.31048623696876,0.0
1860,Mic,012_01892,107.51470928889789,0.0,3.165265402493163,24.2114490528139,0.0,81.40916020933508,210.30972559110305,135.2435753815074,431.142519630642,724.0029128313168,0.0,0.0,46.86729071507164,13.674946103341854,19.765845038403036,107.86933774823105,175.3867136415691,189.59177418239142,102.17379997767372,114.0128086124936,78.00654892719243,539.5940765696362,0.0,279.00918320711594,0.0,0.0,270.02211547441016,135.84418487678641,118.57859560990084,152.36004431543702,154.42891495208045
1861,Mic,012_01893,450.35320403080254,0.0,31.396944811193098,46.784131903363104,52.69956994653056,330.34699617696344,449.85820555757107,102.17889151477867,161.03369735306399,912.7149193205678,117.69193741270225,9.575124267755486,84.52485181364449,0.0,71.29514411231838,93.79686410094544,229.5338116545727,141.23093335952396,138.20233424927704,238.08788302760672,105.51322502269808,0.0,0.0,184.5034525924203,0.0,171.0389260519102,113.62939386266663,302.15938705999605,49.8996681089117,278.70577538749586,46.41858942882767
1862,Mic,012_01894,1959.2233657476693,2668.9568724816017,2434.1982416000874,2528.565817170886,8164.366215624408,386.459576625924,0.0,624.6665047444089,193.76928312040275,0.0,309.7868237644691,1461.8023048773375,2057.985831658074,584.25028351864,797.563206980619,3401.6037714054237,744.1670212725836,939.1472592183227,1455.0958410613532,997.0085592822716,370.3069506543732,0.0,0.0,0.0,0.0,5402.470905639646,341.82109943580497,85.98260284155215,0.0,206.64925550829386,0.0
1863,Mic,012_01895,248.3884482732509,0.0,7.55638503600969,24.771251343052374,0.0,48.586680876380626,297.738523331456,427.5776027176325,124.85098137472484,81.69054808310104,0.0,25.34917291694805,13.985687185928171,0.0,0.0,206.9314246543016,163.03275667781435,78.7146546743681,0.0,121.76512462250041,186.22372662965594,2455.5624225106294,1365.554622428487,865.8961298491361,0.0,0.0,0.0,129.71941815979835,28.308069356583264,166.27500790031507,0.0
1864,Mic,012_01896,194.49740126844958,4.568513121353232,0.0,0.0,8.751415168785712,149.33621964796177,258.90241953670403,149.42847226436686,106.96654588499392,92.5047790676526,68.40470473987008,0.0,0.0,14.334397818985243,15.539265230064316,107.01377510746146,93.54916630436999,47.52347330118099,0.0,56.61042073372145,20.442071514549795,0.0,0.0,4.874399012882355,299.1769286098757,0.0,61.32608874712808,80.69052639762413,24.85937055172033,91.26134634122623,40.4689986517825
1865,Mic,012_01897,0.0,79.19974347177963,47.06116600426835,0.0,6.896115153003141,134.48793266582155,113.1172868249077,531.3829733692438,92.71860197311273,321.3276211336125,0.0,17.541627658528046,116.13714639194752,0.0,0.0,82.7357820528932,102.56242511004322,285.9703404319793,168.79111756311698,118.95736410179333,322.1670470693048,0.0,0.0,0.0,62.86704526522188,0.0,148.6921782545752,29.921945788860146,65.29727998251873,136.6364877420839,42.519427916806144
1866,Mic,012_01898,0.0,10.169458586515104,44.313715634904284,40.352415088023164,9.740275639834945,284.9320607326728,330.9525139146815,383.79933554211556,613.1237803820371,638.7554720170159,304.5361996328679,0.0,0.0,0.0,23.060152544803543,188.7713410594043,112.26819132808403,0.0,0.0,154.01730286249136,455.03820207528923,0.0,0.0,0.0,0.0,0.0,126.01032055472473,105.65658823750053,36.89111863419137,40.6293451507832,0.0
1867,Mic,012_01899,87.1151064587199,71.57871552473438,149.83737064386932,73.5121891708829,68.5578699421365,235.94374151898518,609.5292397833372,151.84388526633097,240.29940702760476,525.4545244874973,157.61084016087025,107.71174878043539,90.55527983777586,79.26670513235348,181.40653335245455,133.98507215043435,167.18874853464646,254.832940513042,222.0935757409434,185.50856000279663,169.56160372068672,16.29037672684647,0.0,4.492428563919644,18.382176978135057,91.62085161611097,256.515746111694,113.7383904254918,61.09687015908185,239.71313638962087,87.02806883556813
1868,Mic,012_01900,360.5293554188388,0.0,2.9642961705888355,12.956693824181588,39.09362331634434,114.36048696073262,281.69392370148296,174.58083154137958,427.6600121930318,303.59752563644423,61.11440740931704,0.0,76.8102820052563,76.84017334258756,0.0,18.03937337626313,146.80845997894505,138.95546182311918,47.84328729113294,196.68876339582232,182.63438042477594,0.0,0.0,217.74526202671746,0.0,177.63226333735798,143.29745069885362,279.8821459842361,14.806639451818306,216.06796307227734,144.62390447893247
1869,Mic,012_01901,159.86310100919795,0.0,5.8359580858467694,57.39410467430437,184.71737016972702,150.09813913596156,861.1847011940916,134.78667141062394,51.740291279638804,617.6312162166412,0.0,78.31083776128594,64.80867544193501,75.63954563410964,54.6649151843334,269.9141241423371,157.39211442668463,212.77555091665127,0.0,254.4660876433451,71.91228729225553,0.0,0.0,0.0,0.0,0.0,165.95109180198122,33.39502878220999,116.60228568306916,120.39164215996585,237.2735932857486
1870,Mic,012_01902,599.1627231549966,70.58800665934012,76.89733007233392,88.69619081112542,11.268162014711017,384.56516693658125,660.114885766268,345.33578557493195,606.003934464789,92.36905110049985,0.0,57.325580583425,142.32493430385728,0.0,13.338715687680482,15.598752272415762,115.2151425868541,122.38070902395629,0.0,48.593694486026685,0.0,0.0,0.0,0.0,0.0,0.0,145.77664534762272,146.67620484735366,96.02541173899814,211.51159093201846,34.738094703273
1871,Mic,012_01903,44.76166828257543,49.99983805036592,49.92986362335569,104.1596714459598,77.82074391409795,291.85749276436974,0.0,0.0,299.98916358093607,273.76485211036305,93.58143634551672,0.0,50.40674756594945,0.0,28.344770836321022,99.44204573665048,149.12505387093955,307.34246243516293,0.0,111.86673418137394,167.7953370152629,0.0,0.0,0.0,0.0,815.9982097059883,64.53653570077049,103.89564510020885,22.672666660596782,268.42877251962756,110.72767686668269
1872,Mic,012_01904,100.02607437447023,0.0,10.954647580136953,35.911395103475364,0.0,93.9161540962441,262.3680086471572,236.14022432609866,473.83490723943464,141.28309433249052,0.0,36.74921995501686,13.51689320204231,0.0,0.0,168.8848151058198,177.26396797999786,85.58569645809436,0.0,166.1415699745717,44.995397635377756,38.905787992887525,0.0,783.2260581481692,0.0,0.0,31.15059600305346,73.13324738897381,36.4789273645356,170.74539044512105,118.7693517229222
1873,Mic,012_01905,13.081035479839395,0.0,11.938398276070103,0.0,39.36138785960697,230.28755593462597,170.63517663574626,0.0,562.8931315304167,142.64924834698678,0.0,20.02468910790873,154.67275965442025,0.0,0.0,377.78895914563105,122.93441365929837,0.0,192.68392415880933,101.8470583063299,73.5541203354577,0.0,1006.8107444510795,0.0,0.0,0.0,220.66190836866176,170.7873618085625,14.90805479052939,73.88418587351327,145.61447916714434
1874,Mic,012_01906,480.1706233949001,0.0,22.2827490550513,81.16338034750113,9.79561811506128,573.1019857918533,0.0,411.71201449063307,287.35103917287,1242.5073733859704,153.13325947448192,49.834169484454684,109.97835832570789,64.1790084168203,69.57352841642432,0.0,437.0557888212069,270.8052466211925,119.88005508744105,140.81127379473642,274.57418784315746,0.0,0.0,3164.4819955223743,44.64989010314055,0.0,549.147249235647,85.00552780926179,111.30218178838419,367.7417433249866,60.39691465455419
1875,Mic,012_01907,179.0466731303017,47.72711813898566,19.80688804893449,64.93070427800092,97.95618115061279,63.67799842131703,386.3922473388689,606.1315768889876,0.0,0.0,102.0888396496546,66.44555931260625,0.0,21.393002805606766,15.460784092538738,325.4466951381289,116.54821035232185,51.581951737370005,239.7601101748821,46.93709126491214,0.0,0.0,0.0,1265.7927982089498,0.0,593.453243422537,211.2104804752488,85.00552780926179,49.46763635039298,394.98187246017085,161.05843907881118
1876,Mic,012_01908,128.75266382403717,10.11232679670322,22.032381088140617,0.0,0.0,236.1094323487036,133.33949841419192,385.8836390497413,150.9400121497941,271.617449200021,151.4126610534203,0.0,0.0,0.0,22.93060112601251,80.44749767459366,225.07554667758782,172.13302995504375,0.0,160.11349334862166,45.24818076816078,0.0,0.0,1122.0976064711651,0.0,880.1778441772458,365.4653257661609,52.531505949543806,91.70966289679598,181.80490681235295,179.1548929078911
1877,Mic,012_01910,56.840213692159274,223.8087988921141,62.250219582365546,7.558071397439259,45.609227202401726,711.5763633112252,288.56450720639714,103.83565797559176,242.49995104800405,220.3893149064558,499.1009938427558,0.0,25.603427335085435,0.0,0.0,282.01553711558023,234.0214065010907,45.0318626278627,0.0,39.33775267916446,383.5321988920295,0.0,0.0,670.6554070422898,0.0,414.475281120502,314.69244075042366,227.58093688617177,17.274412693788022,209.2733730385579,140.60657379896213
1878,Mic,012_01911,153.59614852075757,44.887635157435746,6.519973123340032,28.498264221765986,0.0,209.613361386879,523.877708843534,688.924592825972,336.31775823391604,652.9239553837145,67.21060764964791,21.872353688937718,84.4721555219901,0.0,81.42936659212423,95.22629816178002,134.2774892338471,152.81635577056252,0.0,203.94809930170302,0.0,3612.3199465116913,0.0,335.25168273140986,19.59695924726368,0.0,185.4017185219142,83.94560850989444,24.425416452313737,138.98579603637617,53.016743038411654
1879,Mic,012_01912,74.08827853667658,0.0,0.0,0.0,0.0,869.5340474083292,417.92101043685113,1301.3885515508516,127.16109204776433,0.0,464.68023564670364,302.44185618151806,0.0,0.0,0.0,630.942635018748,464.1833895066611,58.69670370114517,363.7739602653383,299.1025677846815,0.0,0.0,0.0,0.0,0.0,0.0,64.09145614421342,257.9478085246564,168.8722758168588,0.0,366.5467923862599
1880,Mic,012_01913,286.4746770084828,37.894614101329964,165.1268982605907,150.36584148589685,399.2487720159714,0.0,0.0,0.0,443.62967451250114,0.0,0.0,461.6217804875803,254.6867245437446,237.80011539706047,429.64705267686605,468.9477525265202,1059.3618909392621,1935.1376420209126,4886.058666300755,2582.626983788934,3899.9168855757944,0.0,0.0,0.0,0.0,0.0,273.9066441531648,236.22588780679067,0.0,719.1394091688627,111.89323136001617
1881,Mic,012_01914,87.18794517649475,156.52123215766724,11.367431401997186,80.73991923264461,97.44510542287047,0.0,0.0,111.57992276775128,160.3335508428333,446.28836268557296,0.0,19.066986585356574,63.118014343449744,49.11089339721901,212.95549567462052,131.4364430606163,133.77707623049113,74.00888727535697,183.4686060468663,355.5790774781866,70.03631458028364,0.0,0.0,0.0,0.0,0.0,80.8109664427039,16.261927059163124,99.3654260603546,23.450198125071605,369.7341557983143
1882,Mic,012_01915,0.0,113.38545951579043,422.0270792158798,202.46109365423905,67.8751491437317,132.3700124663598,747.5411249677533,1236.2166524338172,323.5527448954363,0.0,0.0,138.12305242935471,381.0273831756809,44.470494021103825,192.83371655575877,0.0,383.59962147457105,160.8382117165238,498.3989691824321,136.59802308276795,126.83742010602549,0.0,7440.659832444985,2026.368269953833,0.0,0.0,87.81034148892235,0.0,77.12277163289613,438.844915043991,167.3993225071108
1883,Mic,012_01916,28.32376750083869,20.338917173030207,44.313715634904284,44.38765659682549,24.350689099587363,189.9547071551152,308.1282026102207,4.264437061579062,71.43189674353832,163.89120663594488,228.40214972465097,37.164465378237395,0.0,15.954103787232164,11.530076272401772,143.82578366430806,215.48249625874192,163.48855889641,59.60138332030967,147.01651636874175,227.51910103764462,0.0,0.0,0.0,0.0,0.0,157.51290069340592,52.828294118750264,0.0,126.96670359619749,150.1392228700782
1884,Mic,012_01917,292.17566560566644,832.8331233463937,975.5631427087137,867.034877025644,600.4080357092288,83.63677404590894,0.0,600.8400874821843,209.67571680939108,0.0,0.0,261.8153381869858,722.2459352733056,758.6533532256966,609.2010448403324,87.07363208781337,669.7173281439389,779.1184351972902,0.0,604.1574254755258,480.84633890941006,0.0,0.0,0.0,0.0,0.0,36.98810404342666,18.60817524182845,81.21552236631683,161.00136026168568,105.76972118608495
1885,Mic,012_01918,0.0,291.8909464561903,123.6592199811856,96.51861446729865,535.8467855374063,227.1755619355094,0.0,1958.413906766255,0.0,1809.2771460225931,364.2088333447137,414.8357892219471,130.78507476570667,228.96294894649407,606.7313108747635,0.0,95.28603684210096,644.0773433152686,285.1201310187787,267.9219912202553,217.6804372089897,0.0,0.0,7318.712507072062,0.0,0.0,251.16922002462022,252.71913673023772,176.47913508788847,194.362002478071,0.0
1886,Mic,012_01919,287.8453692429731,55.98067992241926,59.420664146803475,102.52216464947514,8.248941570577921,281.5237824942437,446.99884788550753,39.726597889447056,148.71676588771345,580.1036931239904,0.0,52.4570205099523,127.3433622718723,40.534110579044395,29.294117227968133,285.47955713870954,92.01174501499094,171.03489260285843,0.0,71.14674886470893,115.61018435501366,0.0,0.0,0.0,18.799953727638126,562.2188621897718,35.57229144846296,17.895900591423533,46.864076542477555,47.3118032347936,0.0
1887,Mic,012_01920,0.0,27.480827020048444,54.884735585978774,136.30491356068893,59.22236295517965,449.1486300862362,0.0,518.5685678698815,0.0,153.30516275458618,205.73628753823522,33.47638866131307,36.93929592619196,0.0,77.89402672576769,236.83907076209888,137.01087323860736,324.84816933839886,0.0,179.72248075175517,61.48226089108869,0.0,0.0,0.0,0.0,0.0,156.0700344275121,128.48163745216667,87.22919081634183,102.930258945925,40.5719732030593
1888,Mic,012_01921,94.53664341279931,35.99988339626347,41.83214755934964,14.284754941160202,13.792230306006282,336.2198316645539,197.95525194358842,537.4214162484398,328.7295888137633,621.828452008565,53.90290733501762,17.541627658528046,9.678095532662294,45.18202192544149,32.653176003441814,206.83945513223304,94.87024322678998,47.66172340532989,84.39555878155849,118.95736410179333,193.30022824158286,0.0,0.0,0.0,0.0,0.0,141.25756934184642,67.32437802493534,13.059455996503745,406.31376618040736,85.03885583361229
1889,Mic,012_01922,1149.2298089293786,690.6954372538921,805.6336557578237,813.8988280428487,1984.637791125904,390.9532926332022,270.10980035017405,0.0,0.0,0.0,0.0,458.93793292660587,787.7519619608844,853.730065451656,949.2202326581923,0.0,648.4688215533256,554.206086108487,1962.687413524616,518.7094364903778,1123.8385362882725,0.0,0.0,0.0,0.0,0.0,86.44894084568324,86.98240054901206,151.85413949422957,229.9573692109735,0.0
1890,Mic,012_01923,3754.765184091764,13596.072467132513,16359.72032888401,16586.95816468699,11716.70050267524,652.8540420670951,1019.7813652730928,0.0,347.79705064936377,0.0,0.0,13837.449002479652,8973.379838536399,13269.477313054418,11095.739418645277,1019.5223329893487,7082.283966943518,8758.915882394189,9013.117928127605,7362.652389795461,5160.928423925756,0.0,0.0,0.0,76.29495784614308,6844.878186271591,144.36133811123804,363.13041005898236,221.88396110564614,104.7290401702227,206.4049898874085
1891,Mic,012_01924,0.0,139.9995465410246,58.10020494354117,174.5914492808469,344.8057576501571,747.1551814767865,381.5464039729029,0.0,245.84477795901103,0.0,0.0,0.0,0.0,0.0,90.70326667622727,0.0,113.95825012227024,226.960587644428,0.0,165.21856125249073,0.0,0.0,0.0,0.0,0.0,0.0,82.60676569698622,0.0,0.0,479.42627277924174,0.0
1892,Mic,012_01925,186.75681694930992,245.4537504290691,172.00718568811533,179.41378813658147,235.09483476147074,201.08841606731693,275.44793869701545,568.812651598901,205.43078677709568,179.7253773175553,161.19290470998095,173.10816768284258,109.97835832570789,168.892127412685,156.23529188249674,173.1909313308171,193.9914290732725,166.9626332551713,201.90325067358492,225.29803807157828,289.0254608875342,0.0,150.7119296204965,133.24134717988946,0.0,281.1094310948859,151.18223865596758,156.58913017495593,78.1067942374626,217.20418757791606,25.430279854549134
1893,Mic,012_01926,175.5359540493154,79.41150749175765,38.44866503616696,56.01864682807921,0.0,494.4409289184617,594.1033971896412,0.0,645.6007824553861,678.1832962378805,0.0,0.0,118.60411191988103,83.05518736294393,20.00807353152072,452.3638159000572,301.6541915001271,100.12967101960061,310.27778963808277,461.6400976172535,0.0,0.0,0.0,0.0,38.52147381447419,0.0,309.7753713636983,110.00715363551527,96.02541173899814,484.7140625525422,104.21428410981898
1894,Mic,012_01927,607.9858253057728,64.74799171989832,37.6188377332281,308.30406347827767,12.403084807559608,362.8271564725402,0.0,0.0,788.320356867538,0.0,0.0,31.54969003332383,34.81329328295789,203.1565734057621,117.45746763827992,343.39699247188656,147.57183469070966,97.96859898320635,0.0,106.97604685413069,0.0,0.0,0.0,0.0,0.0,1690.7013265850692,240.68877775021164,107.63289852107968,23.48823020953911,155.20994442493438,76.47379121727725
1895,Mic,012_01928,0.0,130.43436013138938,359.9686610632442,155.26907544739348,12.492962233701343,121.81877958860649,431.80123723276097,590.7172381822127,0.0,0.0,0.0,0.0,70.13112704827749,286.48021148377757,88.7314565310919,0.0,51.095411060257035,24.669629091785655,0.0,161.62685339917573,116.7271909671394,0.0,0.0,0.0,0.0,0.0,242.43289932811172,0.0,189.26747821019922,182.39042986166808,0.0
1896,Mic,012_01929,53.99190143175395,43.90229682471155,11.594275931083605,15.83675714097583,0.0,111.82477771548356,47.02769685070996,133.890086013214,406.49659200064536,326.55246050163873,0.0,58.342442323264024,10.729595934215403,0.0,0.0,183.4496276117366,115.12689071387888,105.6800962424166,46.782460521928215,137.37685248266968,107.1509025729395,0.0,0.0,1081.619413776529,0.0,521.080896663691,164.84720427336492,33.172888901175334,50.67416406625622,183.3725766173375,47.139055340139855
1897,Mic,012_01930,106.51945558058195,143.30662244356847,160.1186750412552,172.46685755731477,217.20047725994147,308.8633624215062,85.71098004949417,285.28076594626543,212.01461916225173,66.37709681237745,70.73872353676855,103.59228932201604,160.87822845195416,222.35247010551913,167.83675329853077,180.96190300282856,182.2659020164263,259.12822998773277,147.67376864664655,208.14936850707494,112.74437342757822,828.6286114600647,0.0,574.6417481958631,13.750447345849059,68.5352827049649,214.64750141736576,98.1691134805123,85.69196848099571,202.90678867625388,111.59954833807389
1898,Mic,012_01931,30.26140954314959,0.0,0.0,0.0,0.0,177.58089700592637,64.01254913381344,164.78145180904446,37.09931256926726,125.71503174241494,94.89948474474934,0.0,68.15560234269222,39.77290662450835,0.0,190.48053831245727,218.93827543297078,0.0,0.0,226.8846439734908,56.719550540370555,0.0,0.0,0.0,0.0,0.0,130.89100198466124,223.8877985962247,57.47999998461156,215.23538654701875,224.5744432225677
1899,Mic,012_01932,287.8133437234756,0.0,0.0,0.0,8.05620929089152,157.11207087128687,368.12201152965616,0.0,684.3609640113992,841.1353876161112,0.0,0.0,22.612372739865172,0.0,38.146233648880624,89.21903168895746,203.68705921387087,111.3591668348829,0.0,185.2918443953167,150.54534909780597,0.0,0.0,0.0,0.0,0.0,34.74116314359233,87.38886036466165,30.512747655382583,134.41858115305843,248.3611443738677
1900,Mic,012_01933,168.01198750994516,85.88441366901822,2.598915728090808,48.278495824994714,99.39728600253036,133.68581775926597,214.84574144889808,108.04370956811843,249.26607705585613,218.8557908464705,160.74425646625537,0.0,38.48149317161946,0.0,8.114606362684349,9.489499394352334,158.0236172172634,101.52312568587735,0.0,157.6638357876651,0.0,0.0,814.0841208327814,0.0,15.62302317724202,155.73723286635163,125.63454425088361,66.92284097906098,45.435483089227745,85.78203687898959,380.3924962736137
1901,Mic,012_01934,121.56674485599821,0.0,14.471453260845127,15.81338185368288,38.17037907566315,62.03317927390293,283.2404388077552,66.84623113501054,38.878984389933215,164.68205265150297,0.0,0.0,17.856264820410136,20.84041601727006,30.122856091735994,46.96893673170208,111.17237039142138,226.12309470109062,0.0,192.04371510898372,178.32124376529785,0.0,0.0,0.0,28.99771460572965,578.1241928544272,315.4907841194861,55.20654204586744,72.28481178876612,325.07224215197664,39.22456449889866
1902,Mic,012_01935,235.70701272849848,68.35420898024708,28.958171767746,0.0,16.36736191377328,265.99670226626097,479.41888064353964,0.0,0.0,324.8301373977271,0.0,55.51147993205079,15.31344229851629,35.74527051063409,0.0,0.0,87.22674603900035,10.773445616032976,0.0,31.370612896042548,0.0,0.0,0.0,2649.8220254081725,0.0,495.7963805808537,188.2179471576901,94.68970186348149,103.31848098499798,278.7803089341319,0.0
1903,Mic,012_01936,378.06137672123185,83.64285175711771,272.14222389911475,369.0670886284884,192.27086857815448,374.96635501623115,146.42771462332047,356.3579208447425,379.9300604677228,315.2222636069103,250.47819393595552,334.2038726764173,287.8244024583582,167.96290678602784,273.12136062358394,26.61645833843433,127.4881445954301,56.95107682527469,39.21726709180228,225.71680765907192,209.58822764731718,0.0,0.0,0.0,0.0,0.0,131.28026890506172,90.37762436226345,6.068520444472001,157.0611163147609,98.79049237176149
1904,Mic,012_01937,28.140930943858816,0.0,0.0,2.806435155434224,6.774179914541397,297.24739538123623,204.3762374222125,100.8384370789108,318.7771187680693,102.29268299931273,105.89962148333522,0.0,28.520910214132495,11.09578141587463,16.037905699136452,62.517592604573984,172.53256679857463,120.39166731629777,82.90329939249362,107.11615955466002,31.64705766889045,1204.015662994036,247.53472134132628,1252.6726641986545,0.0,0.0,51.122065215227224,73.48218513963691,44.89989782687928,222.52349104930423,83.5352218404836
1905,Mic,012_01938,0.0,0.0,76.89733007233392,0.0,7.2438184380285096,282.53767366769233,1005.7321795281783,0.0,836.6986140621804,518.7945952787472,113.24140196432273,128.98255631270627,20.33213347197961,0.0,0.0,0.0,126.58702679023189,42.9127161512574,88.6507970394522,104.12934532720004,67.68215274565226,0.0,0.0,0.0,792.4417470406121,0.0,312.37852574490586,125.72246129773171,68.5895798135701,287.05144483631074,0.0
1906,Mic,012_01939,0.0,0.0,17.6179866742544,19.251691295364154,18.587911463620326,45.31264577689406,125.22610690088932,191.24448471847018,159.03705312712304,148.36180969780952,72.64542767522592,0.0,26.086510869709688,60.89221283752222,0.0,192.98725857247533,76.02336093062503,192.70238573583512,56.870322629082544,113.55992754551251,43.418739497210886,0.0,0.0,0.0,0.0,0.0,90.17719705466149,70.57062686051923,0.0,72.68929337960202,85.95571681295043
1907,Mic,012_01940,91.94288620204684,12.162122769007928,0.0,62.737099403744125,46.59537265542663,56.79389048387735,0.0,0.0,306.11946290262955,241.23695280301246,364.2088333447137,0.0,32.69626869142667,0.0,13.789347974426443,107.50491430989241,184.07529844496776,218.5262414819662,0.0,66.98049780506382,54.420109302247425,0.0,0.0,0.0,0.0,0.0,200.93537601969618,101.0876546920951,33.089837828979086,273.3215659847873,0.0
1908,Mic,012_01941,0.0,14.099171042923029,13.652789673416986,59.67521646437682,0.0,307.25049891016675,176.67983535221967,201.01865981657545,299.8554360037173,69.91462600818376,0.0,11.450148602172355,37.903768404682616,14.746090706736778,63.94225065948136,58.159316566604986,148.9565247192207,115.55434618972184,220.35393937743734,38.82420499405787,252.35016741720997,0.0,0.0,0.0,20.517965164889652,0.0,126.17482488965257,0.0,8.52444908387973,136.12952262334866,27.75419576815023
1909,Mic,012_01942,257.5759157313112,0.0,0.0,0.0,45.36917863817857,442.3945153480973,535.9959157978474,0.0,180.22455527070358,169.64177528983768,0.0,0.0,42.44778742395743,0.0,0.0,6.978389174501789,143.38496931502752,209.04264651460474,185.0779797841195,130.43570625196637,0.0,0.0,0.0,0.0,0.0,0.0,97.82380148327314,49.213726626414726,14.319578943534808,134.0501091652485,0.0
1910,Mic,012_01943,88.48638672076687,0.0,50.47315101272882,0.0,0.0,0.0,370.4544349271315,0.0,105.76885096967932,580.1174341215298,208.1193333398364,0.0,56.05074632816,0.0,15.759254827915935,61.431379605652815,98.99847983594904,65.72217788931313,81.46289457679393,57.41185526148327,124.38882126227983,0.0,0.0,0.0,0.0,604.9098697434354,129.17274172694755,14.441093527442158,37.81695751883324,180.47900230106592,41.04191883861598
1911,Mic,012_01944,41.1386611892077,28.198342085846058,20.479184510125478,0.0,13.504141944523123,87.78585683147622,65.92531169858943,134.01243987771696,154.05416895603824,283.54264992207857,0.0,0.0,12.634589468227539,0.0,0.0,108.0101593379807,118.8304860119626,222.21989651869583,0.0,97.06051248514468,84.11672247240334,0.0,0.0,0.0,41.035930329779305,0.0,38.82302304297002,146.4847215512083,42.62224541939865,164.29425144197253,0.0
1912,Mic,012_01945,332.89201419970993,79.5414772257867,77.0231849497027,49.09653907763735,14.108255223001517,137.56948922444923,360.3514222561064,375.54963896799705,403.5142252214771,199.6489129308073,0.0,933.0653009855346,1496.8576560336935,665.5289645318713,721.4695188976507,244.780420274832,828.8084680537452,518.1833384025812,414.3808123480777,689.5373669293804,290.0030701933185,0.0,515.5285317624184,119.44272016509758,0.0,0.0,304.19840068448275,134.67324209388772,112.21300160661976,320.7291145638544,34.79494919542238
1913,Mic,012_01946,160.52460349613258,0.0,26.29535137530958,41.048146382644255,4.954105713364325,338.1521295476835,362.7786548930999,0.0,302.76450487562937,55.5723056983951,309.7868237644691,75.61046404537952,208.57964510048046,178.52091996402885,129.01757759980603,109.72915391630397,152.885798924813,166.30732715324467,303.14496688778195,78.33638680074992,46.28836883179665,2921.7352396727665,0.0,551.8716123780598,22.581553615381424,0.0,213.63818714737815,85.98260284155215,37.52717240374639,278.97649493619673,30.545566032188322
1914,Mic,012_01947,338.13404499361894,17.70486068668695,4.286080692556316,9.36705242043292,0.0,165.35401557273144,761.6210763972122,148.48630030809716,449.08413772372035,0.0,0.0,215.675749899935,301.44887724685833,166.65499890531697,120.44204263564603,41.73305525997136,153.42329985723677,111.61996113660395,138.35337505173524,81.25503012417578,158.44281003408432,0.0,0.0,0.0,0.0,256.83878075991765,60.93941731744884,208.4725731191076,53.522360641408795,76.62960917373125,278.815920765942
1915,Mic,012_01948,18.23020671872163,0.0,14.260959395232833,0.0,3.1345977968196097,213.9580746956252,776.7631871255836,0.0,256.7002616610973,100.07678435979516,49.00264303183421,95.681605410153,272.7463286477556,20.537282693382494,133.5811745595347,214.07160391308034,228.4344922905508,191.88486046301642,76.72323525596228,171.2265089343995,117.15165347974718,0.0,0.0,0.0,1886.0113579566566,284.85755684281776,189.24459050582294,149.60972894430074,29.680581810235786,166.70959030732726,38.65402537891468
1916,Mic,012_01949,0.0,0.0,16.28977708697416,0.0,48.337255745349125,209.4827611617158,6.2926839577719,324.49576219978246,331.51298496475454,639.5409558734068,0.0,40.98511135170105,60.29966063964046,17.594245298069115,63.57705608146771,34.696290101261226,223.65637874464252,63.63380961993309,0.0,108.0869092306014,150.54534909780597,0.0,0.0,0.0,4112.797353799562,0.0,277.92930514873865,93.21478438897242,40.68366354051011,106.4147100795046,33.11481924984903
1917,Mic,012_01950,108.20086721543413,0.0,4.702354716653512,0.0,74.41850884535764,241.88477098169346,247.04443422705944,162.9076316329843,106.12004803986086,224.74953516539645,96.94767506298135,0.0,69.62658656591579,0.0,58.72873381913996,429.24624058985825,246.7216611235302,159.1989733477103,75.8952866740634,169.3787408523736,173.83114050502056,0.0,0.0,13.816641806299625,904.5618023772934,0.0,120.34438887510582,26.90822463026992,46.97646041907822,64.670810177056,458.8427473036635
1918,Mic,012_01951,52.85510645912966,0.0,0.0,0.0,0.0,434.2322549173206,70.8101097019388,0.0,27.21528907295325,713.6222281565128,198.90371710338607,64.72925335250203,142.8501185632811,0.0,75.30714022933998,246.58691784143593,203.42178412047318,100.49915320048473,233.56704459840915,100.5943269618486,118.88082917686522,0.0,1046.0853860374682,467.7264646900101,0.0,0.0,219.4718498222512,82.80981306880116,108.42721768314917,444.48653518739667,117.67369349669599
1919,Mic,012_01952,143.2373385042414,0.0,0.0,0.0,0.0,96.06280904701539,141.3966085311346,935.9586462753725,3.010344219906257,153.01315292076788,0.0,0.0,55.303403043784535,0.0,11.66184857265779,9.091844181636615,126.37155951058895,87.54194094856508,0.0,134.53511416274245,46.02386386704353,0.0,0.0,0.0,0.0,0.0,95.58782887794118,106.86409210307197,46.640914273227665,251.69879320910192,0.0
1920,Mic,012_01953,180.495605745229,112.3695782311114,140.54876166978025,178.3530096699771,139.51678055208666,194.3467235055225,93.40816418241758,139.61717639759428,198.5435118446844,354.2790085288171,93.4732497139034,141.95536833490908,117.47977236179665,78.35032703833784,108.52934220797135,42.30598015154611,194.89825002847806,141.6863784138626,195.1342399573607,148.98321130282403,130.35660864075916,0.0,364.1478993142632,164.29824002265659,717.7018173341804,362.2466040775717,201.98070456546338,194.5791272396975,94.36023118861088,374.11876777570893,49.15540799630769
1921,Mic,012_01954,184.16229236259602,0.0,0.0,0.0,0.0,0.0,476.1314368905553,64.69760227709949,602.0688439812515,297.5255751237153,0.0,0.0,0.0,0.0,0.0,0.0,73.2588750786023,0.0,0.0,35.403977411248015,230.11931933521768,0.0,0.0,0.0,0.0,0.0,53.10434937663399,0.0,0.0,0.0,0.0
1922,Mic,012_01955,215.83708541735004,73.97236314300712,0.0,0.0,23.616832715764183,690.8626678038778,0.0,2274.7558791491597,360.8289304682158,468.70467314009943,1107.5939863359786,0.0,0.0,0.0,55.91297260863325,21.795516873786408,324.8980932424314,652.9003206209572,0.0,237.64313604810312,0.0,0.0,0.0,0.0,107.64905011168132,0.0,458.29780968875906,512.3620854256875,0.0,123.14030978918882,145.61447916714434
1923,Mic,012_01956,342.3721749613574,0.0,178.55184933868753,216.01336740291035,8.409896528052611,246.01451097406382,773.4936424873914,1281.328123146458,421.44819078687607,203.18819764546413,0.0,42.78445770372694,0.0,0.0,19.910473172830375,124.18128638332938,156.34516022872438,199.28246719998558,102.92141314824207,132.98079320322427,471.46397132093375,0.0,0.0,0.0,3258.3529558194273,1146.3779726601201,145.06553976056114,474.3723112868072,15.92616584939481,298.17975502123574,155.5588826224615
1924,Mic,012_01957,338.95858730011315,45.801378366747414,49.895214169071615,58.15676311922728,13.160525101151032,256.6563600492778,107.9363423901791,0.0,139.41034300838137,41.638439266677715,68.57876251274507,200.85833196787843,160.07028234683182,43.11261634107012,51.9293511505118,376.51339454487515,200.62306438510362,311.85424256486294,268.4337111372726,353.13890954730846,327.9053914191397,0.0,0.0,586.4162476566863,0.0,199.3278069510811,151.34063944486022,28.55147498937037,41.537709912543725,215.00987424259887,0.0
1925,Mic,012_01958,378.6734236319025,10.344794079386052,75.12957535802738,45.15296102090868,123.85264283410815,241.53723539120253,589.1525355463942,17.351847354011355,6.055290097512586,111.1446113967902,154.89341188223455,126.01744007563254,125.14778706028831,0.0,46.91548276356583,160.02168279460997,329.717566355922,440.22527775858885,424.4029536428947,306.2240574938406,92.5767376635933,0.0,0.0,640.1710703585493,0.0,0.0,96.13718421632016,107.4782535519402,37.52717240374639,273.8102635484894,0.0
1926,Mic,012_01959,437.541709257329,0.0,12.610173098678551,4.593168791369839,49.89150834166259,162.16390594753403,81.18776328154262,684.4215803590267,802.9197846984696,86.10064874962822,86.66062272510874,28.20197372753706,0.0,36.319953316271295,0.0,547.4108755663847,158.70793274665044,87.5732170975285,0.0,119.53111344633575,310.77207112794673,0.0,202.56458707835222,0.0,0.0,503.7673834840828,107.57472703305278,84.18553879502453,20.995909962224673,208.1110830392207,68.35920886946326
1927,Mic,012_01960,256.59296466746184,32.65295546146346,44.46444255883253,6.478346912090794,3.909362331634434,228.72097392146523,348.10956424898706,41.07784271561872,575.7880611090541,1251.4964667902311,122.22881481863408,39.77693346605,43.891589717289314,25.613391114195856,9.25543537512523,36.07874675252626,232.56785739238825,185.27394909749228,47.84328729113294,140.4919738541588,36.52687608495519,0.0,0.0,470.32976597770966,0.0,0.0,126.43892708722379,42.40638575518729,29.613278903636612,211.9912090520457,24.10398407982208
1928,Mic,012_01961,258.86265994742416,0.0,0.0,43.0263703046994,10.385715591872202,101.27103363390178,431.97759060716686,391.0437406708222,380.82667842187595,797.5836200605622,162.35815462354708,0.0,0.0,0.0,24.588234942350766,143.77163239033808,254.86144793911342,61.52546050601965,0.0,179.15265677980926,97.03826718954963,0.0,0.0,0.0,0.0,0.0,67.18020101863337,67.59475705314793,39.33571083284261,0.0,320.17641503619086
1929,Mic,012_01962,463.9128930279212,451.06236879479053,426.48022777705756,391.7332324289795,859.9765350376257,317.9383750965049,200.56256529238954,731.6080320538831,625.1979662382145,949.5497078416446,0.0,704.9826718557372,571.9914617412703,400.5498397645522,521.0613192038588,383.66292823218345,448.5590696302126,490.9431151173797,798.066749707409,451.1286956185031,418.8933236125712,0.0,0.0,1035.1702414308456,74.31092820948214,370.3821661076827,342.7301981045172,114.94837330235873,146.64873754939194,140.25768618541647,326.6859118903546
1930,Mic,012_01963,0.0,0.0,0.0,0.0,0.0,96.614894156481,0.0,182.19439721711925,0.0,0.0,0.0,0.0,0.0,0.0,0.0,265.178788631068,95.78387402518403,78.26227160152689,121.25798675511278,0.0,0.0,0.0,0.0,0.0,0.0,0.0,21.36381871473781,21.495650710388038,0.0,123.9895533049763,0.0
1931,Mic,012_01964,0.0,0.0,9.206018388941382,30.179059734845495,0.0,295.96816167654396,433.8628330180689,239.19888165829033,204.04621913096992,303.81132671083606,0.0,0.0,51.116701757019165,59.659359936762534,0.0,190.48053831245727,139.93992862725966,95.89883984975832,0.0,139.62131936830204,170.1586516211117,0.0,0.0,162.2968910768153,0.0,0.0,26.17820039693225,13.169870505660278,68.97599998153387,31.65226272750276,0.0
1932,Mic,012_01965,98.27093909854399,56.132874318498125,51.63791603609948,17.818821132424368,0.0,594.1514696774861,688.7152895487401,1374.6559153263136,286.9527702343075,497.93781283698723,280.16064103439516,127.64178129906065,120.72468439911385,23.48337937912759,67.88602079717633,125.69805365464345,222.55619793889315,84.9332760415739,87.72927108270115,288.5313751602749,133.95719212860905,0.0,0.0,0.0,32.675179451778526,325.72069909261904,247.3050781780876,132.19154844350896,33.938295209209315,269.11661881579056,22.099494759254753
1933,Mic,012_01966,261.601127208345,48.502836911133414,11.741807885296495,64.15309105311468,113.55878245963257,150.99693038827272,18.14327739920461,112.99481435621166,195.58224422744246,788.3536945643356,161.38595010484318,131.29960822251533,115.9053357205065,50.72831803006155,61.10250000644052,71.4553622059764,241.8200891441887,234.4353375369092,379.02197057586153,192.919876911591,96.45719972134872,0.0,0.0,11.500079108237411,0.0,234.5384075801643,77.90757842679837,145.57832906256812,117.30050296260849,161.48340026246916,95.4777572982174
1934,Mic,012_01967,0.0,80.76896915828343,0.0,114.46117741314265,5.525733295675593,161.64414983872786,689.5026926999009,246.76329073637305,118.19460478798607,224.09778895536252,0.0,0.0,31.019536963661196,0.0,39.24660577336757,214.18286774047797,92.45410917371684,43.64626685469769,67.62464645958212,135.03440102367028,206.51733786493892,0.0,0.0,726.3479452145078,0.0,502.1527444344543,190.63099776227585,107.89163145021688,52.32153844753103,184.39472029970835,102.21016326155325
1935,Mic,012_01968,287.8133437234756,698.1285798808102,629.192639984377,594.085602693111,435.0353017081421,235.66810630693033,339.80493371968265,0.0,0.0,750.765469938347,0.0,368.86600216530945,407.0227093175731,580.6100948362807,286.0967523666047,386.6158039854823,218.66404886194962,286.3521432896989,0.0,266.3570263182678,0.0,0.0,0.0,0.0,0.0,0.0,34.74116314359233,34.95554414586466,61.025495310765166,67.20929057652921,298.0333732486412
1936,Mic,012_01969,131.54449454471145,2084.6871252428077,2494.4552275505052,3381.697088111394,2190.220246298192,686.1629217643956,494.68201235382367,0.0,478.4297063779588,227.6981442273332,412.52225001289,2438.8232331371905,2493.590940813499,1815.3490952186312,1832.5762042747956,527.6516712556966,670.4495263889942,868.471636394495,1291.7687568605893,1150.6292658655605,246.55641357344751,0.0,0.0,0.0,80.1875577362524,3597.0533325814995,151.72671250466854,248.0773566678456,83.28734691647797,155.93584127386052,108.46792835919935
1937,Mic,012_01970,138.89681309502194,0.0,158.4551043914759,69.25941789653432,62.6919559363922,101.88479747410726,79.57384895691558,100.64071465326586,255.42314593144002,9.015926518900466,0.0,53.156447450085004,0.0,136.91521795588332,0.0,0.0,15.53976138030958,82.53112277979201,0.0,0.0,0.0,0.0,0.0,0.0,0.0,0.0,0.0,45.33628149827296,39.574109080314386,0.0,0.0
1938,Mic,012_01971,2.9054226877128064,317.6460299670306,278.42136750327796,550.5280808966406,769.343475487166,306.89436967352793,680.145958161934,312.33325237220447,147.46412355118886,540.1326363807814,54.66826301725925,284.6511587590758,323.9119194501579,309.3089736275153,264.93449090013644,103.27449780358022,267.84811831476804,262.4087930168843,299.57855551263157,135.72721563338487,261.3931416383811,1751.6285401422545,1277.8415128066435,350.6007890401791,15.93992019909277,0.0,113.10256966625903,106.21380351015266,79.46930626675707,65.64152822028159,86.24630409088468
1939,Mic,012_01974,593.823137015071,45.22598416616013,13.138237298790719,75.37182255386035,21.658653118728456,253.43203391800546,449.1600809406106,3.792991758288915,637.9963189675699,254.1675767388523,67.71722027012265,0.0,60.79205736596918,0.0,20.510788946885565,143.91612649324293,223.87212767424634,230.95235677385264,53.012285666808104,205.4853965326204,283.31272983481574,0.0,0.0,540.4459287449059,39.489350040968525,0.0,308.21871120609177,131.5663445490082,57.42223114040592,383.9626242421691,133.5409168241399
1940,Mic,012_01975,133.52633250395382,122.03350303818124,110.78428908726072,363.17173579220844,14.610413459752419,142.4660303663364,368.04201978443024,0.0,0.0,529.4946675930528,0.0,260.15125764766174,328.07103500550147,287.173868170179,172.95114408602657,431.4773509929242,249.88726456896126,375.06198805647006,178.804149960929,462.0519085874741,1092.091684980694,0.0,2402.4503357301182,0.0,0.0,1327.7259005385572,126.01032055472473,0.0,221.34671180514823,30.4720088630874,90.08353372204692
1941,Mic,012_01976,310.63519193690905,759.0336860657959,362.2512778106332,516.3164436563928,41.54286236748881,1215.2524036068214,1399.3640259105402,672.9589955730428,990.1493638968775,1075.393645025477,0.0,369.85359520992876,349.81068190345644,1020.6782061470217,786.8235181552245,479.2387746344602,370.70756063871045,738.3055260722358,3050.4418836707896,358.3053135596185,388.1530687581985,0.0,4933.545937095048,0.0,9089.211363646538,0.0,89.57360135817783,90.12634273753058,118.00713249852784,238.2690813511292,128.07056601447636
1942,Mic,012_01977,282.1341515992633,395.45326458016694,401.0894829909234,303.0099532973376,280.80771929842336,0.0,627.4091936987575,983.5342568387346,335.24287903501505,1538.3424622873918,0.0,631.2328134697593,824.8376874428092,791.5411038074502,556.5882273313946,391.7413922958959,274.37391187109097,348.17817422724755,1438.5606610492925,206.52320156561345,2074.560530370523,0.0,0.0,0.0,0.0,0.0,126.7262882851493,113.34070374568239,185.50363631397363,61.29029055416443,241.58765861821675
1943,Mic,012_01978,385.50296041882245,17.777720195685664,77.46693992472156,10.581299956414963,12.770583616672484,290.5603483520837,159.6011101585999,354.10621822445404,470.87729958286764,337.93028285656555,332.73399589517055,64.96899132788165,35.84479826911961,97.61547946854644,40.31256296721212,220.00018019762678,201.00969118789334,92.46542459587809,364.6721675746355,91.78808958471707,159.09483805891594,0.0,77.7747982486019,360.39260257222037,756.7329522665598,0.0,183.57059043774714,83.11651608016709,96.73671108521293,248.5914007003476,104.98624176989173
1944,Mic,012_01979,1122.0966577186862,7467.03812877987,6788.414153269833,6294.617533419258,5044.19105405126,249.42124010723583,254.74166437359986,192.6209523779124,137.56469135476667,706.292166465793,0.0,5855.884604108028,6059.579102052653,6100.2433163429905,5062.695685993575,816.7821442108267,2354.8271937357845,3929.7181866624255,4570.382634312886,5184.529036335578,2103.167666327806,1529.216818260499,4579.94323811129,1116.9750426434036,0.0,929.8021143237374,6199.18428628125,4739.121235846915,7198.201636055106,4678.674049266265,3974.3678913335125
1945,Mic,012_01980,150.7761457939383,1042.101887786574,1870.1872189362357,1578.841335601917,758.9026244931687,563.0475649884874,502.5716776226247,252.8056229328449,247.02106876264267,626.3696318394008,644.7716188399238,923.2435609751606,1180.8202683391794,1540.296202003687,1484.235272883719,91.35345828438705,1548.864374419014,2492.2227207845085,2422.839008083019,3142.3147415246444,1618.5425809701915,0.0,904.2715777229789,0.0,0.0,1124.4377243795436,5567.0636116844535,5941.438996352614,8872.931825375752,4387.09448177177,2085.282948073029
1946,Mic,012_01981,92.26945118371377,104.90763566395795,56.13976858041555,13.145480007202638,21.15372746319982,51.567458844256734,374.8683092083104,0.0,255.3252076086135,287.48636860113595,413.36585379614746,0.0,74.21852402348385,86.6219745503096,12.520389571871863,78.08945922878075,106.18042476883308,135.7586337136916,0.0,53.21456727457524,0.0,0.0,0.0,0.0,0.0,0.0,205.24993930846267,126.20452594994696,70.10444169902317,55.14872769699867,97.82076974725341
1947,Mic,012_01982,14.766735928272306,61.85546975303001,71.87654219819527,39.27080396195244,17.77349266237923,231.0789221062226,940.5616325954217,202.31896244728705,575.6895389614544,265.830410763457,92.61667926978973,60.28050741762216,0.0,135.85659513663677,98.18394846395735,174.96332445761186,233.49693001856917,128.68899299426332,290.0191023421254,187.36125502859775,166.065488180054,0.0,865.9462073040211,0.0,0.0,0.0,191.61363177135976,102.82455597546442,78.53624740165482,259.4832919681463,0.0
1948,Mic,012_01983,333.84450549020033,53.85809327000047,92.64009055958336,69.736598925349,157.47034601345757,264.7400249327196,769.8083074136013,444.5625269329304,725.0899975349009,30.45537383156141,169.77293648824448,158.84151029375792,114.30821495270426,88.94098804220765,154.26697324460702,197.94448159232476,249.3397539584712,193.00585405982852,199.35958767297285,132.69522242326028,76.1024520636153,0.0,0.0,0.0,37.126207833792456,0.0,128.78850085041944,141.36352341193773,35.990626762018195,118.9128156893395,284.5788482620884
1949,Mic,012_01984,400.11260703676976,201.86850502577644,171.04265941322868,137.95246204858762,155.75337962390273,349.13793526952634,329.3171271233961,126.97660259991488,234.1378837704867,403.1888634854086,27.986971617350793,127.50923531640325,110.54937783934085,99.70072335572499,139.86952337922895,209.82994489810363,277.573541477726,162.61973569538458,153.3667994472766,187.86534223414054,351.2724812282139,0.0,588.7624914146498,207.4074495865705,473.2981081753465,0.0,165.9855572416078,194.1974674770259,88.14793767110524,156.8216780119015,77.26791158298106
1950,Mic,012_01985,343.17279016641163,56.24981780666166,20.425853300463693,0.0,0.0,175.11449565862185,10.520580991899896,188.7013399748735,0.0,69.73255666962078,0.0,0.0,0.0,58.830757715418606,0.0,0.0,90.14275644437392,230.5068468263722,0.0,51.63080039140336,167.7953370152629,0.0,0.0,0.0,0.0,0.0,38.72192142046229,19.480433456289163,34.00899999089518,159.18450463373262,55.36383843334134
1951,Mic,012_01986,134.69566235490586,24.77056196990605,41.97606549820062,0.0,0.0,0.0,194.58248880431364,249.2935133613008,173.99237234320572,0.0,0.0,0.0,0.0,0.0,0.0,43.790992617974524,79.39178549229263,70.27449388072887,0.0,73.89362257852223,36.945762278589996,0.0,0.0,88.09693628787375,0.0,0.0,59.68149356548316,85.78539503686969,29.952880725926022,107.2111504494864,0.0
1952,Mic,012_01987,269.67523607280015,11.11107512230354,0.0,0.0,53.210765069468685,311.314658948661,102.8679030319101,191.0309861474028,133.3285171470827,133.15187775598372,0.0,27.070413053284025,29.87066522426634,0.0,25.195351854507575,235.71447878317153,116.72806870163097,220.65612687652722,65.12002992404206,130.0331269116825,49.71713689341123,0.0,0.0,0.0,0.0,241.77724732029284,34.41948570707759,80.8077239668291,30.230222214129043,99.88047349567537,65.61640110618232
1953,Mic,012_01988,9.123397356958048,0.0,0.0,0.0,0.0,0.0,0.0,394.229551030309,241.59450427273148,0.0,0.0,0.0,0.0,0.0,0.0,0.0,69.4092845091853,43.36826515498624,0.0,94.71127715110934,102.60097040423717,0.0,1605.034053028472,0.0,0.0,0.0,0.0,0.0,0.0,68.70758686326714,0.0
1954,Mic,012_01989,363.77736762981937,0.0,0.0,0.0,13.682768160720519,0.0,124.24305171386544,89.85778094041596,292.67235471310835,489.97267331881693,213.90042593260964,0.0,19.202570501314074,0.0,0.0,12.62756136338419,73.76761726664814,0.0,0.0,196.68876339582232,127.84406629734316,0.0,0.0,0.0,436.57670323070755,0.0,118.00966528140887,89.0534100858933,0.0,57.07455628324307,126.54591641906592
1955,Mic,012_01990,222.59856659442914,0.0,35.331205708910176,0.0,0.0,113.5877809677547,259.3181044489921,306.0021729322273,185.09548919693881,512.6285247064014,0.0,0.0,0.0,0.0,0.0,10.750491430989243,216.55917464113853,115.01381130629797,0.0,251.1768667689893,0.0,0.0,0.0,0.0,0.0,0.0,251.16922002462022,0.0,0.0,12.147625154879437,143.6467159351559
1956,Mic,012_01991,0.0,0.0,0.0,0.0,0.0,0.0,24.3367656680094,0.0,190.41333921093798,0.0,0.0,52.83622788713268,174.90534095172822,0.0,0.0,0.0,0.0,41.01697367067977,0.0,119.43510451987282,194.07653437909926,0.0,0.0,0.0,0.0,0.0,0.0,0.0,39.33571083284261,0.0,0.0
1957,Mic,012_01992,0.0,0.0,45.077745214816424,0.0,312.1086599419525,289.844682469443,896.7888348957429,351.37490891873,735.7177468477794,0.0,0.0,226.8313921361386,0.0,292.12514175932,35.186612072674365,0.0,104.99386191222096,176.09011110343556,181.88698013266915,384.5604442945905,277.73021299077993,0.0,0.0,0.0,0.0,0.0,128.18291228842685,0.0,84.4361379084294,123.9895533049763,458.1834904828249
1958,Mic,012_01993,501.6416196530595,151.08489413771932,122.96895764099706,175.71695658445975,222.05291194547019,170.299480582625,178.31699649367812,441.3044361785754,195.17137634124504,150.70036366613655,0.0,165.0080749355026,91.03852527106355,155.2927671098749,159.48548337426357,135.85136204833293,152.13673768132315,192.1446364283508,61.067698105324524,179.32550063584378,279.73983826567707,0.0,0.0,277.9324473336683,1046.2677576701183,0.0,134.49003098279232,184.03512243510224,42.52355425779078,98.86865972654407,15.383295194213511
1959,Mic,012_01994,0.0,143.99953358505388,32.681365280741915,107.1356620587015,0.0,84.05495791613848,222.19467054892579,279.27798316281275,10.536204769671901,609.9274290036163,134.75726833754408,0.0,0.0,0.0,0.0,198.88409147330097,38.460909416266205,102.13226443999261,105.49444847694812,99.13113675149445,322.1670470693048,0.0,0.0,0.0,0.0,0.0,130.10565597275328,56.10364835411278,32.648639991259365,494.4083438035931,0.0
1960,Mic,012_01995,401.76326653628684,109.75574206177885,255.07407048383934,8.710216427536709,115.63607726072341,717.5423236743529,406.45366563827895,101.2543775474931,488.2631478628442,172.34713193142048,164.3381321189562,106.96114425931738,177.03833291455416,0.0,24.888091466037974,271.6465639635331,195.43145028590553,41.51718066666367,257.3035328706052,211.56035282331132,196.44332138372243,0.0,0.0,0.0,0.0,0.0,0.0,68.41908335867411,119.44624387046109,317.9122388094057,388.8972065561538
1961,Mic,012_01996,191.5383014882297,0.0,15.20063501429856,83.05090082069884,0.0,488.6916157915028,640.042787786282,579.2692296903094,508.4331371411441,0.0,156.69449806691168,0.0,0.0,0.0,23.730505816454805,370.0169143689321,212.42944154333077,39.58614900774907,0.0,158.49455003872657,187.30642271471206,0.0,0.0,1473.88223175573,1690.4656066956466,3188.086028618745,280.9590577484705,43.49120027450603,113.8906046206722,135.88389998830252,556.2134465861269
1962,Mic,012_01997,0.0,0.0,7.427583018350434,0.0,0.0,0.0,212.3244527456161,154.39200543398744,0.0,355.0021066817058,0.0,0.0,0.0,0.0,69.57352841642432,0.0,80.12689461722125,193.4323190151375,0.0,126.7301464152628,0.0,3244.654296361381,0.0,0.0,0.0,0.0,0.0,0.0,55.651090894192095,143.01067795971701,181.19074396366256
1963,Mic,012_01998,0.0,9.424053245095148,130.04103462494163,0.0,63.18430114008114,176.03132547882402,454.75349041426983,0.0,237.20251575701135,38.943138105198344,141.10708726444403,0.0,50.6706572390696,0.0,0.0,166.60447453260815,127.53181132793331,249.5378188760727,0.0,77.85167807708987,253.01076994971578,0.0,0.0,0.0,0.0,0.0,194.62326996672144,78.3297010179585,17.09352879123527,216.4948483099979,0.0
1964,Mic,012_01999,0.0,148.96503474315915,9.015549042963285,16.419258553057702,15.853138282765842,38.6459576625924,197.35158826184633,0.0,305.1866209146344,0.0,247.8294590115753,10.081395206050603,11.124247738692292,0.0,0.0,153.62081548282558,106.09906045866538,78.26227160152689,48.503194702045114,108.24664357921806,74.06139013087466,0.0,0.0,0.0,0.0,0.0,8.545527485895125,17.19652056831043,120.08695169198846,115.72358308464456,0.0
1965,Mic,012_02000,173.42637397374514,0.0,27.35659874023239,23.487638916705862,2.577023599776959,226.15683744252502,119.2647029036903,379.09506864907326,200.01464958868928,48.920498151881446,40.28617887520002,13.110334572890919,0.0,8.44208182463406,12.202233185142683,223.5587993840394,116.8966354953781,96.68724585749176,31.537951712092116,81.49794501243939,0.0,1020.1574483874932,329.5837863001291,740.6463504596668,11.746458382888994,117.09391350041088,66.67810684061666,78.27115864051608,19.520860981320997,139.7430839939494,143.00256025831663
1966,Mic,012_02001,175.2904492184772,0.0,18.283281275939533,89.90405207723204,18.08421805857467,176.33907255133946,296.636241673709,390.5985778500878,165.7794456766558,764.619922083674,0.0,0.0,50.75924230417287,0.0,28.542986016994597,400.54977863154323,78.44591081406277,190.45643718413544,0.0,69.32247325279333,56.32291032680154,0.0,0.0,3021.7865209232223,4313.866305349579,0.0,116.97811226321474,78.46664105470319,22.831216777104455,150.8684075179432,74.33466419022055
1967,Mic,012_02002,359.1253155581844,62.24763699642098,52.74226097180251,69.9829492794592,9.936765350148619,290.6799697388074,189.18854579093764,121.81296874458693,115.38206952378452,0.0,0.0,0.0,41.83614783571597,16.275944497637425,35.28801441294144,160.48284038191434,103.449131955375,107.92074052256663,0.0,142.8402546851505,46.42176470739262,0.0,0.0,66.41544245794748,1811.7304111014955,0.0,214.2538591564484,10.778798915295443,141.13244952993963,181.33918819099563,0.0
1968,Mic,012_02003,141.21991120136474,0.0,9.206018388941382,0.0,0.0,118.38726467061757,0.0,627.2326230150724,445.19175083120706,392.8594741950467,189.7989694894987,15.441573643070466,17.038900585673055,0.0,14.371996480388123,78.43316283454124,56.42739057550793,95.89883984975832,0.0,209.43197905245307,340.3173032422234,1226.0802906209271,0.0,0.0,0.0,0.0,104.712801587729,223.8877985962247,68.97599998153387,37.982715273003315,224.5744432225677
1969,Mic,012_02004,321.9148432363363,2987.61918907135,3687.266614767417,2939.41967655214,5246.735033934348,277.2947065274671,414.4024314830013,161.85516995782964,251.999949130297,288.32375321267256,222.28003024749535,3029.0954977355136,2115.212631880831,3272.2031342909945,2768.787346683597,793.8960847264137,1480.282424268665,1270.5113308342725,3436.726362754186,2381.1912229998147,2823.113299060918,0.0,0.0,0.0,16.202846717840693,161.5171714057214,375.56271827186515,362.4565598135121,619.314408081621,322.50066287469616,526.0135412388389
1970,Mic,012_02005,160.9408297800465,0.0,22.032381088140617,0.0,19.371109980345903,377.77509175792574,408.52952705624773,0.0,236.76864650948093,150.43427955693474,151.4126610534203,24.637117497932653,190.29963126021363,0.0,0.0,0.0,158.4531848610218,0.0,118.5330881763462,0.0,90.49636153632156,0.0,0.0,0.0,0.0,0.0,62.65119870277045,42.02520475963504,0.0,30.300817802058823,59.71829763596369
1971,Mic,012_02006,363.68855479592537,0.0,5.106463325115923,0.0,0.0,0.0,0.0,0.0,24.694229928918517,133.6540669501065,210.5582317774126,0.0,56.70759101169313,0.0,15.943933595430574,118.08742931227245,97.65465281473841,66.49235966145352,0.0,135.5308510274338,188.76975414217077,0.0,0.0,0.0,0.0,0.0,87.12432319604014,0.0,76.52024997951413,56.18276634131739,0.0
1972,Mic,012_02007,0.0,0.0,8.24766316233234,45.06231842637287,10.8771532381753,371.2206343299491,296.3020413113005,323.82816702312675,162.86247120313033,464.5904091048552,0.0,27.668182426700387,61.0605396382479,0.0,0.0,200.7662753042786,72.79667397400543,150.35243976444758,0.0,156.35825986040132,152.4449749539297,2109.012810314761,0.0,0.0,471.0070426022145,247.116177071845,46.90604992257891,47.19549808968477,30.8977665532423,22.685785778197555,33.53267185867992
1973,Mic,012_02008,0.0,0.0,3.9734182712148223,73.81180364733234,136.24543615355753,153.2917165643863,276.28516647421003,0.0,201.75711261073855,782.2480926504977,0.0,0.0,102.95846311342865,0.0,12.406221885806163,270.82089051683533,165.61181866173393,0.0,0.0,195.85178993456353,48.96155730536547,0.0,0.0,0.0,0.0,1904.8225685537966,101.68917965738426,90.94816349197615,29.770796344613405,136.6146294013797,807.739892036591
1974,Mic,012_02009,601.83755674051,302.52002854002916,538.2813105063374,256.08524264264787,72.43818438028511,141.26883683384617,121.64974323406939,219.88727571301786,70.83162870367664,308.35983976407465,0.0,294.81727157189994,379.53315814361935,569.5212847744725,365.86191600495033,71.30858181675778,233.42288627986025,381.44636578895467,177.3015940789044,298.5041232713068,135.36430549130452,0.0,617.6233978565444,699.346547450516,0.0,1097.1404500248582,31.23785257449058,94.29184597329879,0.0,166.18767858944304,59.55101949132514
1975,Mic,012_02010,1246.3508675044377,3561.0274268598278,3723.6949531996847,3599.016179980622,1843.4420376534372,0.0,0.0,32.6755567056058,716.0970341292158,270.47779556701397,233.34591919921053,3796.8891035774996,2807.066669646639,3960.7616622951955,2261.6918443942386,447.7044483381667,815.8374724662528,1768.5240595669718,1096.046217942318,1373.2451844362868,767.064397784059,0.0,0.0,0.0,0.0,678.2322781971851,160.92227083828482,97.14917463915633,28.26722077165313,194.57235096560134,0.0
1976,Mic,012_02011,89.15187043832451,537.7575943010311,558.7021782433886,717.2013891619852,529.3698353965067,139.51030359525058,331.0708972720698,75.16733874517783,528.996173083112,277.7728398457923,0.0,254.75392865082225,823.2404913675394,351.5198801253228,796.0058465569323,26.40784617072876,348.4356247255099,409.6591519723079,525.2835608810695,370.1992658769502,534.7170905714602,0.0,0.0,286.8816414884785,0.0,0.0,123.39599855151467,46.55904427727202,121.92438171009721,186.49880943175899,0.0
1977,Mic,012_02012,279.2928605932283,837.3231931999999,888.496170306521,660.5207020146499,590.6839580914947,93.65454921018215,0.0,214.4572331747866,666.2168475530701,265.20385526347883,0.0,635.2121436235783,673.962084447235,692.2036785234768,886.8202396477931,0.0,410.67823424982487,180.17762528875204,528.9415243969544,303.7444301577824,179.48024906367954,0.0,0.0,781.0443699639125,43.779279432605776,0.0,41.41843405419922,52.09252400567575,63.66030081861158,105.16662668903982,29.60962946852796
1978,Mic,012_02013,37.88094902591507,684.2953042264957,959.3736320429362,670.5570914528095,444.54296027623565,416.8014442122569,265.43165001712396,34.933140623447656,289.0925606224025,378.66891379381946,0.0,862.5841699854701,807.8410320651998,1064.204648657093,694.8919686682865,176.2014430242799,392.0257984578098,528.9494687250306,836.9807482468611,512.0409956172233,639.0090189804391,0.0,0.0,565.0435563164716,0.0,517.922830623305,184.32914659658078,160.73772531205867,64.75763304051443,115.89436759332912,140.5600922869625
1979,Mic,012_02014,467.0782777312219,78.26061607883362,104.20145451830754,93.1614452684361,0.0,0.0,0.0,557.8996138387564,259.5876537455396,118.57903356379958,0.0,0.0,0.0,0.0,0.0,0.0,181.15645739545675,148.01777455071394,0.0,143.66831413260064,0.0,0.0,0.0,0.0,0.0,0.0,161.6219328854078,162.61927059163125,70.9753043288247,195.41831770893006,0.0
1980,Mic,012_02015,8.184990771670934,41.142723881443956,22.410079049651596,0.0,0.0,480.314045235077,352.04869879180455,0.0,186.64134163418797,68.0058457425635,0.0,25.059468083611495,27.651701521892267,32.27287280388678,46.64739429063116,254.57163708582527,150.1806939111347,19.453764655236686,0.0,56.64636385799682,184.09545546817412,238.77037888206402,0.0,0.0,44.905032332301346,0.0,254.90087700784318,21.37281842061439,167.90729138361957,51.367100654918765,0.0
1981,Mic,012_02016,419.4807770481355,0.0,0.0,0.0,0.0,600.3925565438462,750.2677187366326,474.44908336539623,0.0,1498.2537890158521,962.5519166967433,0.0,172.82313451182668,0.0,0.0,0.0,247.24870339028277,194.53764655236688,150.70635496706876,318.6357967012321,115.05965966760884,0.0,0.0,0.0,0.0,0.0,610.7000178312909,53.432046051535984,69.9613714098415,231.1519529471344,151.8550997028791
1982,Mic,012_02017,286.4746770084828,310.3438223815816,288.4975693748251,88.66399618651158,35.669561136223145,463.7514919511088,0.0,1540.8440450362084,406.9154945528458,0.0,371.7441885173629,665.3720835993397,433.84566180899935,779.0003780248531,422.2393448720925,142.64790009119517,375.7675057911066,704.3604444137422,436.52875231840596,666.5714367772903,1110.9208519631197,0.0,0.0,0.0,0.0,0.0,333.2755719499099,180.56346596725953,112.58151721123917,272.7770172709479,146.61871695450395
1983,Mic,012_02018,594.7571148965039,1634.9428013008926,1691.7412615913458,1490.2607663528722,1679.2875567217857,145.42380262307694,648.2716481098732,151.48342863034827,83.85214868597015,128.68753249295645,0.0,1972.6743906649187,1573.9463323014804,1719.7309383386032,1730.1098877256152,256.00305200023513,790.7332299249655,671.4577938961452,1314.117697290703,621.7134441594591,1114.7648687519195,0.0,0.0,0.0,13.595814287461481,0.0,83.6071936552542,51.768072299066006,67.78264358046927,124.41858290118729,73.56302407751929
1984,Mic,012_02019,844.0771733285651,2198.564307414662,2955.329174672804,1918.238520670084,2247.394670398345,180.1177669631539,385.9550283885562,280.3562765340978,90.31032659718774,446.28836268557296,96.25519166967433,2646.906316331465,1970.1837334348245,3408.822189910541,2390.678957394847,1073.9740939558253,815.0049852494506,753.8333803904216,1054.9444847694813,1035.5663392790043,1380.7159160113063,0.0,0.0,0.0,0.0,559.5416295126777,119.48478609742646,333.9502878220999,233.2045713661383,173.36396471035084,75.92754985143955
1985,Mic,012_02020,0.0,520.6594706071163,291.70144217521704,224.30606932400315,470.1896695229415,277.86762947483794,325.5293820964728,12.476121651231306,0.0,1155.6778537863322,0.0,398.67335587563747,239.95278180154446,186.70256993984086,134.93047935306535,26.298722839444757,349.64463105696547,168.81366023139273,871.8549460904804,409.6327964937787,1065.0150316340653,0.0,0.0,0.0,0.0,0.0,61.44304886552693,92.73330306464922,107.9293884008574,208.0155315777702,614.9504037554608
1986,Mic,012_02021,137.7282101002321,34.61527249640718,39.10590717353733,21.366086450453295,44.205866365404745,179.6046109319198,200.7003143070134,48.38495896791628,592.098686842673,489.51857445568544,0.0,18.741055190735093,124.07814785464478,72.40708641897673,43.607339748186185,227.78177997796863,150.6659556905015,87.29253370939539,0.0,100.6138674294014,0.0,0.0,0.0,320.08553517927464,0.0,0.0,182.68803952218104,135.86353590027312,76.73825638971218,338.05698721613203,272.56043536414194
1987,Mic,012_02022,284.97480958959017,424.0823960292817,328.5247190524841,560.9196966424162,153.44758848305418,176.03132547882402,0.0,173.881863013496,0.0,186.92706290495204,0.0,183.6819650107649,177.34730033674361,266.1244746917365,42.73975916680866,0.0,161.0928143089684,71.29651967887791,110.46539107533835,220.57975455175463,0.0,7729.826401853904,0.0,0.0,0.0,0.0,389.2465399334429,0.0,0.0,84.71537542565136,55.65370146178815
1988,Mic,012_02023,66.23691953953359,0.0,26.447347626033913,0.0,0.0,48.586680876380626,294.81951820075545,8.726073524849642,82.2189389540871,8.599005061379057,155.78874952317233,50.6983458338961,55.942748743712684,0.0,0.0,0.0,79.66373337665928,9.839331834296013,121.95889997335043,50.138580726911925,46.555931657413986,0.0,0.0,266.4295784151188,0.0,0.0,193.38578096693305,108.09951513316528,18.872046237722177,171.4711018971999,61.444259995384606
1989,Mic,012_02024,9.123397356958048,0.0,33.30584996763506,145.577120419467,32.94322525319972,214.15275902200884,0.0,0.0,154.35204439646733,56.85202072427681,0.0,55.86505623735047,0.0,71.94589478573485,51.99550319019397,30.40266366470843,118.40407357449256,0.0,0.0,189.42255430221869,0.0,0.0,0.0,0.0,0.0,0.0,165.73968913726532,95.29282098363105,0.0,274.83034745306855,0.0
1990,Mic,012_02025,26.34249903526278,8.275835263508842,3.005183014321095,0.0,3.9632845706914606,38.6459576625924,141.6287868702662,135.34440936128857,297.92027279761925,3.419834196824314,123.91472950578765,0.0,11.124247738692292,0.0,28.149289658139494,51.20693849427519,101.67826627288767,70.43604444137421,0.0,125.33821888119986,0.0,0.0,0.0,0.0,0.0,180.08236352132155,153.81949474611224,25.794780852465642,7.505434480749279,136.38850863547395,73.30935847725198
1991,Mic,012_02026,153.10404353184944,179.57186492197928,145.94053854583086,149.2943509289902,53.23604334266083,39.93109639721543,585.354131007751,225.9037419176633,342.86462077079585,392.22492682580054,0.0,62.499861016133195,91.95340173550873,147.56598609853216,106.64635868107482,68.02686264169915,140.07932170611602,105.12426268566144,300.696765254959,82.41305905706189,306.09695683544396,0.0,0.0,282.83092419641366,0.0,0.0,141.2752287454396,142.14701087344488,23.265064126788147,55.51551258429462,25.249066458911013
1992,Mic,012_02027,252.77177383101417,190.2807136034386,179.42710350211246,186.3228905368722,85.2460952417268,257.96918030528434,511.4455332328215,256.1061664450116,294.6185135935536,211.79356796956716,206.788647065285,190.66986585356577,231.02018321785528,240.73967351577946,205.30023275821262,108.51305928637052,230.61244350190876,232.18474439327673,143.89694591911083,202.82585524602442,357.0478782524264,0.0,241.67872090038696,379.8457501871699,0.0,333.9123108771307,301.0604632179165,146.67620484735366,38.96683374915866,194.6519713649735,181.2422332344678
1993,Mic,012_02028,169.46389344163768,0.0,0.0,20.119373156563665,19.425676487332794,189.41962347298812,0.0,306.17456852261165,124.65369023273797,71.23851798736845,379.5979389789974,12.353258914456372,81.78672281123065,15.90916264980334,0.0,192.7214858220156,155.28817886379784,95.89883984975832,0.0,104.71598952622654,0.0,0.0,0.0,0.0,44.27256708818443,0.0,293.1958444456412,189.64613528150798,36.78719999015139,162.0595851648141,89.82977728902706
1994,Mic,012_02029,0.0,0.0,78.04505141669709,0.0,0.0,167.27354809181787,894.4064079083851,540.7560787339659,47.17703628211299,399.66122031543847,0.0,0.0,0.0,0.0,0.0,79.15784735255761,79.72825335046892,84.68678643448807,0.0,98.63794701641238,160.28211296980336,0.0,0.0,0.0,0.0,0.0,295.9048323474133,74.4327009673138,48.72931341979009,268.3356004361428,0.0
1995,Mic,012_02030,0.0,64.94824324068152,67.38425831080806,0.0,26.660238993568846,173.30919157966696,583.0787980665344,521.3604032295474,543.1033386428815,176.3682532949859,555.7000756187384,0.0,24.94354518727395,29.11212752927931,0.0,0.0,198.25211039312478,386.0669789827899,0.0,140.5209412714483,83.032744090027,0.0,0.0,673.1695791399178,40.50711679460173,0.0,153.2909054170878,212.07564669939538,0.0,222.41425025841113,54.79307721237905
1996,Mic,012_02031,0.0,87.94759787360782,42.581583427676755,0.0,190.93478436653652,164.2767907155801,144.7522283706357,476.97797987134146,223.07925408100112,179.290656019177,0.0,0.0,31.524741148737114,0.0,26.59053420475718,222.8538353967933,162.86378580177873,77.62495668620502,0.0,56.50797697560758,157.41060931724988,0.0,0.0,0.0,0.0,0.0,36.325450713658434,121.83202682760647,0.0,58.561841137529534,34.62494130033074
1997,Mic,012_02032,0.0,0.0,255.26273473715577,50.715106299977045,10.201353776631866,497.3666148883934,0.0,509.15864513930364,729.4295609772855,721.8076082883034,0.0,0.0,57.26683747137452,0.0,24.151757398995425,320.09747266708797,204.8214110925419,241.73317027217183,0.0,117.31495473549639,285.94708319760775,0.0,0.0,0.0,0.0,0.0,197.96295921467112,132.78970024642078,38.6374437766383,393.61180679360825,503.1884960568775
1998,Mic,012_02033,427.57414478878025,564.1772771056214,1105.638228403209,1272.1249425212318,506.05820152634993,250.91032213772678,597.9458569724598,0.0,414.10954069854733,814.1247080499672,0.0,959.9895733522814,746.3207997824157,1095.8326213260063,1076.2551792179206,7.915784735255761,794.0934033706703,1083.9908663614474,1469.5744066440534,1146.666134065794,1121.9747907886235,0.0,0.0,1089.246298819024,2893.135167678122,0.0,351.3869884125533,223.2981029019414,113.70173131284356,232.5575203779904,0.0
1999,Mic,012_02034,458.3594832135724,0.0,235.30583002134176,257.12558894088363,17.240287882507854,504.32974749683086,1474.5646318246895,603.8442879195952,811.2877672647364,1100.8446279577468,808.5436100252645,43.85406914632012,387.1238213064918,225.91010962720745,367.34823003872043,715.9827293038835,320.507578468885,340.44088146664205,632.9666908616888,223.0450576908625,966.5011412079143,0.0,0.0,38.41026422151296,0.0,0.0,297.3843565091504,187.01216118037595,195.89183994755618,71.91394091688626,106.29856979201537
2000,Mic,012_02035,670.8584208426495,307.5939404111119,297.8554810396731,189.86066693947103,665.6060511601133,106.39868090650441,0.0,563.7153953679765,366.76662172908516,56.492197808300375,0.0,471.8475794224317,490.03015355252126,250.21689357443864,206.6656709078596,0.0,271.8228830052569,667.9536281940445,667.6863827654944,548.9857256807445,407.8063886953225,0.0,0.0,680.6882267103562,0.0,495.7963805808537,70.58173018413379,118.36212732935185,61.99108859099879,34.13636435928145,67.27757581773125
2001,Mic,012_02036,0.0,61.01675151909062,22.156857817452142,121.05724526406951,87.66248075851452,0.0,0.0,0.0,0.0,44.12455563275439,0.0,37.164465378237395,41.008879375687684,0.0,34.590228817205315,47.19283526485108,105.93047084988572,72.12730539547502,0.0,189.0212353312394,477.7901121790536,0.0,0.0,0.0,0.0,0.0,63.005160277362364,110.93941764937554,0.0,106.6520310208059,45.04176686102346
2002,Mic,012_02037,89.29080841822838,163.63583361937938,152.7959935203518,107.59945280354438,214.94384892477322,87.32982640637763,57.712901441279435,50.97386846074505,90.31032659718774,320.7093861723165,0.0,182.25067697172,125.68955237223757,293.38975276260703,190.83024937076385,107.44906760116002,234.76139513824825,132.63930446752286,383.6161762798113,167.36425685317244,418.3987624276685,1302.3838848112582,0.0,0.0,0.0,0.0,154.48538000475344,38.85966985566253,76.32149608346344,79.38551919396535,110.4400725111848
2003,Mic,012_02038,248.3550627291282,0.0,52.7118794850676,5.7599818311129845,76.46901883370418,271.1450255359306,0.0,292.18271996109445,152.9449079468502,179.95498495386005,0.0,35.36618479541945,39.024578760735054,22.77319653500075,49.374762101978554,19.246847561932352,103.38954144157582,137.2745489784847,340.30467250628425,109.92363954298779,64.95303368332758,0.0,0.0,0.0,0.0,0.0,164.88043959680715,30.16325180328644,26.329548380047875,210.23228695460702,85.72465305807691
2004,Mic,012_02039,0.0,200.42761633894006,120.36819760787169,134.58869751842587,191.96894430201462,359.9784064930984,144.90016475353346,349.11768252310645,439.9485931661715,503.3087887531801,57.71189222164628,75.1247437196062,165.79178642676308,60.46844476102983,139.8422955179521,129.4663036571381,194.9125316598787,160.37900197572,135.5389059661004,201.6586293659951,137.9730394301091,0.0,741.941597853365,0.0,0.0,0.0,87.5596338758205,40.04543065960941,69.91143467079094,127.0428292428933,45.52401275889309
2005,Mic,012_02040,279.2928605932283,15.041734009580834,29.131021977262986,0.0,24.01154301184938,93.65454921018215,0.0,0.0,531.2125524542101,327.3610088408567,75.07368709612483,48.86247258642911,0.0,15.731901784624474,34.108470755684344,22.159787350785624,92.84899209126475,85.34729618940887,0.0,34.51641251792982,0.0,0.0,0.0,0.0,0.0,0.0,124.25530216259763,250.0441152272436,36.37731475349233,140.22216891871975,0.0
2006,Mic,012_02041,534.4676809859752,49.253571810808225,126.82320855213278,113.70949206893692,81.48394770339533,418.18387022954465,394.4432753977991,0.0,456.0446840604256,432.9663220083917,0.0,141.81664151795064,240.74864509110185,238.83531490438597,152.3002612100831,87.07363208781337,274.2651915256131,110.09282236483449,367.39360166101335,209.6056374098763,320.56422593960673,0.0,0.0,0.0,0.0,0.0,277.4107803257,120.95313907188493,32.48620894652673,465.1150407559808,79.3272908895637
2007,Mic,012_02042,41.96406401491446,24.60929529041448,10.212926650231847,2.7899911994453515,0.0,164.16983967995796,0.0,5.896916874214797,207.84310190173085,127.84302056097142,157.91867383305944,8.565247880140648,56.70759101169313,33.09230121492296,0.0,146.0555046757054,83.8828428024035,126.33548335676169,247.25261361784717,91.96736319718723,31.461625690361792,0.0,1476.5059355008016,0.0,0.0,0.0,43.56216159802007,29.220650184433737,31.883437491464225,31.602806066991032,20.761439412503
2008,Mic,012_02043,240.04059474611878,69.23054499281436,351.95316456183593,266.8580593403554,198.92639864432135,646.5765993549114,410.64949102448827,804.5727462664937,442.86794773620903,126.69358281366998,0.0,421.67374179153967,319.0580944833724,108.61062962846513,190.6263708992139,157.35884160524913,271.1987202429027,308.6414584725051,231.8559307185673,217.87063022306472,354.02972205418104,0.0,0.0,1255.720176472539,237.4785363727475,0.0,132.76087344158498,195.23247595753529,71.75525272804256,93.84374158110157,29.202903789015213
2009,Mic,012_02044,0.0,64.96794243487037,33.30584996763506,6.065713350811126,29.282866891733086,71.38425300733628,379.5450365485415,51.28189281695076,123.03423828703919,123.17937823593309,0.0,46.55421353112539,30.821960295102844,83.936877250024,25.997751595096986,20.26844244313895,62.604452694559285,93.96457450247019,134.38783245471097,110.49649000962756,34.20032346807906,0.0,0.0,334.35686477325504,0.0,0.0,55.2465630457551,55.58747890711811,62.38593628903063,34.35379343163357,45.137396939284656
2010,Mic,012_02045,514.6833180152402,91.52512727863594,177.25486253961714,167.0589984644159,207.46787112848432,370.4116789524747,116.40398765275003,197.01699224495266,230.36786699791108,121.02735259269775,137.04128983479058,156.09075458859704,237.85150037898862,239.3115568084825,172.95114408602657,188.7713410594043,296.60531837968,213.496823970606,286.08663993748644,205.82312291623845,409.5343818677603,0.0,480.49006714602353,533.8375705362818,13.319289251106332,0.0,132.31083658246095,164.82427765050085,38.73567456590094,249.87047267731668,378.35084163259705
2011,Mic,012_02046,0.0,0.0,47.9098548618206,0.0,0.0,0.0,343.7090334526458,102.748373598884,0.0,0.0,0.0,0.0,25.3353286195348,29.56938607685961,0.0,116.6231321728257,100.68300894310525,0.0,110.46539107533835,51.90111871805991,0.0,0.0,0.0,0.0,0.0,0.0,175.1609429700493,58.74727576346888,51.28058637370581,47.0640974586952,0.0
2012,Mic,012_02047,494.2374619315677,103.51404171449559,66.82451686797067,68.4572920502885,11.01615839137882,375.9646679955075,416.2519968168956,260.4440219461513,302.95796462315366,622.6174175911615,172.21376145373043,210.16327066926578,61.84086602340124,72.17575387450717,91.28284026521274,91.4993903263749,276.4761858996772,315.4244588668568,0.0,245.4524951514639,463.1794606427704,0.0,0.0,184.07474866539758,1431.0789057977827,0.0,130.64009271568108,155.34556519775637,41.72350158627395,338.89157460832985,339.6120440639469
2013,Mic,012_02048,974.8096648205316,974.9968419821355,1098.4569997138253,416.6386857838392,203.53117639071775,350.2289913172437,1521.977383494852,0.0,665.8296069723215,733.4831886730482,561.4886180731003,609.0842936988906,873.7169578097904,823.6306080158605,963.7222084349148,99.44204573665048,796.8174520268113,756.5352921480934,879.1204039745678,705.6209386825125,894.9084640814021,483.62055907825464,0.0,3067.4863788013818,54.572087903838444,1087.9976129413178,258.14614280308194,415.5825804008354,204.053999945371,674.1931960958087,221.45535373336537
2014,Mic,012_02049,401.0645478118758,691.1977612082585,334.65718047479714,171.41705929392242,248.26014550811308,0.0,113.1172868249077,881.612660362609,615.314358548839,0.0,215.6116293400705,210.4995319023366,774.2476426129836,497.00224117985636,424.49128804474356,190.92872781436895,1220.4928588095142,1334.5282553492366,2531.866763446755,1011.1375948652433,2061.86910124355,4902.751779711714,0.0,0.0,0.0,3133.4331252709953,237.90748520732026,29.921945788860146,130.59455996503746,330.8041282176768,85.03885583361229
2015,Mic,012_02050,163.47739720592764,0.0,10.656966939372362,81.51626460988157,14.054582512914012,137.04612703718232,326.595427313762,139.4749034596891,171.78594733160708,149.57128097251993,146.47529167124355,23.83373323169572,26.29917264310406,0.0,0.0,51.88280647129591,116.7065638989962,194.27332909781202,0.0,114.48568782441613,218.86348306338638,0.0,0.0,0.0,1195.8405349362858,0.0,90.9123372480419,111.80074853174649,88.71913041103089,166.10557005259056,57.77096184348662
2016,Mic,012_02051,0.0,0.0,0.0,0.0,0.0,164.81364297282053,415.8723780327488,0.0,72.30728763500325,0.0,528.4598758335061,0.0,94.88328953590484,0.0,40.01614706304144,77.99376136207881,131.97370878130562,200.25934203920121,0.0,72.89054172904004,0.0,0.0,0.0,0.0,0.0,0.0,145.77664534762272,36.669051211838415,0.0,158.6336931990138,0.0
2017,Mic,012_02052,45.352191610841594,0.0,48.28908854146562,18.845323141372294,50.037774856882955,177.42471327944796,343.7648416983861,27.88199218626099,375.3001698959648,86.35306929712054,0.0,57.85497248854897,0.0,0.0,10.769517151530941,16.79232434603069,118.39330075367785,44.91304504836966,55.66989365538159,52.31194551530049,0.0,0.0,0.0,1084.4058764384927,0.0,206.69083939782288,107.89010295516668,118.42458755485546,51.68650130542379,166.0282277104894,0.0
2018,Mic,012_02053,384.45604659880735,135.27563546141948,186.46423135638022,173.08215342816806,89.90334171859922,206.26983537702694,404.3001186089628,141.23658574806484,772.4395521323878,378.75188244276643,0.0,147.97385294770592,178.12445765636124,60.63538218521672,150.24467486246235,373.365226937608,216.29345786243778,146.20160553782173,32.360260269002495,235.66451221597603,197.6484951345428,0.0,0.0,553.7676130095426,0.0,120.14697566223141,153.937454481347,68.8388323363347,105.15666254853477,333.6498025668419,114.12423137179564
2019,Mic,012_02054,35.2485620480236,88.59031708252755,131.60281321104125,258.85126403444656,138.8479561007344,225.65089373459992,210.1291881335174,344.4749293501046,164.996495274504,89.85671731924288,60.2940797930846,206.02582820418849,140.732932801577,164.25231684304794,173.49282552164274,28.475574618101263,169.216529124512,83.77739812378215,141.60328654623908,166.32741065686986,288.2926595698477,0.0,0.0,0.0,791.1121467938997,350.4958753099547,216.2190511531854,75.30691054243326,175.2947113624664,349.91682660901034,0.0
2020,Mic,012_02055,78.33291949450701,14.062454451665415,76.59694987673885,11.159964797781406,161.62769889851114,197.00380761594954,536.5496305868948,719.4238586542052,201.66954441950125,307.98545862415847,105.2791158887063,137.04396608225036,37.805060674462084,66.18460242984592,111.60753516801402,441.2740779563866,282.94809661706256,305.86485444268624,164.83507574523142,125.85007595404566,314.61625690361797,0.0,0.0,0.0,0.0,305.9993286397456,406.580174914854,102.27227564551809,127.5337499658569,421.37074755988044,0.0
2021,Mic,012_02056,100.80532824357412,147.299031899605,104.83711284820646,98.1930781552747,81.8278802934088,275.13897844889846,236.37730909460194,51.88514748899959,398.3409659237658,350.6029690492226,44.11039880116009,287.09701568785675,324.71515289619805,184.8691568144087,213.76874634004463,382.79491255745006,416.50248331308467,206.15896259027423,517.9760154350971,304.207661880609,263.6391547211986,706.6717432816134,0.0,0.0,25.723013610974586,0.0,316.36633671186206,122.43022008535249,21.373905067927573,173.60566751621477,139.17979678168953
2022,Mic,012_02057,0.0,0.0,39.85532351309988,52.261298565220244,0.0,512.5302311959663,597.3637207108038,0.0,571.7818442078045,480.7577890718571,0.0,0.0,88.51916645727708,0.0,0.0,281.3482269622306,160.2537892344425,0.0,0.0,60.445815092374666,0.0,0.0,0.0,0.0,0.0,955.3149772167669,0.0,45.61272223911609,79.63082924697407,76.73743695399449,0.0
2023,Mic,012_02058,312.5178294637994,7.272703716416862,87.15030741531176,54.830372501422985,34.82886440910678,67.9231983160715,324.4164611320404,6.099437251713083,63.855786482860005,291.5149574444483,163.34214343944737,0.0,29.327562220188774,57.04800748161804,0.0,125.35724553468668,129.49801150257983,68.77593564982668,127.87205875993713,80.10596909211672,65.08425193319289,0.0,445.43748087835627,744.926336417221,571.518593320199,158.25419824600985,210.27176722869214,52.89232841465178,0.0,87.16841323258942,322.11687815762235
2024,Mic,012_02059,146.26347945855633,45.95055539135742,39.12557815300088,47.7835112468387,4.552892926718624,236.77452934123514,103.13132916003278,289.6964233417072,425.7146117323417,382.3832215498454,142.34922711712403,27.022753875373315,55.37642690343742,4.971613328063544,3.592999120097031,291.3231762425817,157.99669361142222,164.82613099177212,55.71889884345852,128.71340379265342,99.25921344564847,0.0,1358.6627387706908,37.19303753843685,124.51659493551868,206.87278555926466,153.79692733197695,88.89662591320688,34.48799999076694,151.93086109201326,84.21541620846287
2025,Mic,012_02060,324.1136856665315,26.277287150557278,76.33603569224388,20.853656848409056,138.4256691296251,306.76991940196524,482.8716297596098,341.5907468158294,838.2819853242607,1232.4508312606456,393.45187835779296,64.02053889973742,141.2860661702525,226.73459907840163,89.37913139628235,180.01187841379067,240.9655516955851,260.92184345983515,77.00324706346579,316.5684111589695,58.78960712943518,0.0,0.0,0.0,86.04066414035843,0.0,189.9352641938004,273.0104542779211,71.49337224363364,282.14411126150634,116.38529539271757
2026,Mic,012_02061,39.350917171494885,0.0,186.75065874709662,149.12656257255153,18.94537129945918,369.4723424885208,643.7208237681167,0.0,341.5582864893638,801.030394563849,0.0,96.38256955235192,159.5290472416862,372.379301583309,291.5462143164448,0.0,461.3900305431202,336.6997728790965,695.5677921557019,299.572116556714,885.0743051354526,0.0,0.0,0.0,0.0,0.0,204.24749760243841,0.0,35.87762636402128,227.20063751214067,116.81161515606085
2027,Mic,012_02062,181.39226273462882,86.46260204342752,114.17070840433855,31.18942126890874,15.057019984723016,293.64177437952304,458.678954686151,448.26868535515797,1007.6108491520289,467.7257949543123,117.69193741270225,38.300497071021944,21.131212953411122,24.662675723494264,106.94271616847759,465.5103625750626,218.33704035434963,371.6603509461158,92.13488949951801,151.51047101756794,211.02645004539616,0.0,0.0,0.0,0.0,0.0,48.69831165542856,212.32821793405128,71.28524015558814,78.50866912323828,417.76730485944904
2028,Mic,012_02063,0.0,145.3411441464053,162.39187717138836,141.9602975519026,653.2034539335274,313.2482903707024,501.85131688069066,0.0,242.13638290550335,674.5145026096651,0.0,136.19276132397553,390.73056498326036,175.39604784721075,101.40737889267645,395.2975731146355,230.92471492168116,274.8901527370402,524.1960172767608,354.03977411248013,700.3631458028365,0.0,0.0,0.0,97.61963550500293,0.0,92.35539022023303,69.6939731106991,0.0,122.83437113132749,0.0
2029,Mic,012_02064,32.85260057436729,0.0,0.0,0.0,0.0,385.5732014501765,264.0762348058543,152.3460359430171,173.99237234320572,423.0868270107878,0.0,0.0,0.0,0.0,37.44630275624061,87.58198523594905,135.2600789868689,78.08277097858762,193.56779537054703,181.89199403943934,0.0,0.0,0.0,0.0,0.0,0.0,170.5185530442376,51.47123702212181,89.85864217777807,82.47011573037416,48.76081183119971
2030,Mic,012_02065,399.58914175002957,1375.1028421748706,993.0646617495825,944.142601261232,680.7323970775634,324.6758031095478,856.0953459503091,557.195372973017,386.62897330770284,335.19512218873507,0.0,846.9670006800023,996.8853767549144,860.4945162838911,989.7556031086173,170.71595834618108,540.5986194775614,452.94709551355805,407.4892859624606,377.59177625301,414.8073567415941,3108.4555762901036,0.0,0.0,0.0,168.10263547591177,374.92126491228714,128.42036819253283,14.012291841742217,185.18611394906335,68.43255566009573
2031,Mic,012_02066,42.1286289718357,0.0,27.962665480848692,15.277812771294332,27.658215854290674,89.89835071244757,248.44323882475908,892.0426980630384,543.7132407878815,127.2836685021242,72.06271034093265,46.902747750074994,38.81589117377926,0.0,10.913494653556757,157.40559111255905,106.26454473299933,191.15664467378292,56.41414357056049,159.03390922699643,0.0,0.0,0.0,636.7476956507496,0.0,0.0,109.33248401071705,40.002601322005546,26.1887486560904,100.94871385391787,0.0
2032,Mic,012_02067,361.052795403253,0.0,0.0,88.54186947000125,0.0,277.86762947483794,208.6726808310723,0.0,0.0,362.6861349648596,222.7392865083373,0.0,0.0,23.337821242480107,0.0,105.19489135777903,92.70880368934692,42.20341505784818,174.37098921809607,71.68573938641127,0.0,2474.8582659607873,0.0,1714.1770809600823,0.0,0.0,153.60762216381733,30.91110102154974,40.473520650321525,245.16116221665771,43.925028839675775
2033,Mic,012_02068,378.50281159151865,0.0,3.3866699772789546,0.0,84.86152066519409,304.86254166475095,350.6133520202079,617.923558881451,267.499499333639,666.7347732694657,0.0,11.361157809927493,87.75475223916588,0.0,52.871075135106565,140.14630279983902,254.08113733543738,123.47596737132095,0.0,231.13477480918394,459.04631059097824,0.0,0.0,39.80338261296679,1649.0384282652115,0.0,125.1941915355879,251.93348138288985,135.33115022283675,428.50275675864873,275.3848958342367
2034,Mic,012_02069,0.0,44.11750416208758,57.67299755425043,28.009323414039606,33.80448604413304,82.40682148641027,0.0,0.0,284.0643442803699,7.292293507934199,0.0,21.497092718784373,0.0,27.685062454314636,40.01614706304144,0.0,75.41354787503178,50.064835509800304,103.4259298793609,60.74211810753335,236.88753460978293,0.0,0.0,0.0,385.21473814474194,0.0,36.44416133690568,73.33810242367683,208.05505876782928,185.07264206551613,156.3214261647285
2035,Mic,012_02070,0.0,199.9993522014637,90.78157022428309,119.03962450966834,47.88968856252182,0.0,266.5213851281307,104.83407776381861,0.0,0.0,0.0,243.63371747955622,470.4629772821948,470.64606172334885,453.51633338113635,0.0,240.38068385166378,189.13382303702335,0.0,172.10266797134452,671.1813480610516,0.0,0.0,0.0,0.0,0.0,0.0,103.89564510020885,0.0,0.0,0.0
2036,Mic,012_02071,173.34454978220293,0.0,58.28523744336137,9.098570026216688,32.94322525319972,0.0,366.67910310621807,711.5362628351918,174.48491975252827,0.0,0.0,0.0,30.821960295102844,0.0,51.99550319019397,314.16085786865375,44.91188997653166,86.73653030997248,0.0,47.35563857555467,0.0,0.0,0.0,0.0,0.0,0.0,260.44808292998835,47.64641049181552,0.0,332.08666983912445,135.41219081785397
2037,Mic,012_02072,455.9804547539864,74.74024234518367,0.0,59.313861347378,5.9654975371999495,232.67808419692312,265.5991658024278,266.40189172923317,433.84372581001946,118.39252989351995,186.51525029417866,0.0,16.744109918100854,19.54239702657504,28.24669204449984,165.16325935499043,332.7068288604343,58.899806482117995,0.0,171.50715700950593,0.0,771.1154104611064,0.0,1780.960347987106,1033.2818858470725,0.0,308.70348426555404,64.7100903738325,22.59421452682309,317.2673863980276,147.12604815503857
2038,Mic,012_02073,128.68979631240435,14.062454451665415,0.0,11.159964797781406,0.0,98.50190380797477,203.17872040606676,153.31983872958472,144.04967458535802,470.69475751994025,0.0,8.565247880140648,37.805060674462084,0.0,7.971966797715287,96.33448180738017,123.94629011101414,159.58166318748846,0.0,106.48852580726941,251.69300552289434,0.0,0.0,105.0280662306995,30.69679944590912,0.0,137.9468450603969,36.52581273054218,70.14356248122128,77.25130371931141,0.0
2039,Mic,012_02074,247.43255522868085,73.43726213647494,12.482465905838923,24.799921772847572,52.37934686525824,189.7073702968403,425.2068150892875,300.08754759893077,276.209534760496,210.4890136508924,163.76751360465423,11.4203305068542,58.80787216027435,24.512815714757753,3.5430963545401277,196.12181242506068,156.3587318572165,156.62644720253496,18.315008416136827,178.55651802026992,69.91472375635954,483.62055907825464,1011.6799928431419,6.668448649568222,109.14417580767689,135.99970161766473,232.3315285227737,194.8043345628916,73.68616664693954,191.9577849995011,203.00074092225157
2040,Mic,012_02075,2300.82024054057,127.55864195526425,185.2801811191667,123.72622389981277,352.95077554740493,397.11003739907943,1876.8053775786148,1569.0442127044598,754.9564047560181,281.1265276759515,212.2161706103056,310.7768679660481,228.61642990540852,44.470494021103825,96.41685827787938,889.4973539908264,565.304705330947,643.3528468660952,166.13298972747734,761.0461286039928,0.0,0.0,0.0,2480.0328080031986,0.0,0.0,497.59193510389326,500.6624787506127,128.53795272149355,580.4077908646332,83.6996612535554
2041,Mic,012_02076,0.0,0.0,0.0,0.0,95.77937712504364,466.97198842299156,617.2074181914605,2830.5200996231024,0.0,2293.426308245306,0.0,0.0,0.0,0.0,0.0,220.98232385922333,258.1866604332685,141.85036727776753,0.0,344.20533594268903,0.0,0.0,0.0,0.0,0.0,1087.9976129413178,413.03382848493106,51.947822550104426,0.0,24.970118373918844,147.63690248891024
2042,Mic,012_02077,0.0,0.0,22.69539255607077,0.0,11.972422140630455,233.48599421149578,561.0976529013278,529.412092707284,208.52905273308974,139.46511333924155,280.74430903655013,0.0,33.604498377299635,0.0,56.689541672642044,314.89981149939325,153.57654801634075,94.56691151851167,0.0,129.0770009785084,167.7953370152629,0.0,0.0,320.08553517927464,54.572087903838444,0.0,219.42422138261966,389.6086691257832,22.672666660596782,206.00347658483042,0.0
2043,Mic,012_02078,332.2515583861269,18.556640925909,107.81481329729289,22.08982722859825,0.0,433.2729789491674,244.6848527600636,793.7128526778184,206.37926868429494,475.42746540387503,138.9250189046846,113.02595140804155,149.66127112364373,174.67276517567586,126.23650516794517,82.01405833950557,396.50422078624956,807.2309560549245,543.7858168914852,357.68966869095937,332.130976360108,0.0,0.0,2237.2988953767854,5914.039052011853,0.0,210.77499494849573,250.63485519019454,67.31678348713271,250.2160315407125,54.79307721237905
2044,Mic,012_02079,193.67302107615734,17.746421392524244,38.66527723355381,26.155185103532762,24.282095609165992,142.06471760474108,213.37516377937817,282.7862334271344,164.72094780754665,525.9078827891025,151.83917559159894,0.0,61.340042108422985,0.0,17.246395776465747,300.286966280815,208.5556355670773,220.56733165444413,118.86698419937817,115.18758847884918,113.43910108074111,0.0,0.0,1785.2658018449683,0.0,110.33215229827447,41.885120635091596,52.67948202264111,4.598399998768924,225.36411061981963,164.687925029883
2045,Mic,012_02080,0.0,0.0,0.0,0.0,0.0,0.0,0.0,0.0,0.0,0.0,0.0,0.0,0.0,0.0,0.0,0.0,0.0,0.0,0.0,0.0,0.0,0.0,0.0,0.0,0.0,0.0,0.0,0.0,0.0,0.0,0.0
2046,Mic,012_02081,0.0,0.0,0.0,0.0,0.0,236.77452934123514,0.0,382.7182106532645,44.519175083120714,41.905010580804976,0.0,0.0,68.15560234269222,0.0,229.95194368620997,336.14212643374816,514.6178020486323,0.0,297.1674604984454,34.90532984207551,0.0,0.0,0.0,108.19792738454355,0.0,0.0,0.0,0.0,275.9039999261355,75.96543054600663,0.0
2047,Mic,012_02082,94.59069523864996,0.0,12.33259067197808,0.0,0.0,317.1885204382584,381.1229340461849,0.0,0.0,533.3005591840181,0.0,0.0,0.0,0.0,38.50610377764365,0.0,78.61506641689633,32.11706428930585,398.09225840357783,0.0,455.89676472071426,0.0,0.0,0.0,0.0,5912.137972209425,280.55127972561354,282.2825074420769,123.2024150613561,169.60835121907138,0.0
2048,Mic,012_02083,301.5522915878766,0.0,0.0,0.0,11.342294659544642,0.0,0.0,0.0,214.88312359199273,0.0,0.0,0.0,63.67168113593615,0.0,0.0,230.28684275855903,92.77850955678251,44.79485282455816,0.0,0.0,105.9760023254292,0.0,0.0,732.8274094893919,51.69987275100485,0.0,24.455950370818286,123.03431656603681,0.0,47.3118032347936,0.0
2049,Mic,012_02084,0.0,184.61478664750493,245.80855937652035,12.209192257401881,147.3528878846825,143.68368874553585,517.9362949858411,0.0,0.0,0.0,0.0,0.0,124.07814785464478,193.08556378393797,104.65761539564683,0.0,290.37438733078477,640.1452472022329,180.33239055888566,148.27306779069684,413.03467572987785,0.0,0.0,0.0,0.0,0.0,158.85916480189655,0.0,0.0,307.3245338328473,90.853478454714
2050,Mic,012_02085,0.0,25.861985198465135,18.782393839506845,0.0,9.90821142672865,241.53723539120253,0.0,455.4859930427981,151.38225243781469,235.1136010316716,0.0,12.601744007563253,97.33716771355755,0.0,0.0,96.013009676766,211.82972140184933,117.39340740229034,181.88698013266915,170.91575301981797,92.5767376635933,1881.1172091043836,0.0,0.0,0.0,450.2059088033038,299.09346200632933,182.7130310382983,46.908965504682996,154.9869416312204,61.091132064376644
2051,Mic,012_02086,300.5893052552511,0.0,0.0,0.0,22.022265543349448,245.4159355215722,5.529064462896296,338.83598272860496,376.84236037512636,306.75538311112985,0.0,32.01026944986871,8.830379135640781,0.0,0.0,301.955408952165,125.16171859916314,242.28456892698972,38.501623531732896,58.79127635809433,58.78960712943518,0.0,0.0,0.0,0.0,142.94859148134103,142.4514481453503,109.20418171116845,35.74668612181682,104.98385535311864,58.19264769635878
2052,Mic,012_02087,151.80044026264713,39.13030803941681,7.104644626248241,65.98935706514223,51.53346921401804,319.774296420092,82.33498167573832,147.67930954555317,438.05416569559804,202.12335266556747,73.23764583562178,35.750599847543576,78.89751792931219,15.347154186630942,0.0,393.44461574066065,282.1860201736922,222.0266618260709,0.0,134.6890444993131,175.09078645070912,1551.7911852163127,0.0,0.0,854.1718106687757,0.0,90.9123372480419,60.98222647186172,97.59104345213397,302.8983924488416,28.88548092174331
2053,Mic,012_02088,97.32153661438004,50.174053513956046,6.8323411736742665,22.397699385094388,18.021206845827024,322.1618596088931,399.4155069259278,257.738415575437,692.0120554296701,759.364054976033,0.0,38.200408664041916,50.582380832729754,0.0,7.110883276010848,440.7326905122629,321.6243296133759,136.41359361903775,73.51529510588719,155.43209595182054,140.3166581312303,0.0,658.5113579933889,729.3935191890091,13.690558637896752,0.0,155.42736402917265,123.80596036331508,39.81541462348704,463.5567620078034,129.63240218538462
2054,Mic,012_02089,0.0,15.517191119079078,0.0,0.0,0.0,48.3074470782405,0.0,199.5462445711306,169.54812273035242,265.03715025388436,0.0,0.0,0.0,0.0,0.0,548.64576958152,198.9357383599976,48.913919750954314,0.0,185.15873243813616,138.86510649538997,0.0,0.0,452.534722150009,0.0,225.1029544016519,96.13718421632016,204.20868174868636,9.381793100936598,103.32462775414693,0.0
2055,Mic,012_02090,356.41215684153957,177.46421392524243,12.274691185255175,0.0,105.22241430638596,78.92484311374504,312.95024020975467,467.7667019095456,168.18355031401154,0.0,0.0,102.94382428713644,0.0,79.5458132490167,57.48798592155249,0.0,189.59603233370663,95.89883984975832,0.0,255.97241884188705,0.0,0.0,0.0,0.0,0.0,0.0,139.61706878363864,35.119654681760736,0.0,253.21810182002207,0.0
2056,Mic,012_02091,653.3632984403993,497.3668100799558,381.282594941989,369.6493603194964,393.19954819754753,184.33104806170718,0.0,261.53343610552645,217.193694813412,825.3724836217103,295.5203253016317,403.9190579266327,456.3137148075424,309.63556692325585,411.7450921486633,233.77603734580993,243.19215383823294,253.8374993391629,370.155959568239,260.87141250393273,105.9760023254292,0.0,0.0,0.0,0.0,0.0,138.58371876797028,213.25948204779712,50.118526302371826,102.50890700871945,46.622179733340076
2057,Mic,012_02092,224.58816141780005,338.67486121920336,446.3796233467188,243.88605997102783,444.5231021970666,175.72465069575986,529.621443104424,42.079741318438685,106.46339314302618,0.0,93.90750406797495,504.24539436535326,354.0766658291083,275.5001336917164,355.54416380054244,116.41995598437131,279.1877861227222,373.65462599997295,183.788237764718,177.01988705624007,196.44332138372243,0.0,0.0,66.91683662284487,0.0,0.0,349.7115690656385,123.80596036331508,96.69457837132563,53.24638482522066,203.70806057703294
2058,Mic,012_02093,433.1089484416785,1284.1855638390427,942.980104938403,962.6682677738396,967.6367111921404,299.00973171748865,167.66396268513984,211.82284803503586,347.73640247731373,341.0372204975393,106.5274848518135,996.6833896890936,1463.190332507244,959.8947345820079,1048.6444862765404,286.14153872048047,652.4166122983233,874.6504859814913,1042.4352616299223,734.6675154507988,413.85094979258514,0.0,0.0,0.0,1770.4652075680078,154.8138895884879,198.3541903593641,81.30963529581562,45.16610275470663,330.4346099441908,0.0
2059,Mic,012_02094,798.9145282909832,5102.9537685462565,4120.224929783304,3446.2560600620814,7430.962367840019,166.4454612200762,0.0,234.1640390447275,121.70533562327277,29.45797773502132,177.89738394395255,4255.1473033063085,4040.5250326131363,3634.6923578634855,3556.2864954243564,1444.0429083870038,1652.253589334648,1730.2935889723722,1880.0990817673924,2028.425900525629,903.7689439237923,0.0,0.0,0.0,0.0,1034.1363449739258,294.43995693975285,234.53670379057047,204.72744548974518,106.80288254983108,245.57425364492
2060,Mic,012_02095,0.0,507.2710842200761,154.49372678168902,25.972281711200363,125.3839118727844,0.0,0.0,0.0,0.0,622.0989298041321,0.0,438.54069146320126,263.948059981699,0.0,74.21176364418595,332.6788439189762,297.19793639842067,123.796684169688,0.0,337.9470571073674,439.318700549052,0.0,0.0,0.0,0.0,0.0,236.5557381322787,102.00663337111415,148.40290905117894,392.2578595466524,0.0
2061,Mic,012_02096,0.0,0.0,0.0,93.81033095687297,15.43906377538017,250.91032213772678,268.32192237251553,153.214222307957,176.1276021198885,235.356051963536,0.0,26.18153381869858,14.44491870546611,16.85896340501548,48.73608358722659,132.9851835522968,107.15477250303023,91.46172934924711,62.98176028474515,147.95692052461857,336.5924372365871,4989.2317975356655,0.0,0.0,0.0,701.5148787920139,133.157174556336,100.48414630587362,77.96690147166416,171.73478427913136,63.46183271165096
2062,Mic,012_02097,318.03748835256283,31.79131839030836,26.38697280867303,37.24368403498454,11.599857280072568,212.08147497764122,670.202596005438,449.45516804780635,465.2235074918208,391.6127208314672,90.66931427252754,25.81820723500764,56.977854271350765,4.750002305029593,3.432840202212134,206.07670369647337,159.04076643956446,94.48737668964833,0.0,162.57839921397326,135.47815267842924,0.0,238.4265261700201,0.0,674.1419908591918,0.0,159.44703723682366,119.53678931630422,43.93425061902017,199.59293946654722,0.0
2063,Mic,012_02098,675.647823133214,67.92430829483673,0.0,53.904735627019626,227.70191542934901,634.3770408765168,457.3475208554219,113.93288451313119,0.0,701.7112620842344,508.51799372658144,0.0,639.1195163078874,0.0,0.0,120.08096088954022,362.8387680779831,0.0,0.0,233.7998508289963,607.8623529609524,0.0,0.0,0.0,0.0,0.0,140.27563986280677,141.14125372103845,61.60120753067805,67.84334048762855,0.0
2064,Mic,012_02099,0.0,120.38177568814217,74.9381624271789,54.59142015730013,5.490537542199953,321.22913853301327,35.381316966389456,360.57580886918504,442.9232578333411,293.7354404087635,0.0,13.966264059337618,30.821960295102844,0.0,0.0,172.2817607666811,159.23306446224865,65.05239773247936,67.19391622735549,55.24824500481378,51.30048520211859,0.0,0.0,0.0,50.053379988233985,0.0,35.51564767227114,35.734807868861644,93.57890443354594,120.2382770107175,203.11828622678095
2065,Mic,012_02100,147.72174873365591,112.7068172627033,16.852269389701167,42.09135894264516,82.55018138954037,92.8784065371696,113.45952539330716,0.0,533.6015306924076,65.75150831463323,0.0,0.0,71.29352141924342,52.00508969318772,45.10107182795831,213.90112232119296,113.3286465304345,100.31407188704001,0.0,100.40907037444188,29.665473947449794,0.0,0.0,0.0,2373.433568944841,0.0,287.52631154199617,75.76919974158876,42.08848617657745,215.2120699630574,0.0
2066,Mic,012_02101,270.0376053768485,236.064809155826,96.43681558251711,152.21460183203493,70.6569175512617,551.1800519091048,562.9373173370699,12.373858359008098,0.0,0.0,0.0,143.78383326662336,79.328651907068,185.17222100590774,0.0,0.0,57.796448576356326,27.904990284150987,0.0,20.313757531043944,264.0713500568072,0.0,0.0,1542.7073334869958,0.0,0.0,304.6970865872442,459.8659701156785,214.08944256563518,103.15524311848438,0.0
2067,Mic,012_02102,182.65163970339506,0.0,52.641125284416496,0.0,0.0,225.65089373459992,125.39967678935716,121.5793868294487,67.1771445046195,149.7611955320715,0.0,117.7290446881077,0.0,0.0,13.696802014866533,443.1511299942009,75.28701507658374,102.81771587918718,0.0,182.96015172255684,108.10974733869287,0.0,0.0,502.68466598624343,0.0,262.871906482466,87.31923219647871,50.20460702828884,10.95591946015415,42.23134114246677,35.670661004032
2068,Mic,012_02103,0.0,484.6138149497005,150.8370705265011,201.45167224713106,22.102933182702373,862.1021324732151,1476.1184407096468,0.0,1702.0023089469994,3013.4000557401932,345.531457275754,0.0,124.07814785464478,0.0,52.328807697823414,571.1543139746079,591.7062987117877,611.0477359657677,0.0,413.0464031312269,413.03467572987785,0.0,0.0,1083.366426760622,0.0,0.0,1048.4704876925175,863.133051601735,0.0,737.5788811988334,681.401088410355
2069,Mic,012_02104,310.8555005836727,42.127523123287034,41.72089184775563,45.589643429234684,55.02219536970592,71.5361343967136,217.0373474414072,35.33131471869972,448.3491391349745,310.1862378949373,57.34351844150812,74.64522407884277,113.25430942477153,60.08247596468282,104.21226384077175,220.04197354492877,169.1188924686883,72.43423009928553,44.89125467104176,94.91279050674999,171.3654505687791,237.07697193963804,0.0,0.0,0.0,166.6719747484572,118.63737626694828,135.2853931943145,55.57215317661169,156.83359455278386,248.78388674727003
2070,Mic,012_02105,258.86265994742416,4.337335348947406,6.300022222793621,61.95797323876714,4.15428623674888,567.1177883498499,313.94427711732123,301.9221439597976,713.4153109103142,458.83462187753685,194.8297855482565,42.26898230970614,58.30178031724274,0.0,0.0,207.0311506420868,261.0399072830919,295.3222104288943,0.0,77.63281793791732,194.07653437909926,0.0,227.70212017361763,0.0,0.0,0.0,268.7208040745335,216.3032225700734,70.8042794991167,112.63629300235198,128.07056601447636
2071,Mic,012_02106,928.5730909930131,18.620629342894894,0.0,59.10933079100772,83.22897598452067,289.844682469443,135.82432839197662,0.0,301.5534468561268,225.70905699040472,185.87209425868144,15.122092809075902,100.11822964823061,19.47500945062133,14.074644829069747,93.26978082885839,187.8837528955533,223.0474740643517,0.0,68.3663012079272,277.73021299077993,0.0,0.0,0.0,27.097864338457708,0.0,141.00120351726954,193.46085639349238,0.0,49.59582132199052,109.96403771587795
2072,Mic,012_02107,507.8933516684256,43.02774907919936,15.624557106330792,17.073412280271157,0.0,200.92818625371746,675.9997220612013,0.0,843.7359198024113,563.0464071066325,0.0,34.94348139149014,38.558149532519096,0.0,0.0,329.6246296928016,413.72292997577193,379.7746884886844,0.0,207.34600316547642,192.5301078103415,0.0,0.0,0.0,0.0,0.0,370.2494478450577,223.52051137096726,182.10396807873752,365.29989907980075,508.20033366700574
2073,Mic,012_02108,472.68321706399655,0.0,6.536273056148382,64.28139723522091,17.240287882507854,0.0,262.5937015578214,475.5273767366812,42.144819078687604,357.0306901484584,0.0,219.27034573160063,48.39047766331147,112.95505481360372,81.63294000860455,350.0360009930097,233.9705322822861,119.15430851332471,0.0,123.91392093936807,563.7923323712832,0.0,0.0,0.0,0.0,0.0,427.49001248190365,112.20729670822556,16.324319995629683,512.3868290328146,0.0
2074,Mic,012_02109,0.0,0.0,10.055804701766743,0.0,13.261759909621428,387.94595961294687,0.0,0.0,348.50523468914747,0.0,0.0,33.73389934332317,0.0,0.0,125.58913847477623,0.0,251.4751769525098,0.0,162.29915150299715,247.82784187873614,123.91040271896338,0.0,0.0,0.0,0.0,0.0,257.35184697907243,374.0243223607519,0.0,663.8209930789502,0.0
2075,Mic,012_02110,78.60585649623002,10.975574206177887,31.884258810479917,69.68173142029367,105.12370660065764,51.25302311959664,0.0,280.7507741089581,86.73095389668943,707.5303310868841,0.0,66.85071516207336,14.753194409546182,103.31255013439365,0.0,53.35914649283685,123.12181368012048,238.7237888333161,64.3258832176513,105.78017641165566,49.11083034593061,0.0,0.0,0.0,119.79238808159657,0.0,90.66596235035072,79.82226391845315,29.861560967615272,279.5435203324085,64.81620109269231
2076,Mic,012_02111,446.7953678113951,0.0,0.0,170.3686369129198,0.0,0.0,0.0,124.6467566806504,773.2994326364698,873.4695783448524,494.52208564236355,0.0,88.78986727213115,0.0,0.0,437.9099261797453,152.90269798515615,62.4662167828701,0.0,227.36499254929916,443.3491473430799,0.0,0.0,0.0,9156.094895278875,0.0,272.82968487078017,0.0,0.0,0.0,97.52162366239942
2077,Mic,012_02112,421.286289718357,60.50400570800582,318.5746531568119,108.03596173986706,101.41345813239916,282.53767366769233,0.0,355.20252230564427,0.0,425.0365358910219,0.0,368.521589464875,528.6354702714698,284.76064238723626,308.69599162917683,173.81466817834706,220.85396163402163,85.8254323025148,177.3015940789044,229.0845597198401,947.5501384391317,0.0,0.0,0.0,0.0,0.0,124.95141029796233,157.15307662216466,109.74332770171215,151.0797078085846,0.0
2078,Mic,012_02113,489.700302578603,0.0,0.0,0.0,29.4705775769365,143.68368874553585,379.8199496562834,0.0,441.259857875148,534.020263042566,0.0,112.44633114441056,82.71876523642986,0.0,0.0,1332.6933992740853,49.30885822598232,320.07262360111645,0.0,63.5456004817272,550.7129009731705,0.0,0.0,0.0,0.0,0.0,63.54366592075862,127.87156320025704,0.0,245.85962706627782,0.0
2079,Mic,012_02114,112.65858084603254,40.44930718681288,528.7771461153748,152.47772128204707,48.42777495086476,661.10641057637,919.1914358765572,0.0,82.86902627831832,325.9409390400252,302.8253221068406,221.7340574813939,217.48529286881558,63.45789596269872,22.93060112601251,339.66721240383987,226.87615105100852,38.25178443445416,118.5330881763462,167.07494958117044,0.0,0.0,0.0,0.0,88.29641188935658,0.0,167.06986320738784,105.06301189908761,55.025797738077586,292.9079054199019,119.43659527192737
2080,Mic,012_02115,0.0,0.0,0.0,0.0,0.0,0.0,0.0,0.0,0.0,0.0,0.0,0.0,0.0,0.0,0.0,0.0,0.0,0.0,0.0,0.0,0.0,0.0,0.0,0.0,0.0,0.0,0.0,0.0,0.0,0.0,0.0
2081,Mic,012_02116,0.0,915.2512727863592,819.8037392457293,460.0175320034641,3097.4076534675123,854.7961821980184,0.0,0.0,53.57392255765374,983.3472398156692,0.0,594.6314460517983,902.1953462651292,1148.695472680716,622.6241187096957,1698.942069534639,412.8572197226316,0.0,357.608299921858,546.0613465124694,819.0687637355206,0.0,0.0,5533.682133607799,133.19289251106332,3983.177701615672,378.0309616641742,507.15162354000256,387.3567456590094,91.4160265892622,0.0
2082,Mic,012_02117,186.83131109248876,1095.6486251036706,838.3480658972925,916.0875451396216,543.4438571660085,365.45633876581945,955.0857874385645,0.0,0.0,0.0,585.9011666849742,524.3421310973058,315.59007171724875,675.2747842117614,266.19436959327567,0.0,215.99423766381383,37.004443637678484,229.33575755858288,269.3780889986262,0.0,0.0,0.0,0.0,0.0,1702.952785473367,242.43289932811172,81.30963529581562,319.38886947971116,449.4621307305391,0.0
2083,Mic,012_02118,174.0266729490783,0.0,97.73866252184496,120.15214436489889,306.13595305387776,628.4482834851475,273.73175216307766,0.0,196.93840690975517,820.2807912289347,0.0,122.95533405510315,90.44949095946069,52.78273589420734,114.43870094664189,951.6696713488794,449.3096894423622,509.0704769594647,0.0,440.0681304388772,301.09069819561194,0.0,0.0,0.0,0.0,0.0,69.48232628718466,419.46652975037597,122.05099062153033,235.23251701785225,298.0333732486412
2084,Mic,012_02119,881.4605446414855,332.30661596550897,469.27088608244793,388.25231378537984,1617.934708973814,431.05106623660754,549.0124726849915,263.2141767854646,1242.731844627968,343.2987405273638,138.2125829103016,202.40339605993904,248.15629570928957,231.70267654072558,209.31523079129366,611.9510506870799,420.7689235283824,104.75104045127449,0.0,228.76416173421796,247.82080543792677,0.0,0.0,0.0,0.0,0.0,285.9464966434138,38.36146896007711,66.97156921283971,175.17498428472294,763.1692190195976
2085,Mic,012_02120,469.99751696704203,2109.3681677498125,2880.0453153653807,2388.232466725221,1185.269791922415,0.0,31.561742975699687,1179.3833748429595,345.71921900485927,0.0,0.0,685.2198304112519,1058.5416988849386,1058.9536388775348,1084.187484489279,0.0,801.2689461722126,1808.5921827915358,0.0,697.0158052839453,503.3860110457887,0.0,0.0,3120.8339679979276,0.0,0.0,464.6630570455474,233.7652014754699,51.01349998634275,589.9190465838326,166.091515300024
2086,Mic,012_02121,246.55607447451382,59.0162022889565,3.5717339104635966,0.0,4.710461170084113,275.5900259545524,369.77255158415375,494.9543343603239,181.3609017730409,438.97216001859636,0.0,59.90993052775974,52.88576793804532,0.0,11.15204098478204,343.42826724351426,201.4118662509387,325.5582199817615,0.0,81.25503012417578,220.05945838067268,0.0,0.0,0.0,0.0,0.0,192.97482150525468,163.5079004855746,89.20393440234801,83.50662538163022,58.08665015957124
2087,Mic,012_02122,0.0,0.0,12.858242077668947,0.0,0.0,55.11800519091048,261.6002827625207,504.85342104753045,376.53977701450407,297.5255751237153,88.36542186068465,57.51353330664934,95.19438228848158,0.0,0.0,46.94968716746777,216.47397103144365,223.2399222732079,138.35337505173524,154.38455723593395,158.44281003408432,1232.9945794729535,0.0,0.0,3426.769270604308,256.83878075991765,97.50306770791816,61.31546268209047,0.0,300.62385137386883,34.85199009574275
2088,Mic,012_02123,120.87539114281972,113.92368163374513,0.0,0.0,43.64629843672875,212.79736181300882,42.61501161275907,222.93829195343704,671.2940591647498,12.553821735177863,113.71921378695703,0.0,61.25376919406516,47.66036068084546,34.44427848464327,275.24886921199464,262.35641444288484,244.1981006300808,0.0,115.02558061882266,67.96773144922042,0.0,0.0,1199.3078280134848,0.0,0.0,141.16346036826758,157.81616977246912,123.98217718199759,197.23232740918175,0.0
2089,Mic,012_02124,0.0,0.0,0.0,31.743899869244892,0.0,0.0,0.0,0.0,0.0,0.0,0.0,0.0,35.84479826911961,0.0,181.40653335245455,282.85737453980585,14.24478126528378,50.435686143206226,0.0,0.0,0.0,0.0,0.0,0.0,0.0,0.0,165.21353139397243,55.411010720111385,0.0,133.17396466090048,0.0
2090,Mic,012_02125,919.7849161476369,24.080189562718036,0.0,57.33012016519144,155.68152937381672,56.224052117818374,273.60547756860734,171.66141964269428,296.00040155599993,313.44667613368,540.8318461707454,14.666912757966594,80.92053120955096,0.0,13.650993312475675,446.99033267578017,351.59359778526516,170.7897398662084,282.2593939182558,149.19401852231604,484.8667932481175,0.0,0.0,0.0,0.0,261.9927362266718,24.8649127516012,187.63761991342068,10.919277589049953,252.54059519307887,71.1027222689066
2091,Mic,012_02126,481.64602128619174,0.0,0.0,8.353657860327603,0.0,245.77473074894291,324.846009574453,339.88311527638035,203.33026748489632,108.74472774989594,157.61084016087025,0.0,99.04483732256735,49.54169070772093,23.86928070427033,162.8290807383751,133.0762460309406,99.54411738790702,0.0,137.6821343770756,47.10044547796853,0.0,0.0,0.0,0.0,0.0,413.03382848493106,76.55468586331179,66.82470173649578,183.99034591308623,31.081453155560048
2092,Mic,012_02127,311.38551848748125,93.91273929460034,0.0,12.421526035791478,0.0,219.27380325949167,0.0,118.14344763644253,160.3335508428333,122.89099842066503,0.0,95.33493292678288,105.19669057241624,0.0,17.746291306218378,228.284348473702,178.3694349739882,148.01777455071394,183.4686060468663,150.85172983923067,70.03631458028364,0.0,0.0,0.0,0.0,0.0,129.29754630832625,32.52385411832625,14.19506086576494,179.78485229221567,0.0
2093,Mic,012_02128,539.7730587016448,0.0,0.0,5.2517481401324275,0.0,185.4153483444231,298.9082717110382,457.87825140961957,71.66168685254786,289.8686669403844,148.6293400781736,0.0,80.05777554591971,0.0,15.006055148640543,263.22894459701604,96.62360821488446,187.74313316175113,0.0,91.11317716130004,118.44376730489147,0.0,0.0,0.0,0.0,0.0,170.83200626674537,103.13170653329556,66.01747057056122,155.32882459070103,78.16071308236425
2094,Mic,012_02129,885.1745637902557,283.14515030769013,0.0,0.0,0.0,188.88754587896287,2235.564356391133,1017.7150919993178,2142.756250910802,936.0355172431492,0.0,49.27423499586531,54.371323217203894,0.0,0.0,536.3166511639577,583.3958169883076,114.7553533033625,0.0,250.61242437175565,361.98544614528623,0.0,2831.352205904159,2459.983214186785,0.0,0.0,41.76746580184696,336.2016380770803,110.05159547615517,666.6179916452941,0.0
2095,Mic,012_02130,350.1357163437011,0.0,0.0,0.0,0.0,373.57759073839327,0.0,0.0,0.0,314.05477374169953,0.0,48.72674349591125,107.53439480735882,0.0,90.70326667622727,300.53596044854373,277.7732346730337,0.0,0.0,275.3642687541512,178.98169281628043,0.0,0.0,2987.4649950065627,0.0,0.0,247.8202970909586,166.23303216033418,145.1050666278194,259.68923108875595,236.21904398225638
2096,Mic,012_02131,93.5559192933108,16.216163692010568,2.944267142409181,32.17287148909955,66.0101112618544,378.6259365591823,61.417445790550744,418.202969674044,166.11133645879124,368.556455671269,60.701472224118945,0.0,10.898756230475556,0.0,36.77159459847051,111.0884114535555,216.55917464113853,84.34346162461853,0.0,111.63416300843969,253.96051007715462,0.0,0.0,0.0,619.4669437733013,352.86409068367055,259.5415273587742,25.271913673023775,73.53297295328686,141.72229347359345,47.88223864505196
2097,Mic,012_02132,43.937833897006556,0.0,2.6733223133531214,0.0,176.28106219333185,137.51322358468462,218.93135413818678,518.6392656978118,131.43322923312599,654.0695158650184,55.11544717281966,0.0,49.4790160156559,0.0,0.0,117.13418884317113,234.6456300447052,187.97349283434224,0.0,192.58605299370083,32.94141585575713,0.0,0.0,0.0,32.140616188763744,0.0,190.0462401004284,145.32642382115102,40.05968097087039,121.32720093339707,0.0
2098,Mic,012_02133,0.0,67.66895375237493,19.65796407864175,0.0,0.0,126.39843295659922,0.0,34.05136961952604,182.20504488906295,369.1106759053611,101.32125438913089,16.486492160270725,18.191908895981758,0.0,0.0,125.6110051410322,156.6390421088536,76.79117627067113,0.0,9.316836160854741,0.0,0.0,0.0,0.0,0.0,0.0,83.8489726999484,112.48851800323365,0.0,216.28252907334215,0.0
2099,Mic,012_02134,183.63761346697612,23.076848330938116,0.0,0.0,0.0,107.76276655915188,0.0,0.0,0.0,219.32975089248248,172.765728637877,0.0,0.0,0.0,0.0,71.39428924682599,365.7073651760355,43.64626685469769,0.0,127.0912009634544,413.03467572987785,0.0,0.0,0.0,0.0,0.0,238.28874720284483,0.0,0.0,230.49340037463546,0.0
2100,Mic,012_02135,20.346212855716104,5.113619800605606,0.0,16.23267606950023,24.489045287653198,95.51699763197554,177.89346040848915,85.77333635221522,101.77015970705813,329.6448133472982,76.56662973724096,49.834169484454684,41.241884372140454,0.0,46.38235227761622,13.560278964088702,89.2322235509964,154.74585521211003,0.0,98.5678916563155,0.0,0.0,0.0,0.0,0.0,0.0,52.8026201188122,31.87707292847317,9.275181815698684,76.61286319270555,30.198457327277094
2101,Mic,012_02136,280.2469666387331,0.0,14.209289252496482,93.1614452684361,0.0,182.72816938290973,318.3619291461882,0.0,337.8456964188273,533.6056510370981,146.47529167124355,0.0,26.29917264310406,122.77723349304753,44.36572826554595,0.0,101.0295627782355,203.52444000723165,114.66787877929144,107.75123559945048,87.54539322535456,0.0,0.0,0.0,0.0,0.0,262.6356409387877,142.29186176767735,70.9753043288247,214.9601494798231,231.08384737394647
2102,Mic,012_02137,93.9261236093386,29.50810114447825,107.15201731390789,0.0,14.13138351025234,275.5900259545524,91.06338956923189,0.0,345.4493367105541,573.1025422465009,0.0,0.0,198.32162976766995,0.0,33.45612295434612,130.41579768741047,283.728020283931,139.52495142075492,172.94171881466906,0.0,0.0,0.0,0.0,755.611755177304,0.0,0.0,121.87883463489769,122.63092536418094,160.56708192422636,44.20938990792188,174.25995047871373
2103,Mic,012_02138,74.1866693448262,179.28228782999733,296.866585020285,159.3518479491975,206.05921771921737,267.90424833828996,58.34521410647273,778.8629012508723,543.6010030567774,1031.2639456479376,375.81708301307117,183.4532773053232,173.51167289633594,213.7595658823178,178.8769601782171,602.1988427080029,354.98448930019936,244.14087117129708,42.02966074778809,212.28281276465444,288.7951617155122,0.0,0.0,673.3273409348884,15.654144737356047,0.0,96.264856439715,178.81640909677378,32.51856572834598,358.1371559605889,42.350027805583814
2104,Mic,012_02139,0.0,0.0,56.02519762412899,0.0,12.314491344648468,120.07851130876925,0.0,409.75148108829677,617.1205650807829,637.5548038365329,0.0,0.0,34.56462690236534,0.0,0.0,1000.1028599800278,224.35530492821954,121.58602909522929,150.70635496706876,371.7417628181042,0.0,0.0,0.0,0.0,0.0,0.0,318.626096259804,133.58011512883996,46.640914273227665,102.73420130983753,227.78264955431868
2105,Mic,012_02140,304.76029468987525,0.0,0.0,30.393095619489785,0.0,476.90756264475726,487.0805157100888,374.72606519833033,0.0,63.30331385610964,0.0,31.102176699517813,34.31948770447622,200.2749198822761,115.79140426752416,394.94713200371825,131.83999681698816,289.7369203971421,0.0,158.18798417791666,571.218168562597,0.0,0.0,0.0,0.0,0.0,210.91089114124136,265.26547685159704,115.77531911794101,51.00279497651508,75.38905659008182
2106,Mic,012_02141,0.0,57.777590635978406,19.36673498118039,81.12329966584805,4.256861205557495,41.50862119315481,107.23199588780933,443.56463124957924,75.4444292149346,411.3933878253842,0.0,0.0,71.68959653823921,13.945068495506634,60.468844450818175,278.9287998934197,193.09592381829123,16.811895381068744,0.0,159.09935528017627,238.6422570883739,0.0,0.0,1176.0179662882979,19.403409032475892,0.0,146.85647235019772,221.64404288044554,16.122785180868824,124.2957003501738,52.49312088494587
2107,Mic,012_02142,89.79057040564385,0.0,11.706757712504565,34.11284762068107,10.292709183586778,200.72825771018142,162.80206525972855,238.83393477416826,100.6443440685077,164.3051683519025,0.0,0.0,115.55934964372888,33.71792681003096,24.368041793613294,170.9809502815244,86.10651361850643,111.78655809352426,62.98176028474515,147.95692052461857,0.0,0.0,0.0,974.5887936801795,0.0,0.0,155.350036982392,66.98943087058242,19.49172536791604,187.83492030529996,0.0
2108,Mic,012_02143,0.0,0.0,117.22663633309598,108.68835281317544,23.424304188190018,45.68204234572743,0.0,705.5789233843096,277.72061485276475,400.2042382778236,0.0,154.91926600602218,105.19669057241624,122.77723349304753,255.10293752688918,211.85479309112495,95.80389573798195,148.01777455071394,57.33393938964572,141.42349672427875,306.40887628874094,0.0,0.0,0.0,0.0,851.4763927366835,202.02741610675974,60.98222647186172,115.33486953434014,68.39641119812552,173.31288553045985
2109,Mic,012_02144,801.6034540145619,0.0,47.97264628365785,0.0,0.0,0.0,0.0,0.0,135.3274007113822,0.0,0.0,120.69927287978014,177.5797345442623,155.44273598202346,0.0,218.95496308987265,223.47317397830517,218.63175874004534,0.0,159.15549478450941,0.0,0.0,0.0,0.0,0.0,0.0,34.10371060884752,171.57079007373937,89.85864217777807,98.96413887644898,0.0
2110,Mic,012_02145,84.7822252828843,0.0,57.014219804409564,53.40095305106617,10.74161238785536,261.8534514521448,1041.4391950112495,0.0,331.51298496475454,305.8674136785858,503.76548911231424,40.98511135170105,75.37457579955057,70.37698119227646,38.146233648880624,49.56612871608747,173.73307991771338,137.8732541765217,0.0,223.89431197767433,0.0,1518.6589518719024,0.0,0.0,0.0,244.03684776253854,57.90193857265388,116.51848048621554,50.85457942563764,235.23251701785225,198.68891549909415
2111,Mic,012_02146,153.58051612052137,47.26461715045531,65.7918075673579,28.131902509943504,0.0,183.92769784713016,132.60075823488708,0.0,532.5740266508117,169.27056790408312,176.92420350662238,47.98038199816206,74.12108175999569,12.358321095580276,89.31393874026756,250.67229034709274,249.67329963878134,148.9894448431694,0.0,195.22543342745078,35.24803578438783,0.0,0.0,621.9605147465993,2046.2741757553074,342.8263813206778,260.29265339969396,204.60849144461264,92.87359297294788,338.3259802435568,162.8205664210301
2112,Mic,012_02147,403.6688630574075,212.72658370519318,0.0,155.8336902672022,0.0,152.82719621116087,0.0,0.0,316.086143090157,0.0,0.0,39.867335587563744,0.0,102.68641346691247,37.105881822092975,0.0,69.9289262113931,92.84751312726601,0.0,67.58941142147349,0.0,0.0,0.0,0.0,0.0,0.0,304.14309188435834,68.00442224740944,0.0,228.81708473554718,386.5402537891468
2113,Mic,012_02148,342.1780864267988,94.99969229569525,112.56914707811102,67.45578722214539,14.366906568756544,280.1831930537949,145.8853897543452,142.5743457587933,547.2973033135127,487.6113592305334,0.0,109.63517286580031,94.09259545643899,62.752808229779845,11.337908334528409,274.0180815854369,252.84486745878712,179.6771318851722,117.21605386327569,268.48016203529744,223.72711602035054,1121.9996970615507,0.0,0.0,43.657670323070754,0.0,123.9101485454793,280.5182417705639,126.96693329934199,249.70118373918842,206.69166348447436
2114,Mic,012_02149,978.7884797789826,0.0,14.525051235885293,0.0,0.0,186.78879536919663,802.3696436488988,0.0,298.52580180737056,719.020139882312,598.921192611307,24.363371747955625,107.53439480735882,0.0,0.0,265.178788631068,213.67171897925672,94.56691151851167,0.0,234.05962844102854,0.0,0.0,0.0,0.0,0.0,0.0,82.60676569698622,187.01216118037595,126.96693329934199,499.40236747837685,177.16428298669226
2115,Mic,012_02150,147.45020140142495,4.411750416208758,0.0,35.01165426754951,4.22556075551663,185.4153483444231,69.31206300545814,83.25059116538537,298.26756149438836,176.83811756740434,0.0,32.245639078176566,71.16246715192864,0.0,15.006055148640543,161.83705482631353,126.47480424875121,162.71071540685097,0.0,118.44713030969005,59.22188365244573,0.0,0.0,305.96411450960073,0.0,95.99978937717509,91.11040334226419,68.75447102219704,36.0095294021243,244.5602770151463,0.0
2116,Mic,012_02151,0.0,0.0,0.0,0.0,0.0,0.0,0.0,0.0,0.0,0.0,0.0,0.0,0.0,0.0,0.0,0.0,45.141912460406346,0.0,0.0,0.0,226.87820216148222,0.0,0.0,0.0,0.0,0.0,157.0692023815935,0.0,45.983999987689245,0.0,0.0
2117,Mic,012_02152,185.16046196889738,30.731607777298084,3.188425881047991,31.356779139132147,63.07422396039458,246.01451097406382,411.3803767369247,386.6076233631555,205.58448331067126,649.4765603310371,197.20575854274742,42.78445770372694,153.43322185928025,0.0,39.82094634566075,271.6465639635331,229.82738553622488,190.97903106665285,102.92141314824207,169.24828225864906,78.57732855348895,1698.5697684699674,0.0,0.0,0.0,191.06299544335334,163.1987322306313,264.55378898687326,15.92616584939481,359.56970458443135,155.5588826224615
2118,Mic,012_02154,310.4651672013114,133.0044953063921,128.79355775661836,7.036825094167587,50.95651590889021,1159.378729877772,417.92101043685113,788.2696369393731,498.2638708810357,0.0,398.2973448400317,21.602989727251295,71.51302117730759,0.0,140.74644829069746,188.10712099937828,489.44507056824807,134.16389417404613,311.8062516560043,268.5818976025712,158.70297885187426,7821.788273722787,2327.4970411835297,0.0,3213.0324858456997,771.781557948521,476.10795992844277,165.82359119442202,112.58151721123917,380.8250565795701,157.09148245125425
2119,Mic,012_02155,0.0,0.0,68.80287427524613,0.0,0.0,0.0,66.44577468568356,0.0,159.42941427793008,225.1015864422846,0.0,0.0,0.0,0.0,0.0,83.74067009402147,139.16776433517376,0.0,0.0,48.91338984448739,0.0,0.0,0.0,0.0,0.0,1546.1018710218725,73.36785111245486,24.606863313207363,0.0,0.0,349.66634800005056
2120,Mic,012_02156,199.1191701180037,0.0,70.34553961774043,44.84003793189301,0.0,75.38561248084169,674.8268632651843,264.0126370948903,392.1547066738869,0.0,0.0,0.0,0.0,0.0,0.0,21.40456589847185,158.09790866178184,91.59844344393954,0.0,88.90684910447932,144.46952783376895,0.0,0.0,0.0,0.0,0.0,166.69526710154167,16.772391137253447,29.281291471981493,104.80731299546203,47.66752008610555
2121,Mic,012_02157,0.0,115.19962686804308,0.0,34.28341185878448,0.0,268.9758653316431,0.0,253.61460092623,851.3253453894895,357.0306901484584,431.223258680141,0.0,0.0,0.0,0.0,0.0,76.92181883253241,0.0,0.0,118.95736410179333,128.8668188277219,0.0,0.0,2458.2569101768295,0.0,0.0,0.0,0.0,0.0,100.67951728364078,85.03885583361229
2122,Mic,012_02158,37.694036448484574,0.0,15.877586371210644,104.09942872100551,20.939620909928568,442.3945153480973,120.62463712170245,424.76900820254923,411.63714990823416,728.7569755054566,54.55759851722432,0.0,19.59128650336497,0.0,0.0,115.94862013018357,216.69945588786965,110.26425310660471,85.42060605420902,115.38543245366255,130.43200286206672,0.0,0.0,0.0,15.907653154155337,0.0,15.049815612811255,98.42745325282945,85.91747366120886,127.37793178598275,193.6613619692588
2123,Mic,012_02159,152.06703745313297,36.98618157150356,0.0,0.0,35.42524907364627,0.0,20.7529268881313,708.276262371443,86.59894331237179,0.0,0.0,15.01851683093155,49.71624417463507,0.0,13.978243152158312,0.0,109.76286933865926,128.24827726483093,0.0,118.82156802405156,165.49677075477982,0.0,0.0,0.0,0.0,0.0,203.68791541722626,192.1357820346328,22.362082185794083,160.08240272594546,36.403619791786085
2124,Mic,012_02160,79.10543349346665,241.41933638519876,108.29328140364183,129.6052716554969,44.205866365404745,331.57774325892893,239.04752076269588,282.86591396627983,276.39353735036747,410.78481772505074,53.158685734731385,69.1977422427142,190.88945823791508,133.67462108118784,56.354100597656,263.609683372896,242.75130203560525,73.86291313871918,124.84550115615163,156.4199396473285,127.08759253227011,0.0,0.0,1151.5503277455562,15.499764611741096,309.01707349812574,227.29080502425202,147.544111384912,83.71446151604964,141.8420925382372,125.79712401421938
2125,Mic,012_02161,467.21191958464993,162.23123418917015,33.6632088728672,36.78477667251554,7.399265185625689,72.1501784687884,134.3744593643523,168.45441508486562,104.00545480792006,172.3860628399209,0.0,0.0,124.6106720943643,96.957128595368,52.55339485532481,109.25821334155592,118.29893454216356,146.11196629469615,0.0,106.36388063465068,0.0,0.0,0.0,16.485091940563503,0.0,0.0,159.54096379246263,128.42036819253283,126.11062657567996,385.8044040605486,0.0
2126,Mic,012_02162,170.07071854065595,28.495949917886644,27.593764880837494,3.769064628274459,4.548888623352996,44.35617831986199,101.26406189564861,378.3984653849706,125.10005663198825,180.55641762125205,71.11201495384911,0.0,51.071744235684925,44.70516681277192,64.61710290918565,172.12132454681458,108.24530354621974,134.73913514510897,55.66989365538159,202.70878887178944,42.50224895373413,0.0,0.0,658.751233350486,20.734513609901676,0.0,88.27372059968182,19.73743125914258,25.843250652711895,37.949309190969004,140.235580200548
2127,Mic,012_02163,0.0,40.60137225142496,172.00718568811533,150.36584148589685,155.55146961661222,63.19921647829961,387.28394388226985,550.4971421823377,475.3175084062511,643.1473898350989,101.32125438913089,230.81089024379014,145.53527116785406,127.39291896271097,92.06722557361414,65.79624078815972,279.54044437887717,115.1867644060067,237.95740257958224,121.11887009111165,60.55771561453097,0.0,828.9156129127308,0.0,0.0,0.0,111.79863026659788,239.0381007568715,49.095699234976486,270.35316134167766,0.0
2128,Mic,012_02164,103.29615757517408,112.49963561332332,37.70926763162527,82.41204773746269,232.08079841837497,80.82207491936393,67.97913871689164,0.0,25.327415311711302,0.0,0.0,42.16737417915397,93.0586108909836,27.152657407116283,0.0,0.0,187.99002198655757,98.2041004230698,0.0,47.65920036129541,0.0,0.0,0.0,0.0,0.0,0.0,125.10159228149354,35.9638771500723,0.0,43.21751257024415,51.105081630776624
2129,Mic,012_02165,241.19002016178098,303.091801789847,534.5817825990773,358.34608615281604,148.11243885316026,231.0789221062226,385.2484915796746,0.0,604.6550503557414,383.4092462934476,555.7000756187384,150.70126854405538,249.43545187273955,97.04042509759769,154.28906187193297,344.45904502592333,248.9165386047011,70.19399617868908,0.0,340.65682732472317,110.71032545336932,0.0,0.0,0.0,54.009489059468976,0.0,204.38787388945042,141.38376446626359,78.53624740165482,284.1959864413031,73.05743628317207
2130,Mic,012_02166,221.8490764712156,109.09055574625293,39.61377609786898,110.62268136252008,75.46253955306469,339.6159915803575,0.0,599.7779964184532,195.11490314207225,390.69014915235346,0.0,383.9076760283917,293.2756222018877,76.06400997549073,192.40086870714873,182.14300633245077,157.55591399480545,183.40249506620447,142.08006528881904,342.11924299758186,325.42125966596444,0.0,318.169629198826,0.0,52.918388270388796,0.0,125.16176620755488,62.96705763649022,0.0,121.06724060081864,0.0
2131,Mic,012_02167,118.96788912312407,0.0,0.0,0.0,114.55340785719503,55.85047037617174,389.22654460397763,165.50549419723126,192.52201406377227,256.9988356550365,268.61913954327724,29.13891637629244,32.153141304525896,0.0,0.0,52.859559195561715,110.74016000253836,180.9652526068529,70.09597905445058,65.86786495115909,160.54836232689607,0.0,0.0,689.0877966650165,0.0,0.0,61.749243461202305,24.852114442574877,32.54017274876349,29.86459340402253,0.0
2132,Mic,012_02168,50.384993443702996,90.45196833232026,0.0,0.0,0.0,0.0,340.04209517537754,174.47762088129008,121.77523100625815,37.377584814537094,0.0,0.0,48.633645892775355,0.0,0.0,135.9207861325072,115.96254095356645,17.107581983248345,0.0,0.0,0.0,0.0,0.0,0.0,0.0,0.0,0.0,75.18076831371897,0.0,45.17207344025519,53.41636672965597
2133,Mic,012_02169,151.84170159460217,73.14463940936923,175.5324212958576,156.4761141964545,88.33363049341479,89.10419567081817,0.0,248.04557763481603,426.2881435079267,0.0,0.0,139.46523756780252,102.5946522897063,159.65378772240808,144.22780920248152,196.77577954955575,134.7717379427467,84.20799188220828,149.10876109815987,253.95785916902284,284.5998649022127,0.0,0.0,135.7253152703638,55.53625906821721,138.40252320101567,144.48886579508186,118.94766435500944,17.304932857557965,92.11591371862639,75.12266416396845
2134,Mic,012_02170,35.745503370042414,6.417091514485467,46.60444246808115,7.638906385647166,39.95075623397542,89.89835071244757,90.01566624085473,78.03691777927033,50.709006912859415,243.96036462907142,0.0,0.0,0.0,10.067295437932597,0.0,96.42865041129744,65.12988225570925,60.68464910278824,75.21885809408067,70.68173743422065,28.71364055876157,0.0,0.0,0.0,0.0,0.0,59.63590036948202,20.001300661002773,5.819721923575645,99.3463533165541,37.89610331266146
2135,Mic,012_02171,0.0,58.823338882783446,51.264886714889265,60.68686739708582,5.634081007355508,109.87576198188037,320.15571959664,133.20094586461659,55.091266769526285,77.78446408463147,176.15329194450206,28.6627902917125,110.69717112522231,18.456708302876425,80.03229412608287,72.79417727127355,115.2151425868541,44.50207600871138,275.80247967829575,0.0,105.28334871545907,2184.8269963064677,1544.058494641361,0.0,0.0,0.0,12.148053778968562,24.446034141225613,42.67796077288806,111.63111743634305,347.38094703273
2136,Mic,012_02172,0.0,20.30068612571248,39.3159281572835,59.072294869459476,38.887867404153056,126.39843295659922,482.20647914753215,329.16323965541847,0.0,89.48137597705724,101.32125438913089,49.459476480812164,18.191908895981758,0.0,46.03361278680707,23.92590574114899,45.786796924126435,153.58235254134226,0.0,121.11887009111165,181.6731468435929,0.0,0.0,0.0,0.0,0.0,27.94965756664947,14.061064750404206,0.0,87.86477743604526,0.0
2137,Mic,012_02173,278.2896862368118,0.0,100.84535572343219,126.52211519313322,93.59013421932833,240.1570226175385,528.0730481877067,185.4664598610185,295.0137335508132,514.2942084281365,77.00415333573946,37.58920212541725,41.4775522828384,32.27287280388678,46.64739429063116,72.73475345309292,117.21420012576367,68.08817629332842,0.0,56.64636385799682,92.04772773408706,0.0,0.0,0.0,22.452516166150673,0.0,169.93391800522875,96.17768289276476,74.62546283716425,41.09368052393501,30.371019940575817
2138,Mic,012_02174,0.0,19.565154019708405,99.46502476747538,25.87817924123225,174.90147127181882,182.72816938290973,190.28529098392858,0.0,503.90544550604744,48.509604639736196,0.0,0.0,0.0,0.0,29.57715217703063,161.41317568847617,81.28815395949982,49.33925818357131,76.44525251952763,8.97926963328754,58.3635954835697,0.0,0.0,0.0,0.0,0.0,202.02741610675974,67.75802941317968,59.14608694068726,84.68127100720304,0.0
2139,Mic,012_02177,0.0,520.4802418736887,866.2530556341229,619.5797323876714,477.7429172261213,0.0,0.0,0.0,0.0,0.0,0.0,369.85359520992876,757.9231441241556,816.5425649176174,147.5294096541046,0.0,54.06151925981194,246.1018420240786,0.0,59.71755225993641,0.0,0.0,0.0,0.0,0.0,0.0,0.0,225.31585684382642,236.01426499705568,0.0,0.0
2140,Mic,012_02179,215.66071190526227,0.0,0.0,0.0,0.0,37.777509175792574,186.10789565895726,159.44203107989313,232.03327357929135,217.29395936001683,0.0,9.854846999173061,97.868381790967,0.0,18.34448090081001,0.0,73.46465843556466,68.85321198201748,47.41323527053848,83.53747479058522,253.3898123017004,0.0,0.0,0.0,35.318564755742635,0.0,83.53493160369392,84.05040951927008,51.35741122220575,113.12305312768628,47.77463810877095
2141,Mic,012_02180,52.85510645912966,13.28408981411936,28.942906521690254,0.0,44.532108921607005,62.03317927390293,96.89804485528465,384.3658290263106,0.0,521.4931667297593,0.0,0.0,0.0,83.36166406908023,30.122856091735994,275.94250329874967,139.55680538497575,12.562394150060591,77.85568153280305,228.62347036783777,0.0,5345.1671533254175,0.0,0.0,0.0,0.0,178.3208779805791,110.41308409173487,132.52215494607123,205.65794911655667,39.22456449889866
2142,Mic,012_02181,148.51797771177098,547.4636645514721,388.5618544899268,832.7288018694771,405.1864894045625,271.1450255359306,288.56450720639714,198.2668456878855,211.20963478374549,222.80140994287436,0.0,565.8589567267112,512.8944637125179,234.23859293143627,592.4971452237427,179.6372439113686,240.74993221395513,423.59003684789565,243.07476607591732,422.56360136005696,111.34805774284725,0.0,0.0,0.0,18.106867875927964,0.0,214.13044103481448,34.472287775184505,97.79546541160639,223.69543833593656,122.46379008296701
2143,Mic,012_02182,115.24843327927465,0.0,0.0,103.9886375026988,0.0,64.40992943765401,174.13375434868794,0.0,185.69556299038598,410.38010361891764,0.0,0.0,0.0,0.0,0.0,85.34489749045866,105.6078611046901,91.30598353511472,80.83865783674186,37.98127844884845,0.0,0.0,0.0,0.0,60.21747630768381,0.0,142.42545809825208,42.991301420776075,50.03622987166187,61.99477665248815,40.7274213762511
2144,Mic,012_02183,453.02972178085645,92.0927249671856,12.160508011438852,119.59329718180634,32.074954200014616,156.3813170532809,65.76586443308585,49.1501164585717,235.22689718337267,179.89918495852555,0.0,0.0,112.53599456584061,105.07446959404999,56.953213959491535,88.8040594485437,155.0362240035537,79.17229801549814,196.26874135246163,161.37626913033978,149.84513817176966,0.0,1025.5421071385413,0.0,36.55060771233831,728.705377969999,190.18766986050312,34.79296021960483,30.37082789884592,292.67301535942084,0.0
2145,Mic,012_02184,101.27892621512017,0.0,0.0,0.0,34.82886440910678,0.0,295.85148971160925,91.49155877569625,159.63946620715,247.9379792697628,0.0,0.0,24.439635183490644,0.0,0.0,225.00018429302736,158.63506409066028,120.35788738719667,0.0,175.23180738900533,325.42125966596444,0.0,0.0,0.0,0.0,395.63549561502464,75.09705972453293,94.45058645473533,49.46763635039298,426.7620231178857,107.37229271920745
2146,Mic,012_02185,243.7442104799065,30.25200285400291,8.238999650607203,24.007991497748236,3.6219092190142548,141.26883683384617,235.51956102875062,0.0,469.25954016185784,421.91126724476436,56.62070098216137,9.213039736621873,71.16246715192864,47.46010706453938,8.574888656366022,90.24992386183405,126.58702679023189,143.042387170858,0.0,140.57461619172005,135.36430549130452,0.0,0.0,112.97136535739106,0.0,0.0,132.76087344158498,86.43419214219055,27.435831925428037,207.7345982368038,66.99489692774078
2147,Mic,012_02186,184.82237226353726,5.806432805848946,16.86780143522163,82.94373836802697,166.84149563717278,271.1450255359306,798.2066610628566,136.3519359818441,278.69961003648257,518.270356667117,0.0,56.58589567267112,62.439326017176086,36.4371144560012,78.99961936316568,123.17982439636704,115.79628641456492,208.65731444729673,0.0,135.90559070769402,155.88728083998615,3684.252620384536,0.0,0.0,0.0,0.0,95.93043758359688,205.11011226234783,21.063638704038297,156.58680683515556,102.86958366969228
2148,Mic,012_02187,217.35019026762996,44.77597437346202,61.785665704885204,39.08763789869707,47.174917091439404,167.27354809181787,248.72537748014082,0.0,233.26423495044753,103.6158719336322,201.13025125006575,185.4525312157816,84.26202578188564,42.147408512538696,40.61340298935549,39.578923676278805,170.61846217000348,76.21810779103926,52.48480023728763,215.7705090984021,40.07052824245084,0.0,235.0656215722669,0.0,2130.7549545737515,0.0,101.71728611942332,27.912262862742676,73.09397012968515,152.05684024714756,26.442430296521238
2149,Mic,012_02188,271.49560892960784,199.9993522014637,179.42710350211246,200.7334844672839,180.29059223537627,274.68940495470093,0.0,779.4722017262749,237.5810879435821,729.2293507934198,0.0,186.30813689613123,221.39434225044462,258.39391624026996,173.40330393984624,62.39500908966305,182.24940736466013,166.88278503266764,68.95061991957394,226.77057426812453,368.4917205041067,0.0,0.0,1456.0753757174846,0.0,255.9994383391336,85.03637645277992,195.5682731298049,42.67796077288806,346.64399624969684,0.0
2150,Mic,012_02189,0.0,0.0,0.0,55.51070572989715,31.2647707713873,217.75895833196495,782.3387481644938,50.841811806701664,474.9480906536038,420.0814467420333,69.82241882774305,56.80578904963746,75.21835906214218,14.63148378414556,63.44529016212788,49.463400988178485,156.10213666360204,114.65625541622659,0.0,160.51026028415552,125.19444834299408,0.0,0.0,69.65591957269189,1079.0004530624221,202.94255992687792,96.30322425814454,9.689749283957303,59.20737822249107,149.04443713344304,55.076979166847345
2151,Mic,012_02190,238.72889750706898,35.59310505280287,36.92809636242024,112.98676224646488,34.09096473942231,237.44338394389402,582.0199382637502,452.0303285273806,401.80441918240297,437.043217695853,228.40214972465097,12.38815512607913,177.7051439613133,31.908207574464328,23.060152544803543,89.89111479019253,179.2669506690374,153.87158484368,0.0,119.01337039374332,364.03056166023134,0.0,0.0,564.218570485501,22.198815418510552,0.0,262.5215011556765,158.4848823562508,73.78223726838274,264.0907434800908,0.0
2152,Mic,012_02191,2.0005214874894044,25.13958337727896,0.0,11.97046503449179,12.039307180522245,23.479038524061025,139.64748847348687,316.2592290081679,248.68974945175293,184.9146381704655,75.28339013270619,30.624349962514057,40.550679606126934,0.0,0.0,51.10987825570863,75.20289550666577,123.62378377280298,0.0,27.690261662428615,44.995397635377756,855.9273358435254,0.0,0.0,0.0,218.81516237925942,57.109426005598,67.90944400404713,4.55986592056695,62.7740406048239,59.3846758614611
2153,Mic,012_02192,146.78031154144875,12.720806853803344,4.619274244627832,10.095233173964806,6.091974516787227,237.6111884555151,278.36788151005806,0.0,305.2893254816593,99.87607645495743,0.0,0.0,34.198217429902094,0.0,57.691123680992604,179.9092841595938,156.28991458906762,72.17827875617853,74.55438054907994,87.57167557552512,56.91997298044253,0.0,0.0,719.3441709329281,0.0,0.0,249.57167728241416,105.73125720445282,219.19581619573424,177.87900580148545,112.68399624595268
2154,Mic,012_02193,0.0,0.0,10.45803688983741,0.0,0.0,403.46379799746467,896.8584883974823,627.998059436379,84.28963815737521,0.0,862.446517360282,0.0,77.42476426129835,0.0,32.653176003441814,216.38589152295148,107.69054636554537,0.0,0.0,198.2622735029889,257.7336376554438,0.0,0.0,0.0,0.0,0.0,118.95374260366013,119.68778315544058,52.23782398601498,172.59345820052704,85.03885583361229
2155,Mic,012_02194,0.0,40.54040923002643,76.5509457026387,263.81754621061634,240.74275871970423,227.1755619355094,345.7574725986561,197.20140033410203,90.17472550620096,140.72155580175723,0.0,79.01634080418039,108.98756230475557,0.0,55.15739189770577,164.84086860850172,155.92260574161975,15.335174840839729,190.08008734585246,133.96099561012764,0.0,0.0,0.0,0.0,0.0,0.0,368.38152270277635,117.9355971407776,191.1857296785458,89.08258446911587,47.88223864505196
2156,Mic,012_02195,73.32387566288547,47.142704447487866,28.012598812064496,20.406792773086003,77.99177851610695,140.09159652689746,252.4939438055975,230.03591920746484,68.9870550395184,221.3731957765739,32.085063889891444,52.20722517419062,17.28231345118267,33.61757583738206,9.718207143881493,64.40056295325937,85.46868759170268,97.26882327618344,75.35317748353438,67.85762337155869,134.2362696122103,0.0,0.0,0.0,0.0,0.0,119.48478609742646,129.1274446245453,46.640914273227665,181.92514815283724,50.61836656762637
2157,Mic,012_02196,53.662403474211466,41.498424664280655,79.11339145770376,61.74966112893459,163.9566282774522,339.126631361942,707.2741019568898,504.65372765614586,242.90962005007268,325.8205145447027,77.66989529541445,101.10448218171787,139.45382611905325,113.93161148346196,82.33870029686337,110.04537626188412,251.2336061773393,137.3536697559939,60.80371670141103,178.5503183564381,46.42176470739262,2287.9294230053683,0.0,0.0,67.93989041630607,0.0,278.5300169033829,194.018380475318,47.04414984331321,316.04829941859236,122.53437440001773
2158,Mic,012_02197,533.0839458895714,320.3873117790438,308.83361365620186,129.4411450978918,27.896905958750573,326.42702103354753,656.9745333970886,156.33509072351978,75.01505014005885,327.37441922997806,348.8861316182371,198.6915754202206,485.4708115089501,292.4402713620808,356.64876702788393,139.02577268036575,560.1103313048477,110.17504254583883,341.40598212604567,328.833058803501,312.78354084398524,0.0,0.0,0.0,25.431652615381022,1521.0840413936871,132.3312266019682,472.0695330766771,52.829514548963374,308.3688405012113,0.0
2159,Mic,012_02198,13.3866671499291,328.0363206668867,323.75931960361146,180.2282165473483,72.50588361802369,157.11207087128687,278.4512651314066,0.0,0.0,145.98217471023418,0.0,553.299003247964,474.85982753716866,316.6964153652441,324.2429860154853,104.08887030378368,233.64103851002835,254.53523847973236,1084.5223675200273,324.2607276918042,752.7267454890298,3514.6107171892595,0.0,0.0,73.44280988927791,0.0,277.92930514873865,139.82217658345863,45.76912148307388,134.41858115305843,99.34445774954708
2160,Mic,012_02199,403.882331520156,1044.5867805145301,1148.6696256050925,739.9971412142006,565.2553404100936,110.23601038182096,516.5777735563701,0.0,265.9959892671267,199.97620623069392,0.0,575.1353330664934,825.017979833507,796.2405503254033,468.38572136084565,156.49895722489256,510.7104365110758,658.5577707059633,622.5901877328085,576.910713881648,475.3284301022529,0.0,0.0,931.9211647186748,953.3117519726269,513.6775615198353,292.50920312375445,220.73566565552568,42.81788851312704,430.3047284371063,174.25995047871373
2161,Mic,012_02200,224.34763862110094,780.7203628105331,514.501814861479,803.1589123543888,706.2286602473097,135.02804484520237,397.5005059108202,127.31656673003513,330.04978796562585,59.744091390304284,0.0,528.3622788713268,524.7160228551846,294.8625928869173,393.41175907761226,242.81431248145984,239.41529957916714,546.8929822757302,254.2034903058991,238.87020903974565,258.76871250546566,0.0,0.0,0.0,31.559761679328258,0.0,268.7208040745335,195.27374259798287,13.111903610947536,166.06632942654457,0.0
2162,Mic,012_02201,22.311111916548498,0.0,4.07244427174354,22.250397104610904,5.37080619392768,261.8534514521448,509.7074005795239,0.0,462.80525623792465,380.01708972187936,83.96091485205237,27.323407567800697,0.0,0.0,0.0,64.43596733091371,71.88955031077796,53.02817468327758,65.72862833454711,54.0434546153007,150.54534909780597,0.0,0.0,837.6070079457655,0.0,0.0,69.48232628718466,139.82217658345863,10.170915885127528,431.2596145327292,0.0
2163,Mic,012_02202,0.0,11.790354824103757,5.708535420216927,0.0,30.114039969446033,73.41044359488076,94.82305313223313,547.1514835952664,374.9784666935633,639.8748722638855,58.84596870635112,0.0,63.39363886023338,0.0,17.823786028079596,59.05728480429898,124.56408071498151,118.93131230275705,0.0,162.33264751882277,140.6843000302641,0.0,0.0,0.0,0.0,0.0,129.86216441447613,81.66469920540435,49.8996681089117,172.7190720711242,417.76730485944904
2164,Mic,012_02203,217.41381737250924,0.0,11.671916171693539,63.771227415893755,115.44835635607939,375.2453478399039,139.77343317809863,283.05200996231025,117.59157109008817,239.08305143869978,0.0,0.0,172.82313451182668,0.0,18.2216383947778,120.75105553736131,117.32866711807398,151.9825363690366,94.19147185441797,154.89240117421005,71.91228729225553,0.0,0.0,0.0,35.08205650961043,0.0,182.54620098217936,150.27762951994492,145.75285710383645,80.26109477331056,0.0
2165,Mic,012_02204,0.0,0.0,33.76672427530529,89.60916383753631,12.723459691887715,186.09953782170882,167.70815455722342,674.0328306113564,186.61912507167943,186.63965967170336,198.90371710338607,16.182313338125507,124.99385374287097,0.0,30.122856091735994,117.4223418292552,137.19143580217957,25.124788300121182,0.0,109.73926577656212,118.88082917686522,0.0,0.0,0.0,0.0,0.0,41.150971841672096,165.61962613760232,48.18987452584408,398.04764345140006,156.89825799559463
2166,Mic,012_02205,1299.1293492245147,1953.4820447584825,2057.1526052684053,1771.7525508415754,1964.590944750895,260.6355284221348,0.0,0.0,506.3912369919829,0.0,0.0,2991.5954146326903,2513.303878637107,2013.9273338859578,1835.159116472505,111.00507431067962,889.4706441229523,316.68919206199257,654.2291378415388,1114.2647154237745,1623.3223301941712,0.0,0.0,0.0,0.0,0.0,288.1631361522775,202.95893461436148,0.0,97.55767178647362,0.0
2167,Mic,012_02206,15778.143749082588,56990.58463808479,47322.61692651428,50743.84486021369,123732.2199567679,0.0,0.0,0.0,0.0,503.5048194401336,0.0,36365.143492102376,25981.96416076262,23025.453481234603,22794.428633171883,12606.191644153847,9092.553456871137,12884.377975506759,7141.162666131872,15022.179953880312,8425.90738488951,0.0,0.0,0.0,0.0,9641.332693141525,0.0,0.0,100.4573538192596,110.63683217982503,0.0
2168,Mic,012_02207,111.13241780501485,1978.4418676825824,1966.5166349963667,2321.2726779385325,2898.1518423181305,362.3058530868038,783.6018945690957,0.0,149.86842991343653,397.5557253808265,348.5101767350278,1644.5275929870045,1230.619906092835,949.4067107177899,914.8519138895336,1152.1561161211919,848.2398843961009,851.1022036666051,1727.9263112603574,1110.952394628817,1041.488298715425,0.0,0.0,0.0,67.74466084614427,675.3088632049557,288.4115526489605,145.09564229511926,70.36344825702449,170.48563579434244,91.63669809656497
2169,Mic,012_02208,168.5145158873428,63.52920599340612,0.0,8.402797024211882,10.141345813239914,296.664557351077,433.695479948438,1163.288260550985,285.0973055322985,271.2733184951522,317.07592550010366,25.796511262541248,170.78992116462874,0.0,0.0,598.9920872607653,331.81961065013985,120.15560522352074,372.3333475656993,247.82784187873614,473.77506921956586,0.0,0.0,0.0,46.22576857736903,0.0,196.79847121929072,88.0057229084122,0.0,211.51159093201846,187.5857113976742
2170,Mic,012_02209,172.31559519307234,47.36826762666246,14.743473058981312,0.0,0.0,315.996082391498,463.22197209447967,465.36871813352263,621.8737401648453,699.0732498207598,202.64250877826177,0.0,36.383817791963516,21.23215316045183,15.344537595602358,257.20348671735167,183.14718769650574,230.3735288120134,0.0,186.33672321709483,121.11543122906194,0.0,0.0,0.0,0.0,0.0,447.19452106639153,168.73277700485048,24.547849617488243,229.80018714042603,279.7330784000405
2171,Mic,012_02210,11.505007108774407,57.831137985965405,21.000074075978738,0.0,27.69524157832587,0.0,555.6894827528813,121.25387307622394,368.1324558078134,818.4940520471687,108.23876974903138,0.0,0.0,0.0,0.0,242.81431248145984,182.77942225936417,82.03394734135954,84.73449676863304,169.19973140315315,129.38435625273283,0.0,0.0,0.0,0.0,314.6017194047184,74.64466779848152,15.021057122921762,26.223807221895072,144.4055038491692,811.1135847583503
2172,Mic,012_02211,101.34717346998211,0.0,0.0,53.904735627019626,170.77643657201176,79.2971301095646,0.0,405.88590107802975,695.7871074311632,154.37647765853154,254.25899686329072,41.37176334558502,136.95418206597586,0.0,57.759155666465475,105.07084077834769,151.18282003249297,96.35119286791756,0.0,222.1098582875465,151.9655882402381,0.0,0.0,0.0,0.0,0.0,227.947914777061,194.06922386642788,30.800603765339027,152.64751609716424,150.42250442266325
2173,Mic,012_02212,0.0,0.0,31.72948085508923,0.0,0.0,81.60675525838688,406.93198710416686,0.0,153.439875286484,469.3971452194538,0.0,0.0,0.0,0.0,0.0,193.09135094495244,40.45241281646121,66.10502552750332,102.42179463781372,36.091433283311076,78.19588521099631,1622.711312790726,0.0,0.0,0.0,0.0,54.135501791714255,36.31304100589824,0.0,26.182260042555676,0.0
2174,Mic,012_02213,0.0,113.42429015261092,118.19014293309404,39.136314907288224,94.46733086305673,92.11502237385038,592.1501805413465,190.2523098924752,831.3498557987693,448.32620909052997,0.0,12.014813464745238,106.06132090588815,61.89318071978286,55.91297260863325,170.00503161553397,161.57094366650642,83.94432693698025,115.6103544952856,108.63686219341857,88.26494440254925,0.0,0.0,0.0,0.0,214.6187072103421,254.60989427153285,20.4944834170275,62.61383012022344,142.84275935545904,29.122895833428867
2175,Mic,012_02214,209.61561732328005,321.95017671455133,0.0,0.0,0.0,683.3736415946217,1009.97577522239,184.09886826816924,1327.7331213814184,0.0,0.0,71.30742950621159,157.36740703515926,45.9166889486194,33.18412195471729,439.80872260762493,276.2097830707465,221.42496355553953,0.0,201.48605030791552,0.0,0.0,0.0,0.0,0.0,0.0,241.77589960093525,60.81696298548811,106.17443899596542,204.633165210652,0.0
2176,Mic,012_02215,0.0,330.1299350749052,245.4670230693279,137.2334535831984,173.15572982431468,440.46266156928465,321.95734319316364,962.4592362037216,59.81251615970948,246.85528067033147,0.0,306.40397656817555,655.0676015557449,493.25351446988526,409.94707864583063,632.2603431989655,445.0716591838666,490.5916632488728,921.3488949951802,422.0648835489392,1336.5008502875087,0.0,0.0,0.0,34.316072743025046,0.0,259.72432882895225,97.99763904648522,142.57048031117628,298.3329426683054,185.6743577153107
2177,Mic,012_02216,197.18386859025432,28.051857191893607,16.97733261337242,25.972281711200363,42.54097009969471,130.99473960956647,175.7620180257146,260.7509425107343,388.60807202426236,198.99437816716025,105.00566363964472,17.086000966098748,50.27582094889503,36.67371909532588,37.105881822092975,107.44906760116002,128.20303138755403,168.0097856588623,0.0,86.90067182760876,104.59969060691712,0.0,0.0,593.613174332473,20.41137833286425,406.93936691831107,135.17470750415924,136.00884449481887,42.40083115747969,170.4453794458668,69.0250453194905
2178,Mic,012_02217,178.4746390308439,132.26794219074438,16.706129216992668,0.0,22.03231678275764,161.12771485521753,396.8914388254121,231.50579728546782,555.4229351424484,0.0,86.10688072686521,0.0,30.92043301170062,0.0,0.0,35.58309623803468,129.022220086516,43.506821912669906,0.0,79.17822424240771,102.92876903172676,0.0,0.0,0.0,0.0,0.0,201.89832510605254,119.49658861365874,146.0322555519588,160.82989981412263,33.961204406394685
2179,Mic,012_02218,83.03613826332833,0.0,33.68127822813982,20.7025433929858,16.65728297826846,81.21251972573766,315.51578163147127,726.8496058291423,544.6250774661321,301.8375399805808,0.0,14.1236937669308,23.37704234942583,27.283829665121672,0.0,345.8853764753061,122.83543264991086,175.4284735415869,0.0,175.59460616206746,25.939375770475426,1457.8706708445936,0.0,86.5931882610598,0.0,0.0,77.81796768556671,72.27523137405834,42.0594396022665,170.81008510854628,51.351966083099214
2180,Mic,012_02219,414.39733152170464,124.527898540534,723.5119860893807,548.0314788746996,574.6762627502618,845.8360545020224,76.22458680923698,189.88814085521864,258.4352113315749,785.9166135343423,0.0,606.7858624019136,395.64541485726363,426.2454898626556,231.0366226658619,330.2226424462356,362.8387680779831,449.6389000502819,132.69741946785928,405.25307477026035,1013.1039216015873,0.0,0.0,0.0,0.0,492.6781643507854,210.41345979421015,282.2825074420769,61.60120753067805,520.1322770718189,668.5444641007257
2181,Mic,012_02220,375.7044944373544,35.4097213733739,197.15971185759054,0.0,28.26276702050468,110.23601038182096,248.35469882517788,381.1148374574494,1005.2575698277126,224.36354845394928,353.4616874427386,0.0,31.731460762827197,18.517222100590775,80.2946950904307,239.9650677448353,233.28748334456552,89.29596890928316,484.23681268107333,235.63958736010974,633.7712401363373,0.0,0.0,0.0,0.0,1027.3551230396706,219.38190234281583,220.73566565552568,0.0,353.67511926337505,348.51990095742747
2182,Mic,012_02221,240.01932398008015,0.0,28.26496456712814,27.025212050843624,205.01963968387716,272.61067432261126,434.01661691989193,510.00362155371215,506.87687810854015,836.2881030504429,145.68353333788548,47.40980448250824,65.39253738285333,0.0,33.09443513862346,43.00196572395697,187.1071268899437,92.01104904503839,57.024026203755746,160.75319473215313,261.2165246507876,0.0,0.0,363.34033723052795,21.238866643656046,0.0,251.16922002462022,80.87012375367608,26.471870263183266,170.06675216831212,229.83474549624947
2183,Mic,012_02222,373.9381845907186,107.52177563043293,135.93134231813005,69.5275682976824,49.584898777124366,37.19245925492853,241.32164540711977,230.449424040111,293.708363048376,184.3078783952219,59.62710988386905,87.3200491851507,64.23514734067895,187.42542281018316,81.27173230945142,144.32296903372284,233.99889578480546,60.25502326843222,280.0737570184463,159.00458881600326,534.5692152698641,0.0,0.0,628.8406089362741,226.01537291147253,173.3093542738382,115.13774864845423,99.29849266214651,57.78520352435286,246.6075407548091,23.517382697348534
2184,Mic,012_02223,433.5832949317577,189.72911519652368,307.3814896675185,312.72031087404764,419.35835389883965,272.61067432261126,570.4998297877825,387.6027523808213,105.36204769671902,731.7520901691378,364.2088333447137,165.93431568877884,196.17761214856003,290.01973533222576,253.72400272944654,713.8326310176857,389.8065143540494,524.4629795567189,171.07207861126722,321.50638946430627,478.8969618597773,0.0,170.26374751720957,0.0,84.95546657462418,0.0,472.198133646286,141.52271656893313,132.35935131591634,325.5563541507689,143.6467159351559
2185,Mic,012_02224,134.1801765847694,25.292658123838496,58.16823797040715,23.417631051082296,0.0,393.70003707793194,539.2844888775292,844.9577565151244,241.81453569738787,38.322966350829844,0.0,0.0,11.332664558152569,79.35952328824617,19.11778454534064,141.5942946320457,234.18820721848277,135.53852423730478,148.23575898400202,75.45109940102037,113.17343573863164,0.0,0.0,107.94453645390057,36.80740355106668,1467.650175770958,121.87883463489769,218.98379529318024,84.10656672221383,176.83755963168753,199.15422911852997
2186,Mic,012_02225,0.0,11.920491190815717,112.54509898003836,47.30051305019934,0.0,222.66214017520127,0.0,0.0,0.0,610.814094624846,0.0,0.0,0.0,187.01168015497305,0.0,147.51667711926962,84.90266979308214,225.4575373951272,0.0,164.1243985951895,320.0334904661968,0.0,0.0,0.0,0.0,0.0,147.70746184229324,99.0792906915899,86.48646355300494,190.50050574009606,211.18921150731532
2187,Mic,012_02226,0.0,0.0,9.015549042963285,9.85155513183462,0.0,0.0,438.81706095869356,926.5886487042064,363.3174058507552,297.5255751237153,185.87209425868144,0.0,0.0,0.0,0.0,526.699938798259,145.8862081306649,234.78681480458067,145.50958410613532,119.6410271138726,111.09208519631197,0.0,0.0,0.0,0.0,540.2470905639645,51.27316491537074,103.17912340986257,0.0,61.99477665248815,0.0
2188,Mic,012_02227,203.0977187746706,0.0,0.0,0.0,0.0,125.45516106886339,376.85663254566794,146.4547713237824,275.19937831232573,566.1867287802046,201.13025125006575,0.0,0.0,0.0,0.0,225.59986495478918,86.10651361850643,0.0,0.0,92.4730753278866,120.21158472735252,0.0,0.0,716.609407117779,4398.347383294442,584.5957323266781,55.48215606513999,27.912262862742676,146.1879402593703,0.0,0.0
2189,Mic,012_02228,0.0,0.0,80.44643761413394,0.0,0.0,517.2612794839291,0.0,0.0,0.0,0.0,0.0,0.0,0.0,0.0,0.0,0.0,207.09720454912573,209.50208090254898,0.0,0.0,0.0,0.0,0.0,0.0,0.0,0.0,114.37859865736554,115.08440688023136,150.6860307288894,82.97762413486878,327.0725224369704
2190,Mic,012_02229,0.0,419.99863962307376,21.78757685382794,47.615849803867334,143.66906568756545,0.0,0.0,0.0,0.0,0.0,0.0,146.18023048773372,0.0,94.12921234466975,272.1098000286818,0.0,106.83585948962836,0.0,0.0,0.0,0.0,0.0,0.0,0.0,0.0,1305.5971355295812,185.865222818219,0.0,0.0,119.85656819481044,0.0
2191,Mic,012_02230,0.0,0.0,283.501000025713,223.73712558443688,207.71431183744403,202.54206726780356,12.1683828340047,1091.2848576860156,583.9342402468765,0.0,0.0,105.67245577426536,58.30178031724274,136.09042748626956,245.88234942350766,517.5778766052169,92.67689015967761,123.0509210120393,0.0,89.57632838990463,0.0,0.0,0.0,1804.81964414338,0.0,0.0,447.8680067908891,180.25268547506116,118.00713249852784,216.60825577375383,0.0
2192,Mic,012_02231,364.6041343744326,163.63583361937938,178.2619924404104,259.72281711200367,15.67298898409805,0.0,0.0,494.0544173887597,0.0,1149.5306311598092,0.0,0.0,351.93074664226526,205.37282693382494,222.63529093255787,303.7502487955869,303.02534691603677,92.84751312726601,575.4242644197171,45.05960761431565,439.318700549052,0.0,0.0,0.0,0.0,2848.575568428177,67.58735375207962,170.01105561852359,0.0,147.09669732999464,96.6350634472867
2193,Mic,012_02232,302.0340045137358,0.0,0.0,22.81909735009617,0.0,0.0,0.0,385.8429954757797,457.8031465416545,266.15706400843544,0.0,0.0,0.0,36.08787693725358,0.0,0.0,159.7417962975913,228.41081504151703,0.0,79.17822424240771,51.46438451586338,0.0,0.0,0.0,0.0,0.0,106.88734858555723,95.59727089092699,73.0161277759794,183.80559978756872,33.961204406394685
2194,Mic,012_02233,60.09958258919219,0.0,4.570820318984883,0.0,0.0,0.0,504.987887611195,575.3411484548591,379.4507312154566,499.34362258525647,0.0,15.333590610601444,0.0,0.0,14.271493008497298,0.0,170.33969205339346,95.22821859206772,0.0,147.3102556621858,112.64582065360308,0.0,0.0,0.0,0.0,273.9014969642479,64.98784014623041,52.3110940364688,22.831216777104455,119.43748928503838,37.167332095110275
2195,Mic,012_02234,32.802443932269014,0.0,9.979042833814324,0.0,39.4815753034531,256.6563600492778,375.20728545157493,572.3460489823135,99.19582098673291,238.4746976182451,0.0,22.31759244087538,0.0,28.74174422738008,0.0,421.047236910398,123.96221864445427,121.27664988633559,0.0,44.14236369341356,122.96452178217739,0.0,0.0,0.0,0.0,0.0,113.50547958364517,85.65442496811112,91.38296180759619,215.00987424259887,27.047982135372866
2196,Mic,012_02235,242.40164977640848,0.0,0.0,0.0,13.261759909621428,0.0,380.68317681459314,0.0,0.0,835.3602686165852,207.31887436545244,0.0,0.0,0.0,31.39728461869406,416.1267144672144,39.44708658078586,78.56328033845585,162.29915150299715,114.38208086710898,0.0,0.0,0.0,0.0,2841.106853332143,0.0,142.9732483217069,0.0,25.1143384548149,82.97762413486878,81.7681306092426
2197,Mic,012_02236,145.93992979677424,40.75458497690204,0.0,0.0,0.0,126.87540817530336,209.61761372540172,113.93288451313119,318.0741062542461,342.4350958971063,0.0,0.0,18.26055760879678,0.0,0.0,138.09310502297126,74.9866787361165,25.693651431444682,79.61845168071557,65.46395823211897,60.786235296095235,0.0,0.0,0.0,1690.2931981687018,0.0,70.13781993140338,28.22825074420769,12.32024150613561,13.56866809752571,40.112667846043536
2198,Mic,012_02237,239.57846653734322,57.651058819639005,4.652151641386749,0.0,30.676668830085152,0.0,334.26244518036395,676.9072978458096,408.69975796947944,190.58577765931943,95.91264650359008,31.212860602363076,17.220810556338602,40.19752840341769,0.0,135.89233296396367,136.87156375895447,0.0,75.08501670957162,44.097480761340954,57.32509734329266,0.0,1120.9534978891022,164.02959809898772,363.5549770675643,278.7751890810494,105.83073185379016,93.17331873755386,34.856199278924585,230.32934813237594,75.65734504769777
2199,Mic,012_02238,214.11767095994844,74.226563703636,47.16898081756565,88.359308914393,0.0,606.5821705288344,104.12121394045258,186.75596533595728,445.3447376871628,521.4365749590887,277.8500378093692,67.81557084482493,74.83063556182186,0.0,63.118252583972584,582.2998142104894,214.77311959255184,333.4214818487731,0.0,268.2672515182195,249.098232270081,287.18086807121097,649.4596554780157,0.0,0.0,0.0,134.12954223995183,77.11841698159832,0.0,407.759458807087,328.75846327427433
2200,Mic,012_02240,0.0,49.411604661538085,107.65626210126746,56.01864682807921,54.087177670612874,527.4036575130258,922.8406103012428,1296.4892064156013,334.67944562487213,0.0,211.38395033340245,137.58139340021998,37.953315814361936,88.59219985380685,128.0516706017326,56.155508180696756,223.7268586959276,66.75311401306706,330.9629756139549,174.93730014969609,568.5300830634791,4751.998716966567,0.0,0.0,0.0,614.3986520139206,189.50963895190955,249.34954824050124,38.41016469559925,98.70540910160858,41.6857136439276
2201,Mic,012_02241,348.84370263025573,53.13635925647744,135.06689710122117,115.96480026034111,95.42594768915788,310.16589636951466,0.0,406.6479060713141,89.4216640968464,120.76683861110216,99.45185855169304,275.0993267481336,464.26288533066355,166.72332813816047,60.24571218347199,399.2359622194677,544.0350040431259,866.8051963541809,1323.546586057652,795.6096768800754,1129.3678771802197,0.0,0.0,524.4205816221327,57.9954292114593,289.0620964272136,205.7548592083605,289.83434574080405,120.47468631461021,391.41351606054326,78.44912899779732
2202,Mic,012_02242,188.81285530104543,2.7272638936563234,9.903444024467245,60.60199065946752,26.12164830683008,152.82719621116087,400.929777436767,66.33138011237978,202.74212208308052,0.0,204.1776792993092,0.0,29.327562220188774,8.557201122242708,6.184313637015496,277.23236993248014,141.8003225953249,185.69502625453202,0.0,127.66888824056105,73.21978342484199,0.0,0.0,0.0,0.0,474.7625947380296,140.8069869834992,39.66924631098883,118.72232724094314,119.85656819481044,48.31753172364335
2203,Mic,012_02243,233.28556759648433,0.0,4.2581583427676755,41.877131749329585,0.0,219.03572095410678,217.12834255595354,275.3687306473724,312.31095571340165,256.82175051395626,438.94875679981783,128.56241769279515,0.0,0.0,39.88580130713577,191.75795138793842,152.42379953243392,155.24991337241005,137.45205013283143,258.3221804599204,157.41060931724988,0.0,0.0,0.0,3481.2370342305285,0.0,217.95270428195062,97.46562146208518,53.17368076752339,29.280920568764767,173.1247065016537
2204,Mic,012_02244,0.0,0.0,46.21607211418048,14.429045395111315,60.95051271593685,84.90399789508938,0.0,0.0,287.35103917287,112.69908148625579,0.0,0.0,73.31890555047192,0.0,0.0,0.0,126.26056121501533,34.38796782491334,0.0,150.19869204771885,244.0659447494733,0.0,0.0,0.0,0.0,0.0,150.19411944906585,75.56046916378827,98.93527270078596,81.72038740555257,107.37229271920745
2205,Mic,012_02245,232.90624147031116,0.0,69.08256075603981,63.874920468602525,14.01649421342102,0.0,73.90066647968708,0.0,248.4145840003944,278.1743182050997,438.23501898388315,17.826857376552898,118.02555527636946,68.8750334229291,82.96030488679322,0.0,247.54650369548034,249.10308399998198,343.07137716080695,90.66872263856199,458.36774989535235,0.0,0.0,0.0,0.0,1273.7533029556892,407.9968305765782,106.4296852246042,66.35902437247837,248.48312918436312,691.3728116553846
2206,Mic,012_02246,533.9312976502188,58.06432805848946,112.4520095681442,92.15970929780775,80.33109049197208,241.01780047638277,524.8978043270486,530.2575288182825,268.12564109200895,319.9199732513068,289.80057706998724,110.0281304746383,86.72128613496679,0.0,0.0,279.4357127510179,289.49071603641227,12.202182131420864,0.0,213.1852403257945,230.9441197629425,0.0,0.0,357.9451146090813,1746.3068129228302,280.7735775332433,279.79710961882427,120.65300721314576,163.828301031409,360.8584848876013,38.099845803589744
2207,Mic,012_02247,155.55186081908565,0.0,5.915179236333377,19.391070055873573,7.801035240953779,190.16958804556216,299.3367116609346,778.7132219777584,57.21016164527729,350.0300883808416,0.0,29.76520530293221,43.79228747810993,0.0,9.234495476086487,43.19654475438211,111.67006127648936,92.42738863347748,143.2051336791151,44.855717987101556,72.88847218762551,0.0,0.0,0.0,0.0,177.23038038863095,168.2038215549493,101.54506489432177,36.93285066884543,223.71418271655796,24.049450179188998
2208,Mic,012_02248,0.0,0.0,440.64762176281226,321.005729014836,1065.4110489190248,188.88754587896287,873.7992662036407,0.0,0.0,0.0,0.0,344.9196449710571,217.48529286881558,0.0,183.4448090081001,0.0,129.6435148862906,420.76962877899575,0.0,83.53747479058522,180.99272307264312,0.0,0.0,129.4728007466729,7770.084246263379,0.0,0.0,0.0,36.68386515871838,0.0,0.0
2209,Mic,012_02249,181.10468086743163,48.27570570380158,132.72891646584839,51.9943187513494,26.421897137943073,64.40992943765401,222.50424166776793,133.03082971408708,224.0457336079657,319.18452503693595,51.631137294078194,42.00581335854418,111.24247738692291,140.65284603226516,70.37322414534873,134.11341034214934,173.14777227629423,110.87155143549644,80.83865783674186,175.66341282592407,123.43565021812444,0.0,0.0,0.0,15.054369076920953,150.06863626776797,64.09145614421342,200.626073296955,18.763586201873196,254.8674151268958,162.9096855050044
2210,Mic,012_02250,167.0031749376805,80.71722734588221,48.851069178986414,40.569558128855576,38.655353996654384,326.6709874169806,15.096797835910163,191.8040525903049,456.7263652025189,151.20881246945171,40.28617887520002,26.220669145781837,101.26557358540516,50.65249094780436,79.31451570342743,140.31882088998216,153.30706294475814,147.57526999301376,63.07590342418423,162.99589002487878,192.62603711169194,0.0,0.0,0.0,0.0,0.0,172.2517760049264,145.36072318952986,48.80215245330248,249.92513098917868,31.778346724070367
2211,Mic,012_02251,204.6247692917734,140.25928595946803,299.93287616957946,550.3650172135315,268.67981115596655,145.54971067729608,0.0,333.2906783971792,150.51721099531287,785.6735966470404,0.0,341.720019321975,481.8099507602441,317.8388988261576,247.3725454806198,213.52058305358722,443.99318229455935,972.6882327618343,456.68592414263253,536.4239001704244,976.2637789978932,0.0,0.0,1396.7368807822893,0.0,339.11613909859256,96.55336250297088,194.29834927831266,84.80166231495939,692.6775694375408,92.03339375932067
2212,Mic,012_02252,4.340525409219436,0.0,23.76826565872139,12.986140855600182,67.91628559775822,407.53918989642904,336.6585917407967,0.0,63.855786482860005,320.06539142096653,81.67107171972368,26.578223725042502,0.0,34.22880448897083,0.0,67.50005528790821,153.45514363055705,61.898342084844,0.0,45.05960761431565,146.43956684968398,0.0,0.0,861.3210764824119,0.0,0.0,90.1164716694395,22.66814074913648,0.0,43.58420661629471,128.84675126304896
2213,Mic,012_02253,64.86219102078854,149.4334782486408,93.7276891070334,277.60938847915105,78.06922814720538,380.62622452591006,491.6485849195786,236.41073536474718,81.50648972765056,435.06098249222526,0.0,190.3101113896911,209.99641250116298,170.49819594506224,61.60976604422984,126.08500893401721,237.05466181094894,173.43214716225162,278.6645808825045,112.22392839791824,212.75182353633335,0.0,0.0,0.0,14.827133317269313,295.6068986104712,189.37211381478915,56.45650148841538,12.32024150613561,105.15717775582425,80.22533569208707
2214,Mic,012_02254,442.09055093901657,355.55440391371326,32.277891635300655,264.5324989103741,0.0,415.086211931548,648.3795100193121,0.0,1144.6740984334906,0.0,0.0,54.14082610656805,119.48266089706536,0.0,100.7814074180303,471.42895756634306,1155.4100359619067,588.4163383374059,0.0,397.7483882004407,0.0,0.0,0.0,0.0,0.0,0.0,137.67794282831036,323.2308958673164,161.22785180868823,355.13057242906797,0.0
2215,Mic,012_02255,8.401016921069875,0.0,19.16795617638822,20.94538847677449,50.55802898096145,147.89728665596215,189.5555707162257,318.74478541210306,630.318408508231,466.79232460758857,0.0,0.0,42.5722677389837,0.0,0.0,172.63839025248416,144.74535801820613,69.8852249345013,0.0,167.15660889181615,188.95427980604384,1552.1241637983635,0.0,0.0,0.0,0.0,141.7154191575863,120.65300721314576,38.297524916433275,152.89620869425966,93.51780333608392
2216,Mic,012_02256,368.5232495497472,61.16485043054472,0.0,38.13890882348596,50.21443072575102,122.41013288758029,132.37546568448803,282.13598404010213,176.4558565794566,314.1350125699421,130.83229935683892,31.93257462110688,105.70735411888428,41.12441316029261,29.720730585656987,208.5386590205486,191.37102986248962,8.263128190937914,0.0,168.4266886554517,195.48971302749072,1825.550226889567,0.0,0.0,0.0,190.1355051742109,198.49683990295227,72.62608201179648,31.69770872937803,122.18388019859316,567.6137221903732
2217,Mic,012_02257,78.12945736594985,16.363583361937938,5.9420664146803475,0.0,7.836494492049025,305.65439242232173,119.36077343537336,0.0,172.410623503722,554.4794809123786,122.50660757958552,0.0,0.0,0.0,37.105881822092975,130.17867805525157,99.06597879947356,154.74585521211003,0.0,101.38411713221022,73.21978342484199,0.0,0.0,0.0,0.0,0.0,16.896838438019905,17.00110556185236,0.0,57.204271183886796,0.0
2218,Mic,012_02258,0.0,0.0,0.0,6.884219248751903,29.080003657242163,162.03365381424283,219.0308910120846,403.7753973438257,233.57369609875053,301.1102206071336,194.8297855482565,31.70173673227961,46.641424253794185,0.0,0.0,118.85121610934613,78.77535663572596,24.61018420240786,50.840698061179815,35.83053135596185,116.44592062745957,1980.1639855078802,0.0,509.05169450197894,0.0,188.76103164283103,143.3177621730845,63.0884399162714,31.468568666274084,216.60825577375383,76.84233960868582
2219,Mic,012_02259,344.5803897979391,0.0,0.0,0.0,8.132211265333893,237.8913903286938,228.67376042771096,398.7650957959591,293.22456670313306,0.0,0.0,0.0,45.651394021991955,0.0,0.0,82.5556606115589,63.496784413647035,176.6438535911822,298.5691938026834,58.44996270724908,227.94838236035713,0.0,0.0,0.0,0.0,0.0,17.534454982850846,0.0,61.60120753067805,135.6866809752571,0.0
2220,Mic,012_02260,226.16421869090743,91.6805179870886,82.11955961884215,145.51533047022275,99.51948862568199,285.4158163536111,548.713494178548,266.5526568066125,699.432269090274,371.27554790480605,91.51597170631176,44.673075531056156,73.94130712560326,19.177428661053263,34.64895586103758,586.1846906581502,349.347818976272,115.59962019240815,143.28617789738286,138.85091310693196,300.83510337541196,0.0,0.0,97.819009053089,26.68380529084121,0.0,138.84668597625867,107.95269066439356,77.60287943593057,106.83310407856618,0.0
2221,Mic,012_02261,11.862305466189763,14.90678401501593,129.9135017371107,88.72518596993913,17.847088905287634,382.85902156419183,161.01063083255494,759.4935919485592,628.2457502413059,326.477339162669,0.0,136.19276132397553,180.33718383842785,81.85148899536502,67.6049192617843,382.12098734414764,244.19625026200765,310.13248001101965,218.41500719865036,210.37145997987952,333.5062599061126,0.0,0.0,1169.0080415243074,0.0,0.0,323.2438657708156,201.33814454201965,33.797763966107006,409.4479037710916,88.03194185674151
2222,Mic,012_02262,360.66955738478043,77.69759006387798,28.21412829992107,107.90642221739719,49.61233923023843,302.35596372711683,105.35718518506947,0.0,265.3001200996522,337.1243027480947,96.94767506298135,63.09938006664766,121.84652649035262,20.31565734057621,102.77528418349492,240.3778947303206,225.96937187014916,269.4136472038174,75.8952866740634,151.5493997100185,173.83114050502056,0.0,0.0,0.0,0.0,0.0,200.57398145850965,174.9034600967545,46.97646041907822,213.41367358428477,152.9475824345545
2223,Mic,012_02263,120.86454056910851,16.157936892398325,14.081737284341218,46.162583292797784,55.71367717866094,181.087880609275,244.78766544887372,222.24071637974333,206.18425850883972,136.21009274065963,48.38681089319356,0.0,26.06309389406363,0.0,7.327912029497715,297.07641670697745,173.77610179102922,116.12884646079353,151.51805885378545,200.21997997384426,173.51905587215697,0.0,0.0,0.0,0.0,140.6388296800267,100.10694227193123,134.29957714928256,82.06121362255497,142.0203501051614,229.0094860869272
2224,Mic,012_02264,0.0,0.0,0.0,0.0,0.0,0.0,0.0,0.0,0.0,355.0021066817058,0.0,0.0,0.0,0.0,0.0,0.0,0.0,0.0,0.0,84.48676427684185,0.0,0.0,3579.4083284867916,0.0,0.0,0.0,0.0,0.0,0.0,0.0,0.0
2225,Mic,012_02265,145.24847118214802,0.0,16.315190155752592,11.142554556287207,69.92940482764496,52.452391835343825,204.83128046631936,134.23995480271813,430.65298746552855,185.66338541261484,168.18379823718448,0.0,15.09843296827191,0.0,38.20574415379308,208.50251087372587,157.00371238569406,143.39943525115967,32.91558454818974,92.79045561762351,25.13003487280068,0.0,442.26074823112936,329.5732499505792,12.259564209286639,122.20878023677828,28.99613460502636,70.02015395209084,30.5603494457966,131.8235266417182,16.583240217163084
2226,Mic,012_02266,0.0,0.0,98.66072537582464,67.38091953377453,32.52884506133557,0.0,28.58422005346387,0.0,0.0,0.0,0.0,0.0,0.0,0.0,0.0,285.192282112658,42.331189609098026,0.0,0.0,93.51994033159853,151.9655882402381,0.0,3565.901127247219,0.0,0.0,0.0,105.20672989710508,0.0,30.800603765339027,50.882505365721414,0.0
2227,Mic,012_02267,396.18838309683787,0.0,125.16267554326689,288.734408385153,311.7924404283335,178.84033599178397,300.84384793858425,2071.6998175964836,89.66982782699489,15.82582846402741,286.7175922075405,0.0,0.0,0.0,0.0,0.0,88.65103234245757,0.0,224.45627335520874,105.4586561186111,0.0,0.0,0.0,0.0,0.0,0.0,118.63737626694828,159.15928611095822,0.0,0.0,0.0
2228,Mic,012_02268,129.98406163196282,35.23120261200161,32.56506148970725,15.250628051060712,24.541335064068118,149.5639820571859,111.42081506012133,53.7228014163341,183.72741413306872,79.4107406913831,0.0,0.0,0.0,0.0,7.262717082616062,31.141992970908337,55.88922186823974,236.2490102704455,0.0,66.14622114201143,28.66254867164633,0.0,0.0,0.0,1538.1172106704644,0.0,59.529786667756966,46.58665936877693,29.04683273243716,92.77154299776254,0.0
2229,Mic,012_02269,215.5130597678494,89.1740230916618,230.26870216155768,170.3686369129198,28.470200172948747,185.0751366960847,0.0,24.929351336130075,593.5073145484905,253.8520962064727,0.0,144.8391274557362,124.30581418098359,82.90279252374584,14.978521102496243,297.7787498022268,187.01176138184485,81.20608181773112,38.7135590741094,168.25009448648137,177.33965893723197,0.0,0.0,0.0,173.02856495015197,718.6773223098613,115.95261607008156,171.57079007373937,65.89633759703726,131.95218516859865,39.00864946495977
2230,Mic,012_02270,0.0,24.827505790526526,324.55976554667825,0.0,47.55941484829752,115.9378729877772,1051.767876266075,666.310938394036,0.0,789.9816994664166,185.87209425868144,0.0,0.0,0.0,0.0,0.0,101.67826627288767,23.478681480458068,0.0,170.91575301981797,333.2762555889359,0.0,0.0,0.0,108.39145735383083,0.0,25.63658245768537,103.17912340986257,0.0,61.99477665248815,0.0
2231,Mic,012_02271,0.0,51.428404851804956,44.1410647947683,85.33749705108691,13.433990557798326,218.32456601594407,83.94603846004281,509.7386846074505,563.7553720915355,274.34176407511416,0.0,0.0,12.568955237223758,0.0,31.805041561793974,107.44906760116002,111.55328705150804,53.05572178700915,0.0,51.49669441636075,83.6797524855337,0.0,654.5203800661562,0.0,0.0,0.0,77.24269000237672,9.714917463915633,16.96033246299188,112.07367415618639,55.2200362555924
2232,Mic,012_02272,98.78437138223542,0.0,5.634718151852053,92.35832936094957,44.586951420278936,507.22819432152534,413.56766657813387,1249.3330094888179,567.6834466418051,205.19005180945882,116.17005891167591,18.90261601134488,83.43185804019218,0.0,35.186612072674365,109.72915391630397,185.12075652944222,146.74175925286295,90.94349006633458,106.82234563738625,138.86510649538997,0.0,1221.935946621353,115.89303859939255,33.872330423072135,1012.9632948074338,32.04572807210671,177.33911836070132,70.36344825702449,224.73106536526956,137.45504714484747
2233,Mic,012_02273,118.5412456586825,0.0,4.507774521481642,44.33199809325579,5.94492685603719,115.9378729877772,275.13133187092694,395.62211967145896,236.1563138029909,0.0,371.7441885173629,0.0,16.686371608038435,0.0,42.22393448720924,98.75623852467359,152.5173994093315,35.218022220687104,0.0,162.3699653688271,0.0,0.0,0.0,741.7154470361122,2113.633418399702,0.0,51.27316491537074,193.46085639349238,56.29075860561959,154.9869416312204,0.0
2234,Mic,012_02274,364.8864449701542,73.17049470785257,31.884258810479917,15.484829204509703,18.688658951228025,273.34945663784873,418.77044338489344,151.37018057605027,682.4262709895893,249.95373519878524,219.11750949194158,71.30742950621159,26.227901172526543,15.305562982873134,44.245495939623055,284.5821146284632,357.85670007908027,276.7812044444244,114.35712572026897,235.06705869256814,349.2325713488398,0.0,938.9884178794618,1634.257854411256,958.3391046527726,1698.337737274252,171.25792888399582,152.04240746372025,8.84786991633045,419.0107668599064,288.0720048564102
2235,Mic,012_02275,292.63542275060064,77.41910407798595,45.683628887058575,103.67967296003373,92.68971979842932,225.9541879466088,0.0,275.95034662992254,249.24355369116324,227.9429809415561,72.45014426749681,58.94364132569909,65.0409646012251,75.91065511666918,32.9165080679857,487.5868049022863,175.76222045067888,137.2745489784847,226.86978167085618,199.86116280543234,303.114157188862,0.0,0.0,1889.5371915421697,0.0,631.7405494497974,169.87681655428617,120.65300721314576,8.776516126682624,144.98778410662553,114.29953741076922
2236,Mic,012_02276,107.91854270867502,0.0,20.892196983122684,0.0,47.233665431528365,230.28755593462597,64.56466142974183,889.222752758308,194.84762245283653,166.4241230714846,307.6649962044385,140.17282375536115,77.33637982721012,38.683237949864285,18.63765753621108,112.61017051456311,140.49647275348386,124.36196583256329,96.34196207940467,124.47973792995876,147.1082406709154,0.0,0.0,0.0,17.941508351946887,894.2446133764256,0.0,17.07873618085625,22.362082185794083,246.28061957837764,48.538159722381444
2237,Mic,012_02277,0.0,40.60137225142496,98.28982039320876,0.0,324.06556170127544,0.0,356.908732597386,0.0,47.531750840625115,335.5551599139646,0.0,263.7838745643316,0.0,169.85722528361464,153.44537595602358,0.0,130.13089652120144,332.76176383957494,317.2765367727763,74.53468928683793,121.11543122906194,0.0,0.0,0.0,0.0,0.0,0.0,84.36638850242524,0.0,148.69423873792272,0.0
2238,Mic,012_02278,136.8934936753822,172.0274148306296,67.03869801177827,43.28713618533394,36.16843611714934,352.6781451026789,32.95958240818989,0.0,63.855786482860005,138.70656182923793,0.0,61.33436244240578,349.6747803176353,157.97909764140383,199.80090211896217,103.84623890447418,233.0964207046437,166.64938253611848,344.27092743059995,144.42181927665274,187.74303442267177,1103.8723810009951,0.0,0.0,0.0,0.0,164.6358617037837,191.80734480038555,38.05202796184075,88.00657105213355,24.77822139674018
2239,Mic,012_02279,78.84624137848148,37.15584295485908,101.94187335277293,68.80271875329454,15.816777873860417,424.1305215951941,273.3420676060597,623.2337834032519,125.66115780342633,201.30744188416517,123.63052141059089,50.291363699908395,77.69113386311474,12.95356133183529,46.807878445300766,131.3729778539236,182.30706298230157,203.01520454432782,0.0,113.68249627464958,184.72881139294998,1054.2040810733329,0.0,0.0,72.09523539589667,0.0,170.5185530442376,51.47123702212181,44.92932108888903,387.6095439327585,170.662841409199
2240,Mic,012_02280,414.11190933899485,0.0,51.77245985068026,65.05927993003655,99.00363338469857,399.46910692818284,183.99558677318788,789.1826337166988,118.92349938045511,282.79658625620465,106.73843036637153,95.52371497218243,76.65818243692905,33.55100638027833,113.15457030895678,384.3779668870134,215.7872805533087,256.1733365491564,41.77997959483094,215.92920876563144,255.18181946083544,0.0,0.0,68.45393623635972,15.561149818124228,0.0,191.38597201083934,148.12844449930768,51.720617807935625,195.80528467469034,63.14766522297943
2241,Mic,012_02281,579.861611639154,115.81731923730874,329.4421808460846,153.18772054863484,226.4809936308002,360.5574602300846,620.0655563697783,380.43809024424894,466.07876326966846,159.53113947652295,0.0,870.0271090690856,778.3991045036697,817.6371259965953,908.2485282458683,226.0773586720633,548.2140350218464,529.3718800285586,622.2192671562624,544.8226014492321,993.2764185782854,3323.367874073411,422.2358349957609,0.0,1706.5116174540797,420.0312500363264,59.79578213990959,70.19223207842528,35.01194637132372,327.75790766409295,0.0
2242,Mic,012_02282,292.63542275060064,0.0,105.4237589701352,61.4398061985385,41.710373909293196,180.76335035728704,352.9485235992223,288.1246266283015,0.0,231.94198060719745,0.0,153.2534674468176,91.05735044171514,75.91065511666918,186.526879051919,0.0,189.547492642889,292.8523711541007,56.717445417714046,159.8889302443459,259.8121347333103,0.0,846.7417551259077,1486.848937606953,42.24935837716525,1474.0612820495273,259.8116017889082,140.76184174867007,43.88258063341313,217.48167615993827,57.14976870538461
2243,Mic,012_02283,177.81186848802378,1042.7552432021141,1983.420789451923,1763.428368598397,808.5100524210579,0.0,222.89120556632054,697.5442636312565,130.79426610627186,0.0,0.0,3115.151118669636,1501.7734447234595,3038.1014742969282,2364.5403312837175,219.45830783260794,667.5399220524364,399.1375851677872,727.5479205306766,461.4725331535086,1110.9208519631197,0.0,0.0,0.0,0.0,0.0,179.45607720379763,25.794780852465642,67.54891032674351,334.77179392343606,0.0
2244,Mic,012_02284,0.0,3379.580890261468,2374.401232641657,2225.3121643031877,1161.080612495427,228.72097392146523,247.34100617691183,0.0,50.17240366510429,667.9145564001772,0.0,2088.289006967625,2106.796306429887,1921.0043335646892,1749.2772858986689,270.5906006439469,549.4415630895172,509.5033600181037,287.0597237467976,606.925327049966,328.74188476459665,0.0,0.0,0.0,0.0,0.0,126.43892708722379,254.43831453112372,44.41991835545492,256.8355032745938,72.31195223946624
2245,Mic,012_02285,282.24106109210123,1315.2666758076555,1148.409223329847,1130.5832317962588,665.2656243660666,193.229788312962,398.02000993985814,0.0,190.30911735039558,280.91495188199724,88.51052107556262,835.3156027870499,818.4267979180757,806.8218200971694,616.6034877497223,23.513390124922285,319.98129344676863,329.8195731778634,450.38680794756175,406.9422690948048,290.95546122843615,0.0,672.3880341196864,0.0,0.0,128.63025965808683,341.82109943580497,73.69937386418756,42.88819703285303,147.60661107735277,261.81913741875707
2246,Mic,012_02286,89.52333656515086,541.4044963891185,827.2470586687796,530.0983278946169,309.78642288881304,459.6755511038823,520.7687590990448,1126.3111229750261,65.85127981044938,0.0,0.0,668.0893346509706,415.8556674190829,838.3382974447151,972.579949321265,279.6807536343295,200.31723654305316,478.7449895624654,412.08768936307865,474.35797859601837,566.3092624265123,0.0,984.3372903338677,330.08820815362697,3192.467142374549,0.0,203.290087457427,292.2065018443374,242.3141249351281,294.9595232919163,41.522878825006
2247,Mic,012_02287,513.0889737465362,62.68636412284683,35.77064856598617,17.767108135771394,38.59765943845042,501.82064427545356,60.29706120730686,229.07028335258278,256.85275309150404,0.0,67.04341708335527,43.63588969783097,48.14972901822037,14.049136170846236,30.460052242016616,59.36838551441821,172.21302723701285,152.43621558207852,0.0,117.1325620819897,200.3526412122542,0.0,0.0,0.0,39.096421184839485,0.0,120.21133814113664,65.12861334639958,32.48620894652673,375.6698406105999,79.3272908895637
2248,Mic,012_02288,0.0,167.14231576836607,93.37532937354831,56.1186801259865,49.25796537859387,60.039255654384625,313.8139015869569,280.3562765340978,240.82753759250062,286.8996617264398,0.0,62.64867020902875,120.97619415827869,20.17054550242924,102.04117501075568,22.729610454091542,121.33501184893505,72.95161745713759,150.70635496706876,203.57287011467608,287.6491491690221,0.0,0.0,0.0,0.0,0.0,92.9326114091095,0.0,81.62159997814841,64.20887581864845,113.89132477715934
2249,Mic,012_02289,270.98955933234856,48.64849107603171,17.665602854455088,0.0,15.53179088514221,75.72518731183645,63.69216600501559,754.805359899494,213.57171830416016,361.8554292045186,0.0,19.754085201045097,0.0,0.0,36.77159459847051,179.17485718315405,158.8100614035016,122.68139872671783,190.08008734585246,133.96099561012764,72.56014573632989,0.0,0.0,0.0,4353.967661949489,0.0,0.0,101.0876546920951,0.0,89.08258446911587,0.0
2250,Mic,012_02290,85.51482895775604,521.1923417070979,359.00723651680664,345.3925821593959,277.90314795684304,50.182064427545356,90.4455918109603,581.3127846390133,103.78947982064858,319.7289762523508,0.0,314.178405824383,260.00853669838995,185.4485974551703,158.39227165848644,66.4925917761484,229.61736964935048,142.27380120993996,125.9635205694903,244.12891886562065,240.42316945470503,0.0,0.0,0.0,0.0,0.0,99.86788091725198,22.329810290194143,68.22103878770614,230.76861637508281,158.6545817791274
2251,Mic,012_02291,196.86648420014217,0.0,18.58655845350251,0.0,89.87827806046748,0.0,0.0,71.54553174402787,349.54233833034743,98.70516710265437,0.0,0.0,68.80162700944759,26.766600666730742,0.0,165.89383933317998,142.78536671125684,112.9424725244784,199.98947578568365,152.69013954614073,0.0,462.0753777733466,0.0,0.0,74.48702045642405,0.0,140.9404533218722,53.178813605794105,15.473289095383585,272.6594916280048,201.51387638296754
2252,Mic,012_02292,479.91891766885,0.0,13.47685166216161,0.0,26.660238993568846,346.6183831593339,869.4121364027791,887.090835345797,505.0861049378798,1326.5959921753288,0.0,67.81557084482493,0.0,29.11212752927931,42.07883505598172,623.3068433802422,234.59833063186431,157.93649140205042,217.51432675659404,255.49262049354238,249.098232270081,0.0,0.0,0.0,0.0,0.0,268.25908447990366,57.83881273619875,218.7795463331813,259.4832919681463,54.79307721237905
2253,Mic,012_02293,1042.9903289143788,1249.5105159382708,1338.9840920847657,1497.8189647041766,1958.3627983042902,326.42702103354753,323.5844716731929,432.36423528223446,475.6636133881004,534.3905960959936,130.83229935683892,1383.744900247965,587.263078438246,1261.1486702489738,1307.7121457689077,285.7751993985296,345.4013709713227,214.8413329643857,409.6871785512549,360.91433283311085,234.58765563298886,0.0,0.0,2274.782638361447,0.0,0.0,378.94851254199983,181.56520502949118,15.848854364689014,349.096800567409,464.4112272466691
2254,Mic,012_02294,0.0,0.0,0.0,0.0,0.0,0.0,937.8346484207907,0.0,0.0,495.8759585395256,0.0,0.0,115.21542300788445,0.0,0.0,151.53073636061026,183.14718769650574,0.0,0.0,177.01988705624007,1150.5965966760884,0.0,0.0,0.0,0.0,0.0,177.01449792211332,89.0534100858933,0.0,42.8059172124323,0.0
2255,Mic,012_02295,0.0,0.0,0.0,0.0,137.92230306006283,288.1884271410462,230.85160576511774,241.5377151678381,409.406813907251,280.5241136880744,0.0,0.0,0.0,0.0,0.0,0.0,98.8994813561131,38.90752931047337,0.0,14.161590964499204,276.14318320226124,0.0,0.0,0.0,0.0,0.0,63.725219251960795,0.0,0.0,133.55446170278879,0.0
2256,Mic,012_02296,377.36749237661326,96.8835388851283,48.142521093444174,137.58687478737872,166.0537643074411,380.9856449456701,503.5573270230613,316.4623038672099,650.6778016397946,0.0,0.0,173.9254866992866,260.4586616438861,47.99789864600724,150.31561191386106,270.43729152176905,136.19302201227413,212.1727873163208,59.77022576597627,98.28866250148174,228.1636310689127,0.0,0.0,0.0,0.0,0.0,21.06121505022311,169.52943789722462,92.48906513104636,168.07082508904014,0.0
2257,Mic,012_02297,97.46045712659722,189.27773744427182,253.3648112486383,270.9685473374719,92.422161844372,589.2512513708676,120.78060817092499,0.0,417.103364077733,312.86194497545324,55.57000756187384,253.17813115401307,249.43545187273955,442.5043384450455,361.8779814814428,331.33679569160245,325.13346104472464,435.2027763078722,217.51432675659404,255.49262049354238,365.34407399611877,2412.3192917981723,0.0,0.0,777.7366424563533,0.0,222.27181285477732,115.6776254723975,67.31678348713271,229.82805860035813,131.50338530970973
2258,Mic,012_02298,6.8698963311386745,43.16532781326555,3.1349031444356745,10.27680211594259,0.0,161.25651398779564,0.0,39.82186551028505,161.7067398702642,149.83302344359763,0.0,10.516563344441275,23.208862188638594,0.0,9.788122303189992,164.06745195879026,113.75328924075535,73.47644923740475,50.59685778270893,101.03293314001232,77.25828466889801,0.0,0.0,911.8983592157751,18.845037549526943,375.71140590779316,115.88718928713892,80.72467389080975,46.97646041907822,103.4732962832896,25.491263739092414
2259,Mic,012_02299,178.34999346831611,98.05415711044525,86.47209490624319,33.3496224307242,60.374549004891314,719.5366047295902,153.2648063567051,616.7670255988083,651.8508009252265,0.0,0.0,17.063840134754912,94.14489817764877,0.0,0.0,377.6476133812096,241.93957285199883,39.74018071595043,0.0,86.78796019099708,376.0704829602779,0.0,0.0,0.0,30.5773566465087,609.6173395468862,216.96329511854353,145.53475578239372,25.407501938723243,230.85214496665822,41.361311203118824
2260,Mic,012_02300,105.45080135281573,18.404848362097887,29.406545446884337,61.345573366945644,21.15372746319982,103.13491768851347,163.16582053695055,213.01255555445843,523.5782738303216,194.69976286214498,165.34634151845898,0.0,49.4790160156559,0.0,41.73463190623954,133.40282618250043,97.00433867769937,69.6198121608675,0.0,177.38189091525078,197.6484951345428,0.0,0.0,1076.115786983083,0.0,0.0,91.22219524820564,30.59503659392653,20.029840485435194,158.09301939806286,43.475897665445956
2261,Mic,012_02301,0.0,29.629533659476103,5.379648605883442,29.39249987893045,63.85291808336242,760.9913885411714,893.5999657317443,447.2920651256261,173.43546945961975,422.4128535707069,0.0,90.23471017761341,238.96532179413072,46.483561651688774,83.9845061816919,150.59536144480404,432.61928287158145,84.05947690534371,173.6534131307788,305.9602986157236,0.0,0.0,0.0,916.7881995258236,32.339015054126484,0.0,214.16568884403833,230.87921133379746,13.435654317390686,81.38408951499474,174.9770696164862
2262,Mic,012_02302,764.6933609389779,57.37033210559915,46.87367131899238,39.83796198729937,13.737281181281158,468.83243459200753,466.76171285178185,234.56102817593836,415.57142318626217,485.9979513973039,375.81708301307117,43.67935173936267,38.558149532519096,33.75151040247123,65.04616733753349,399.352916743202,271.9845187803686,257.7042529030358,84.05932149557619,301.14538554985864,64.17670260344715,0.0,313.7330009032248,0.0,31.308289474712094,0.0,266.57960244844156,96.85888826075247,26.014852582676784,275.76561008965353,190.57512512512716
2263,Mic,012_02303,90.03489848838029,68.57120646907326,27.39009661624084,8.1627171092344,62.39342281288557,384.25123618806157,477.0933185812433,445.69459346446314,315.082695016855,637.5548038365329,308.01661334295784,41.76578013935249,55.303403043784535,21.515248535924517,15.54913143021039,175.7756541783079,189.25209395305595,291.80646982855035,0.0,132.1748490019926,30.682575911362356,0.0,599.9770150606431,592.6155051319142,14.968344110767116,0.0,254.90087700784318,113.98836490994343,74.62546283716425,188.3460357347021,242.96815952460653
2264,Mic,012_02304,0.0,0.0,0.0,14.380625779691478,5.7853315041972655,0.0,101.67541361299229,359.6723527037857,127.28301064033167,44.92835865962144,0.0,0.0,16.23841532325888,0.0,0.0,85.42672385430377,86.04230294466713,114.2419065324302,0.0,58.21459372990446,108.10974733869287,0.0,0.0,0.0,26.370404893129983,0.0,37.42252808420516,37.65345527121663,10.95591946015415,247.3549981201625,0.0
2265,Mic,012_02305,162.15547755197136,11.320718049139455,57.552089802564375,0.0,10.842948353778525,422.9180272510112,527.2200587638891,0.0,834.9445289173959,0.0,339.01199581772096,27.58117556372335,60.86852536265594,71.04091497710927,25.670735851762434,70.04722718556513,217.70326084678985,171.29100954296456,132.69741946785928,342.90644788252797,405.2415686406349,0.0,0.0,0.0,0.0,0.0,210.41345979421015,117.61771143419871,0.0,22.614446829209516,334.27223205036285
2266,Mic,012_02306,369.51081527181105,239.9992226417564,185.6680462326207,140.77729507230342,99.94369786961074,194.91004734177037,38.05705819678571,96.2650314074717,296.2353225096158,181.10252398834848,156.2403111159931,165.24721707309033,56.10490163862199,180.07327578980303,201.12463480380828,175.2485907474884,169.07936023575965,88.81066473042836,428.0934141093547,150.85172983923067,233.4543819342788,0.0,0.0,389.66934717476914,4327.803840721796,454.1207427928978,226.27070603957094,151.7779858855225,85.17036519458964,46.90039625014321,92.43353894957858
2267,Mic,012_02307,270.2591292532856,45.28287219655782,49.33036268791232,62.888858231522896,57.829057886818795,246.70218256308982,218.0870122597614,120.26248920830513,516.8704226631498,205.83530354470872,113.00399860590697,36.77490075163113,81.15803381687458,0.0,42.78455975293739,213.47726380362704,159.91782741214809,378.2676460740467,44.23247315595309,202.62653738513018,33.77013072005291,0.0,0.0,0.0,741.3566658634657,0.0,93.51709324187118,101.93534990963887,88.97952198875717,290.2187343081888,89.13926188009674
2268,Mic,012_02309,353.8804833634199,0.0,0.0,0.0,0.0,197.77637156738464,148.5258492974103,0.0,563.9968435530253,446.28836268557296,158.53796275005183,25.796511262541248,56.92997372154291,33.22207494517757,120.04844118912435,46.7962568172473,128.20303138755403,80.10373681568048,0.0,145.78108345808008,0.0,0.0,0.0,0.0,0.0,0.0,306.1309552300077,132.00858436261834,0.0,52.877897733004616,0.0
2269,Mic,012_02310,0.0,119.9996113208782,7.922755219573797,60.60199065946752,10.448659322732034,203.76959494821452,716.1646406122402,411.71201449063307,478.91839862145,297.5255751237153,0.0,0.0,0.0,34.22880448897083,0.0,67.50005528790821,112.66327000724445,20.632780694948003,0.0,75.09934602385943,292.87913369936797,0.0,0.0,0.0,0.0,0.0,135.17470750415924,0.0,59.36116362047157,163.44077481110514,128.84675126304896
2270,Mic,012_02311,611.2676229161893,22.9298620358366,0.0,0.0,54.90537542199953,0.0,321.648336058086,0.0,208.03971201262988,388.48880828255824,0.0,27.932528118675236,30.821960295102844,71.94589478573485,0.0,344.5635215333622,240.89104623776075,238.52545835242435,134.38783245471097,189.42255430221869,0.0,0.0,0.0,0.0,0.0,0.0,165.73968913726532,142.93923147544658,20.795312096343544,251.92781849864613,135.41219081785397
2271,Mic,012_02312,206.26176744610757,28.79990671701077,0.0,17.14170592939224,0.0,268.9758653316431,355.51147287828127,519.3060876108519,75.86067434163769,196.3668795816521,0.0,0.0,96.78095532662294,22.591010962720745,0.0,216.38589152295148,179.4842439425756,149.79398784532248,84.39555878155849,247.82784187873614,128.8668188277219,0.0,0.0,0.0,0.0,0.0,44.607653476372555,119.68778315544058,39.17836798951124,194.16764047559292,85.03885583361229
2272,Mic,012_02313,102.3123846458867,204.54479202422422,161.284659827038,13.913722345285908,117.54741738073537,491.23027353587423,275.44793869701545,0.0,352.34710755720965,917.6925206737973,175.00943939940788,113.90667310732499,94.26716427917819,91.68429773831473,106.01680520597992,278.95431011839617,287.2080897967931,386.864638030275,0.0,217.25167956902192,156.89953591037568,0.0,0.0,0.0,0.0,1271.685521619722,132.76087344158498,279.3038770875744,63.60124673621954,321.04437909324224,69.0250453194905
2273,Mic,012_02314,494.81989665101565,0.0,65.36273056148383,97.39605641700136,78.36494492049025,458.48158863348266,1097.2009558097782,0.0,622.593918207885,148.76278756185766,0.0,39.867335587563744,65.98701499542474,51.343206733456235,74.21176364418595,621.9647951528685,378.781683645046,154.74585521211003,95.90404406995283,214.03313616799937,146.43956684968398,0.0,0.0,1850.6763670365333,0.0,0.0,101.38103062811945,170.01105561852359,14.840290905117893,163.44077481110514,144.95259517093007
2274,Mic,012_02315,353.9773307863436,149.99951415109777,105.18140550123832,279.12739540198095,178.34780568111574,579.689364938886,1082.53150620101,893.6201387315848,354.2344707044863,222.2892227935804,232.34011782335182,189.0261601134488,83.43185804019218,48.68752362655332,93.83096552713165,141.73349047522598,202.6197335148124,293.4835185057259,0.0,270.61660894804515,277.73021299077993,0.0,0.0,0.0,22.581553615381424,225.1029544016519,106.81909357368907,204.20868174868636,75.05434480749278,294.47518909931875,0.0
2275,Mic,012_02316,128.485320252974,275.0821654863986,238.86712165326313,389.15279241698886,229.10681571439005,111.70094075234348,255.010494740537,5.015318005976704,122.51400894967327,405.2673946867883,0.0,72.84729094073109,160.76570652262944,150.1063851343571,108.4823123037934,26.429779597780858,100.09206769460198,101.79295459135476,0.0,115.26876366452841,160.54836232689607,0.0,732.5300765275294,752.8922222821476,26.107576937384504,0.0,111.14863823016417,74.55634332772462,108.46724249587827,149.32296702011269,35.31513946578584
2276,Mic,012_02317,194.99536838392524,0.0,32.955998602428814,43.21438469594682,78.2332391307079,141.26883683384617,346.2774086476766,213.12151338338657,355.92893423597513,105.00902651425248,181.1862431429164,14.740863578594999,81.32853388791844,28.476064238723627,34.29955462546409,128.355447270164,123.89368579469505,240.31121044704147,35.46031881578088,116.62486676646405,108.29144439304362,1334.305058458593,0.0,0.0,1109.418445856857,0.0,118.70383978306421,157.15307662216466,65.8459966210273,229.64115586904856,107.19183508438525
2277,Mic,012_02318,101.16280729031493,101.12326796703222,96.52281238613983,110.05910709080091,38.742219960691806,350.7911566323597,243.17233753348077,213.23554308557132,43.97132006604646,265.05087350507546,259.5645618058634,63.35258785182682,100.97531454623582,117.85037821644049,137.58360675607508,217.08054928064956,184.17610448131757,87.43265013589524,101.5997898654396,119.339249700836,232.70492966482686,0.0,0.0,197.29188685207302,25.227546254101885,125.73969202532085,83.53493160369392,24.014402719791455,52.40552165531198,285.6934249908403,0.0
2278,Mic,012_02319,415.66913918877884,0.0,0.0,16.805594048423764,0.0,65.92545718912822,106.93861149413543,580.1641197658856,442.1074158254484,221.68572264119965,0.0,17.197674175027498,37.953315814361936,0.0,0.0,0.0,128.20303138755403,333.7655700653353,0.0,58.312433383232026,63.17000922927544,0.0,1111.7221161417801,45.18854614295642,0.0,0.0,204.0873034866718,132.00858436261834,38.41016469559925,42.30231818640368,0.0
2279,Mic,012_02320,93.6784281356853,11.392368163374515,11.031684482950856,30.136613799916034,3.637191536394062,567.4596315013569,49.007263354672936,334.4074379301556,328.97854555093704,395.4453846581027,113.71921378695703,0.0,61.25376919406516,0.0,34.44427848464327,335.6693526975544,136.5876178285122,186.73972401123825,89.02485103539927,62.741225792085096,271.8709257968817,0.0,332.26575201143214,0.0,33.15772429600311,0.0,188.2179471576901,134.14374430659876,20.6636961969996,75.85858746506989,0.0
2280,Mic,012_02321,479.88143864365134,22.84256560676616,9.953715313931546,3.6255723200914214,4.375707584392856,128.00247398396723,499.8611070263098,298.8569445287337,278.11301930098415,532.3744427975108,205.21411421961025,0.0,0.0,0.0,10.35951015337621,238.25708420151796,100.87040540645113,95.04694660236198,0.0,157.2511687047818,0.0,707.0188883986667,79.94617586467962,419.1983151078825,618.2989857937432,198.82189881161136,150.95652614677684,56.95801863361704,58.0051979540141,205.33802926775903,80.937997303565
2281,Mic,012_02322,449.29674544225844,521.1779365678893,522.2009036815597,432.7553105498935,388.2531319385146,405.6271427588452,281.6018247268862,910.623088350596,144.06070864698845,426.74579809969896,144.5118159115754,293.9280773882046,428.1195074770184,60.565713036784835,87.54202681887887,230.34296921304562,1429.8246932231225,2336.5379532295,5939.365731946142,3076.2544447682258,4102.663468040745,0.0,1435.6018389855874,370.7156868564253,3181.2747436489626,0.0,179.38734641972877,140.38446415685056,87.52986592830928,274.7382461301955,0.0
2282,Mic,012_02323,90.89459117336979,476.5848896004245,271.748770386913,368.8404995748148,169.7621345104712,183.92769784713016,57.46032856845108,204.80495542130691,502.60232818128543,120.44251947021299,0.0,47.98038199816206,148.24216351999138,61.791605477901385,142.90230198442808,299.4141245812496,523.191802052053,491.6651679824589,1154.206219660264,634.482658639215,458.2244651970418,0.0,0.0,378.21923194049964,2269.8167327705933,0.0,292.82923507465574,188.23981212904363,57.15298029104484,200.6351743304814,209.34072825561017
2283,Mic,012_02324,221.83985504480978,282.21705912940763,314.9408814817194,335.95121563340433,441.72056907381494,225.00371143899403,235.59664355092085,381.01073616341574,533.8612359393984,432.3507401415367,103.06483238053083,75.4658933684285,55.5148883326709,43.19504964191347,54.63007457554798,212.95428532514063,323.57170445807134,364.52560921858424,282.39431714670627,274.83775963607445,246.39927118111262,0.0,0.0,0.0,15.025584432414409,0.0,106.61485056494396,21.454550039813682,112.36625618406664,230.31711479117493,20.32477433881747
2284,Mic,012_02325,334.78549532056417,0.0,69.61710947376976,114.10898917494833,15.302030664947798,298.419968933036,35.857128114404375,223.3151952365367,183.91600041734978,343.2987405273638,318.9521144083883,0.0,114.53367494274904,50.127982905445435,84.531150896484,174.17068365709198,295.85314935589383,161.15544684811456,187.26825173422742,131.97932407743343,238.2892359980065,0.0,0.0,250.00763694475887,23.249646917611646,0.0,340.936207536378,143.8555086002892,57.956165664957446,414.8881206743438,31.449281003554844
2285,Mic,012_02326,151.98817268938794,28.938813019504394,4.20339103289285,18.372675165479357,22.1740037074056,54.054635315844685,474.1365375642089,344.63781706021905,125.35034613436024,71.75054062469019,259.98186817532616,0.0,31.119278240071687,0.0,65.62133441206153,61.39187389529548,39.161697690731934,32.83995641157318,67.84208905269976,55.78118627495668,0.0,0.0,0.0,74.10340364279027,0.0,0.0,11.952747448116977,24.053011084292727,31.49386494333701,109.83640493736648,273.43683547785304
2286,Mic,012_02327,225.31716169206507,5.05616339835161,95.47365138194266,68.21371741565264,72.64166242629713,377.77509175792574,241.14590138736838,267.15021164982096,68.07098587147577,601.737118227739,302.8253221068406,61.59279374483164,54.371323217203894,47.593421972024046,22.93060112601251,339.66721240383987,169.25681110154602,200.82186828088436,296.33272044086556,243.65096813920684,361.98544614528623,0.0,2300.4736672971294,744.468604293369,1655.557722925436,0.0,104.41866450461741,178.6071202284489,64.19676402775717,434.31172182950974,89.57744645394556
2287,Mic,012_02328,256.8393655938121,0.0,31.5544216503715,0.0,41.61448799226034,173.9068094816658,236.8219059142156,104.11108412406813,279.75440250508154,641.2189119045589,0.0,0.0,150.17734447234594,0.0,0.0,27.432288479075993,79.57429534399904,82.17538518160325,0.0,179.46154067080892,166.63812779446795,0.0,0.0,0.0,27.097864338457708,0.0,128.18291228842685,12.897390426232821,22.516303442247835,216.98171828370857,183.27339619312994
2288,Mic,012_02329,13.355462797598262,41.957906056251126,51.80263028182867,96.56361149036032,8.03743024825541,313.49168453571457,153.02663260945303,323.7393618216944,267.70310487045157,232.3334910639735,0.0,10.22239374040096,135.35797947779434,0.0,171.25791610196757,185.43971232941817,149.4207825029767,166.64938253611848,147.54468318454286,57.7687277106611,75.0972137690687,0.0,0.0,1011.7388944128121,54.953710896172986,182.6009979761652,173.30090705661445,130.777735091172,53.272839146577056,305.9276041336071,74.33466419022055
2289,Mic,012_02330,131.9934518639767,122.8664962329811,31.231338834838688,19.501371933324506,0.0,57.37539789497507,158.56274969361758,566.7480518016679,467.47666213561337,553.4178786430882,0.0,0.0,0.0,38.55121324696373,0.0,157.47818847032707,126.89037236310809,0.0,0.0,50.749728712369176,0.0,0.0,0.0,471.9349870220022,0.0,802.0733255813128,38.06113777847488,12.765335234155355,11.142880543091934,55.22401606245532,0.0
2290,Mic,012_02331,68.20825643059113,207.69163497844303,81.40413330001648,31.395065804747695,372.5923022226972,461.840428110651,321.86041188405835,270.9557702203312,393.66039798774136,738.3647514517111,98.7232735073583,200.79701990073318,88.62724846760342,196.53352028007973,104.65761539564683,198.1555783177211,211.32367811135276,130.9388005640931,193.21327559880606,154.3250297413375,413.03467572987785,0.0,0.0,0.0,590.0981812898574,143.4722126955584,129.35674848154434,123.30472165739073,89.6940659100532,217.32234892465627,0.0
2291,Mic,012_02332,444.4030245900822,0.0,23.463544304122397,62.266880512749594,0.0,431.05106623660754,238.2506956934869,634.8106616590617,1080.6363866330155,175.463800713986,0.0,292.36046097546745,272.97192528021856,144.81417283795346,62.79456923738812,652.7477873995518,484.8704392221594,872.925337093954,1839.390383700634,584.6195244318903,1032.5866893246948,0.0,0.0,0.0,40.299387990526846,0.0,276.41494675530004,143.8555086002892,66.97156921283971,470.2065367642564,436.09669658262715
2292,Mic,012_02334,271.7364299598148,0.0,4.20339103289285,59.71119428780791,0.0,216.21854126337874,272.79088462598315,427.1567310042152,135.51388771282188,334.83585624855425,0.0,28.20197372753706,108.91747384025089,18.159976658135648,65.62133441206153,184.17562168588643,379.2501250049829,131.35982564629273,1221.1576029485955,326.7183767533177,984.1115585718312,0.0,0.0,0.0,75.80431503041224,503.7673834840828,239.05494896233952,96.21204433717091,10.497954981112336,150.3024488616594,68.35920886946326
2293,Mic,012_02335,0.0,0.0,0.0,21.842132937553824,0.0,154.2292805800706,185.31665600410827,4.616546543727791,0.0,304.80448827658915,164.84069521412115,93.877212239829,192.37804575628414,259.0712266367058,74.89260551248123,77.85065354306582,564.5638079451919,551.7849149153525,1354.974567593829,606.3066467981312,689.6542292003465,0.0,0.0,0.0,0.0,0.0,56.83951768141253,274.51326411798306,19.968587150617346,153.94421603003175,260.05766309973177
2294,Mic,012_02336,85.16814721873811,42.16202559922748,37.686619422837516,64.3457429781991,12.425432708113767,242.3205993978767,183.79739332875926,786.0855820214551,265.77813833406594,201.03079400251033,97.12235555859031,347.6718995383938,357.4792043595982,244.227145542927,272.1098000286818,475.8884206784571,800.4027094736481,846.5016512143532,1330.5606114209672,839.4889058234666,551.4571075961072,0.0,0.0,283.7515014562218,0.0,282.2912725469365,87.07199627520168,87.60930073314908,105.88748105273307,200.84073589400668,76.61158183208315
2295,Mic,012_02337,317.8691621600973,19.7259635048019,3.5815194828210313,0.0,0.0,184.23004474770076,431.66087927313106,186.116390112204,297.3230387058098,44.832620909053,73.83959908906525,0.0,39.772995339708054,0.0,55.91297260863325,104.61848099417476,159.8147377570879,149.23435899907597,0.0,74.68784275797528,88.26494440254925,0.0,0.0,0.0,21.529810022336264,0.0,91.65956193775183,40.988966834055,80.50349586885872,290.6111311024856,0.0
2296,Mic,012_02338,215.1922456401748,0.0,12.274691185255175,33.53228859427277,0.0,157.84968622749008,161.21679041108573,432.32983055276185,64.30547512006325,405.0817689477814,379.5979389789974,20.588764857427286,22.718534114230735,0.0,0.0,493.00845210283063,111.35005073566897,239.74709962439582,99.05582016614846,69.81065968415102,0.0,0.0,591.5266345668313,0.0,36.893805906820354,0.0,209.425603175458,17.559827340880368,0.0,160.371464486014,0.0
2297,Mic,012_02339,224.78852393001384,26.277287150557278,66.79403123071339,5.213414212102264,18.876227608585243,306.76991940196524,92.15107438160493,0.0,380.6876905830358,293.1821360708144,98.36296958944824,48.01540417480305,141.2860661702525,0.0,44.68956569814117,92.90935660066616,182.47876730345277,173.94789563989008,0.0,117.58255271618866,176.36882138830552,0.0,0.0,0.0,0.0,285.89718296268205,176.36845960852895,109.20418171116845,47.662248162422436,111.54534631268854,465.54118157087026
2298,Mic,012_02340,279.2851580874204,107.72165881121308,80.75704162036611,66.18419277757621,63.23657717522186,292.0828653456549,329.5094710667643,218.57298066587666,339.6807329218547,307.2899279752658,156.0895000048773,67.72829211786892,140.1268658204,98.12697811992601,70.9166467256217,208.86669065921953,179.43474470265764,170.87766251221416,122.19434186519086,81.33346162043462,217.6804372089897,0.0,851.3187375860477,519.0576246150399,30.34123806236578,0.0,93.29142458057323,93.86710792837403,18.90847875941662,395.6655050446446,225.73055361238784
2299,Mic,012_02341,0.0,0.0,0.0,17.855943676450252,0.0,105.0686973951731,0.0,0.0,283.16050318493234,139.46511333924155,0.0,0.0,90.73214561870901,0.0,0.0,278.4377280626214,176.27916815788677,106.38777545832563,131.86806059618516,123.91392093936807,0.0,0.0,0.0,1128.3015115069431,49.114879113454606,0.0,0.0,116.88260073773495,0.0,44.94621307305392,0.0
2300,Mic,012_02342,159.15259833804598,15.384565553958746,2.793279083824095,73.25515354441127,69.99262174522418,179.6046109319198,362.5554064900887,141.92921297255444,159.84413218946688,451.374269952645,57.58857621262567,46.852637976837734,72.37891958187613,12.067847736496123,8.721467949637237,142.78857849365198,147.92657467794692,290.9751123646513,315.58168347804997,275.3642687541512,137.67822524329262,0.0,0.0,139.52446405250433,0.0,0.0,127.08733184151724,151.84748130030522,34.88102563168736,295.7998638141155,90.853478454714
2301,Mic,012_02343,48.28224893401395,40.44930718681288,0.0,0.0,0.0,94.44377293948143,343.2782831514303,228.98589569984648,0.0,338.47712900310313,0.0,0.0,13.592830804300974,47.593421972024046,0.0,196.64943876011782,99.03324053813864,200.82186828088436,0.0,20.884368697646305,45.24818076816078,0.0,0.0,0.0,22.074102972339144,0.0,125.3023974055409,115.56931308899637,18.34193257935919,196.95531571338233,59.71829763596369
2302,Mic,012_02344,328.8977157002547,20.964990330602685,0.0,7.130493315055009,25.817402819063343,111.88679922281328,230.2274229708277,155.73355179290726,406.7220476811782,376.2386640499561,44.844348864407344,14.593700215081572,56.36162123846594,0.0,13.582851914909241,87.36339459060143,151.45449631474767,33.98744240931535,35.106305649566764,131.95492412844519,80.40774885257191,92.70064626591503,0.0,0.0,0.0,0.0,154.6299690667379,43.563565000420354,92.35056237128273,215.3828513317725,0.0
2303,Mic,012_02345,0.0,0.0,0.0,0.0,90.73835727635714,0.0,627.2481130328528,397.26597889447055,299.45003029593823,93.95544477591011,0.0,0.0,76.40601736312338,0.0,21.4823526338433,535.9402886017374,172.06196317803304,197.09735242805593,222.0935757409434,91.30499437637646,84.78080186034336,0.0,0.0,0.0,0.0,0.0,0.0,98.42745325282945,68.73397892896708,0.0,279.7330784000405
2304,Mic,012_02346,246.42982968471634,109.6770641104801,149.93601275752562,235.51925709439757,105.04834910488657,361.5267007145741,322.178652311085,54.10791110390638,638.2145541485846,90.6439924212036,0.0,282.9294783633556,156.09831504294021,40.48568272889023,58.51823656530792,364.9772574707173,268.8128077480971,183.03273197131293,0.0,302.0124237948756,230.9441197629425,0.0,0.0,798.4929479741044,28.16623891811017,0.0,226.50242207238156,147.46478659384482,11.702021502243502,167.54143941210063,0.0
2305,Mic,012_02347,16.931127482770847,0.0,64.89916509650877,74.29423373653059,12.227154526601314,119.22689066118932,413.06337851884985,85.65167204533265,117.06894188524335,200.46049387768056,63.71502049056458,0.0,114.39829234825406,13.351661325485075,86.84355320064311,0.0,180.3328692094436,96.57897346571404,49.879171856713064,99.5998418897994,228.48726742503882,0.0,0.0,190.68925500041894,0.0,0.0,52.72772278531034,17.684365123439807,38.591773039313665,148.75815201483567,50.259371060054555
2306,Mic,012_02348,214.96402988193086,32.57907999661852,29.575896181666884,24.777478404727344,19.50258810238445,152.13567043644971,258.96814749292054,275.5096487114292,321.80715925468473,361.24900146997106,162.60303871800187,19.843470201954805,58.3897166374799,0.0,15.390825793477475,277.1778288406186,184.1830880794045,100.12967101960061,15.911681519901677,149.51905995700517,85.0365508855631,556.7107250203981,0.0,0.0,23.705522347368735,0.0,156.990233451286,87.4415836589993,27.084090490486652,223.71418271655796,80.16483393062998
2307,Mic,012_02349,0.0,0.0,12.450043916473108,18.13937135385422,21.892429057152828,53.36822724834188,387.95894857748954,268.37523907537565,183.9654801053824,56.671538118802914,684.4813629843508,0.0,0.0,35.858747559874196,0.0,5.051024545353675,109.88831261790345,86.46117624549638,0.0,141.61590964499206,0.0,0.0,699.9731842374171,0.0,0.0,746.0555060169036,200.61643097839507,11.873788011452438,10.364647616272812,234.0056807612966,202.47346627050547
2308,Mic,012_02350,0.0,0.0,0.0,91.47872622417863,0.0,165.62553283968174,34.82675086973758,758.5236129039249,238.75143813049624,505.646913387595,0.0,0.0,0.0,0.0,20.10663547009964,125.40474733291886,107.36214451174475,33.540973543511534,0.0,97.66614458275315,0.0,0.0,0.0,1740.7607430439366,0.0,0.0,18.311844612632413,92.12421733023444,0.0,106.27675997569399,52.363827483751415
2309,Mic,012_02351,358.0933462606034,0.0,0.0,26.45324989103741,0.0,77.82866473716525,116.89534435444328,188.7013399748735,473.1536401195252,557.8604533569662,0.0,40.60561957992604,112.01499459099878,0.0,18.89651389088068,29.46430984789644,157.28612647084177,173.3726711172714,0.0,195.0496903675238,223.72711602035054,0.0,0.0,3271.985470721474,0.0,0.0,223.72665709600432,34.63188170006962,30.230222214129043,191.43757420004445,49.212300829636746
2310,Mic,012_02352,321.881659560093,35.393143788461266,0.0,16.050286450741797,33.899442465605325,94.44377293948143,51.066190882030966,0.0,133.18236366158303,585.0221982769683,0.0,12.318558748966327,27.185661608601947,47.593421972024046,11.465300563006256,294.97415814017677,93.63142741787654,47.814730543067704,59.2665440881731,118.34475595332903,0.0,0.0,0.0,0.0,0.0,0.0,52.209332252308705,21.01260237981752,9.170966289679596,70.7019082048039,0.0
2311,Mic,012_02353,245.3236184326786,13.259625560318035,0.0,28.937809273068545,34.92507674172862,216.71628192006233,139.49941646718094,119.54560027874122,345.38571804817656,158.8994784270303,148.9030589365128,32.30502331220635,8.911690177405427,10.401017938637544,15.033690609319438,196.32020815780723,100.3430724488222,106.58370137998001,0.0,141.48550825489536,59.33094789489959,0.0,1972.3001323816725,0.0,0.0,0.0,116.37969752890322,123.98596321350891,36.075845294209245,148.9929715128859,176.18547479339563
2312,Mic,012_02354,38.45297677966211,0.0,0.0,9.58708385312765,17.3559945125918,112.82544686729996,484.65280488859656,435.6594694721911,293.4580523096536,139.77711582993336,271.3233590688807,14.716130586013463,16.23841532325888,0.0,27.393604029733066,192.2101286721835,116.15710897530062,45.69676261297208,70.80164327311954,91.48007586127842,54.054873669346435,0.0,0.0,0.0,0.0,0.0,49.89670411227355,112.96036581364987,43.8236778406166,144.7931696313146,178.35330502016
2313,Mic,012_02355,184.53890236742754,33.128727051776195,36.08985123026714,43.818266690675465,5.288431865799955,206.26983537702694,74.35404480164834,0.0,297.3407481011702,191.657579067424,413.36585379614746,0.0,44.53111441409031,0.0,12.520389571871863,112.25359764137234,143.54020385416325,146.20160553782173,0.0,167.24578286295073,148.2363713509071,0.0,0.0,0.0,0.0,0.0,114.02774406025704,45.892554890889805,120.17904291261115,220.59491078799468,586.9246184835205
2314,Mic,012_02356,473.07744827088896,23.119191171912316,2.3986323141828922,36.69478333509042,56.940400345897494,524.37955397224,239.0584862452997,313.0018556647443,593.5073145484905,567.7552259241539,395.6176685138908,80.46618191985344,133.1848009081967,62.17709439280939,29.957042204992486,505.0561148606396,256.40606277510807,224.87838041833234,0.0,336.50018897296275,325.122708051592,0.0,0.0,112.76407844847839,28.83809415835866,287.4709289239445,395.6030430626312,219.6106112943864,125.80209904888929,224.3187147866177,117.02594839487931
2315,Mic,012_02357,181.74199939247828,54.19337285459016,2.811300239203605,0.0,66.73659825486911,72.30534014291482,178.10325498545373,42.20417066104697,362.5360780962375,259.1351783335585,0.0,9.430982612111855,0.0,0.0,0.0,112.91483903000315,99.25395978391278,95.17702062508272,0.0,106.59262016289725,103.92485389332411,0.0,0.0,280.8492437702023,0.0,0.0,63.95362505573126,56.30473669946802,21.063638704038297,88.92584091873032,91.43962992861537
2316,Mic,012_02358,215.26998850348414,88.43901990411545,49.11650273406298,57.7995864671222,54.81016378831976,242.9334043819031,718.0752621523351,100.34984553577087,447.6364454166964,111.78706579792772,155.78874952317233,126.74586458474023,97.8998103014972,16.322984799653717,35.390002893903706,211.5299007577305,127.83250239510443,118.07198201155215,182.93834996002565,107.43981584338269,0.0,0.0,0.0,0.0,0.0,226.4041275484823,225.61674446142186,151.3393211864314,18.872046237722177,187.05938388785447,92.16638999307692
2317,Mic,012_02359,70.08554789198354,5.50456932664579,39.97720523638154,21.842132937553824,10.544518582573609,359.86832135349806,123.54443733607218,373.9402700419512,219.10150591366647,168.32486666020594,164.84069521412115,53.644121279902286,0.0,51.81424532734116,49.92840367498748,136.2386437003652,252.8775389754506,187.3986503486103,129.045196913698,60.63066467981311,49.26101637145332,0.0,0.0,293.6564542929125,0.0,239.5591074366204,0.0,57.19026335791313,89.85864217777807,192.43027003753969,162.53603943733236
2318,Mic,012_02360,0.0,48.21412954856714,3.8906387238978466,8.502830322119166,25.655190301350974,250.16356522660263,249.4880635221975,651.4689118180157,194.4180642022791,336.4872575803923,80.21265972472861,0.0,100.8134951318989,33.61757583738206,24.295517859703732,303.0614727212205,169.7927052603022,141.85036727776753,125.58862913922395,103.26160078280672,0.0,207.26595389068058,843.7176774290295,251.49577764085865,0.0,0.0,165.95109180198122,200.37017269325995,87.45171426230188,85.6118344248646,189.81887462859888
2319,Mic,012_02361,0.0,0.0,13.809027583412076,30.179059734845495,6.070523902291498,236.77452934123514,152.91886737522103,148.83485969849178,137.26745650628885,403.33572684024784,94.89948474474934,61.766294572281865,102.23340351403833,0.0,14.371996480388123,72.83079406064543,173.79636297256442,119.87354981219791,0.0,95.98965706570765,170.1586516211117,0.0,0.0,405.7422276920383,0.0,0.0,91.62370138926288,26.339741011320555,22.991999993844622,297.5312696385259,37.42907387042795
2320,Mic,012_02362,131.50822641828614,0.0,55.14473546130149,38.9906462413802,136.89558616383408,292.0023351925406,383.43993451371136,1157.4930829227972,454.9130595342211,73.82768613491695,200.6311687407604,119.70093315372738,216.13612852099416,28.028549581539387,91.15340695749887,647.4836923398781,564.665957103991,903.9001071198684,575.900215010635,473.51721649287043,519.6242694666206,0.0,703.4469965661388,552.8028101359185,38.99940773276792,0.0,359.73914093848833,204.18201220686205,81.01399501553192,75.8397639942349,237.39134693005917
2321,Mic,012_02363,478.82196014274973,123.42817164433188,33.61511857447739,48.97630265540641,4.925796537859386,144.0942135705231,77.91241694572724,129.39520455419898,18.062065319437547,658.8066306310839,385.0207666786973,0.0,13.825850760946134,48.40930920583017,11.66184857265779,609.1535601696534,217.94515335884182,398.80217543235216,60.282541986827496,212.4238644674881,276.14318320226124,0.0,0.0,757.2309232241125,0.0,0.0,138.07130837924836,128.23691052368636,74.62546283716425,82.18736104787001,0.0
2322,Mic,012_02364,0.0,0.0,0.0,37.69064628274459,0.0,310.4932482390339,61.29140588420837,1047.5662778552344,294.68013339979456,380.7385328100315,284.44805981539645,57.85497248854897,76.60761635352739,0.0,0.0,125.94243259523017,243.55193297899442,143.7217441547829,55.66989365538159,143.85785016707638,85.00449790746826,0.0,0.0,0.0,0.0,0.0,147.1228676661364,98.68715629571288,0.0,237.18318244355626,56.094232080219186
2323,Mic,012_02365,53.6786870134238,21.301706151635187,0.0,8.452517716662841,17.002256294386445,99.47332297767866,294.8252756073249,556.7992201230982,426.0201139610926,49.881013580899015,0.0,34.5988711213571,19.088945823791505,22.279103513531304,48.30351479799085,163.18694684988796,178.2704874323976,154.44063656277646,41.61516705205054,200.41304767313966,127.08759253227011,0.0,0.0,454.5593398995617,2138.9675164202713,0.0,124.64334469071883,103.2808779694384,45.07701773941135,173.7565633593406,0.0
2324,Mic,012_02366,209.0490886278117,0.0,0.0,0.0,65.23352171759728,45.43511238710188,330.2893751402951,106.08075328317211,102.51442478599688,265.36064808331366,72.84176666894274,0.0,13.07850747657067,0.0,0.0,279.51277720572034,133.40045157894136,101.21215394954223,0.0,46.88634846354467,261.2165246507876,0.0,0.0,0.0,0.0,423.43690882040477,140.65476321378733,50.54382734604755,8.823956754394423,121.47625154879435,28.729343187031184
2325,Mic,012_02367,232.84887540098347,0.0,12.879355775661837,38.70253801792173,0.0,248.43829925952258,59.70300149097872,0.0,256.917308423034,432.364752027074,0.0,0.0,83.43185804019218,0.0,20.10663547009964,82.296865437228,121.57184010888744,125.77865078816824,0.0,79.35374247348695,39.675744712968566,0.0,0.0,0.0,1083.9145735383083,192.94538948713026,27.467766918948616,0.0,0.0,132.8459499696175,26.181913741875707
2326,Mic,012_02368,309.9066426740842,28.495949917886644,24.14454427073281,75.38129256548918,0.0,133.06853495958597,623.5734337784678,338.56704797602634,261.32011829793106,121.67932491866986,0.0,23.141988995419588,165.98316876597602,0.0,64.61710290918565,222.49829758490662,125.15863222531658,80.84348108706538,111.33978731076319,143.85785016707638,85.00449790746826,1139.251807770622,0.0,0.0,20.734513609901676,0.0,117.6982941329091,118.42458755485546,34.457667536949195,147.0535731150049,28.047116040109593
2327,Mic,012_02369,367.4117604755633,0.0,0.0,10.62063564398528,6.4090289526051505,374.96635501623115,292.85542924664094,0.0,285.92674653756455,353.9337696638993,200.38255514876442,0.0,0.0,0.0,91.04045354119465,201.1021296681705,171.5728301097377,113.90215365054938,0.0,73.70344739888063,119.7647015127527,0.0,0.0,428.36725897598086,29.21331099685032,873.6337709863369,138.18975674217023,0.0,0.0,220.55390801647275,0.0
2328,Mic,012_02370,240.9600086987238,0.0,0.0,80.10142957659926,0.0,235.66810630693033,80.23172046159173,543.1776888996359,19.693840690975517,76.46685341964645,0.0,0.0,45.224745479730345,0.0,0.0,156.13330545567555,131.7975089030929,79.54226202491637,0.0,92.64592219765835,75.27267454890298,0.0,0.0,610.2565343604863,0.0,366.0552716438078,121.59407100257314,104.86663243759399,0.0,184.82554908545535,447.0500598729618
2329,Mic,012_02371,0.0,0.0,12.391038969001672,0.0,0.0,159.3458917841488,397.28904902112976,250.40936110409754,74.9019296422173,119.85627433893745,0.0,0.0,68.80162700944759,0.0,0.0,37.703145302995445,91.13959577314266,0.0,0.0,105.7085581473282,0.0,0.0,0.0,0.0,0.0,0.0,158.55800998710623,70.90508480772547,0.0,119.28852758725209,0.0
2330,Mic,012_02372,0.0,43.768855193025495,0.0,4.341870802784256,5.240209082829136,306.5834331287726,380.6595626978005,256.95501613599794,262.6044957790565,9.043330550872808,81.91931205929731,0.0,14.708351873346952,17.166421704195095,37.218665657418484,396.5591611139375,175.35369034771827,134.5207130415303,0.0,180.78626763190476,48.96155730536547,0.0,0.0,0.0,0.0,0.0,90.39038191767489,113.68520436497018,69.4651914707646,196.72506633798676,64.61919136292728
2331,Mic,012_02373,261.8891636831279,87.31315002825094,24.389078567717842,63.96158928877701,51.463545917933885,125.45516106886339,425.8479947766047,1796.8873866264075,74.69697411334556,432.9663220083917,0.0,0.0,36.11229676366527,84.29481702507739,0.0,463.073407012462,145.90270363135812,165.13923354725173,78.72720035593143,147.95692052461857,0.0,0.0,0.0,0.0,0.0,0.0,69.352695081425,69.78065715685669,0.0,161.00136026168568,198.31822722390928
2332,Mic,012_02374,846.7621668482776,0.0,0.0,55.24490861222177,0.0,92.8784065371696,0.0,0.0,576.2896531478001,147.94089370792477,0.0,0.0,0.0,0.0,0.0,474.6846824114145,244.36489408124936,75.23555391528001,233.13690271148758,164.305751521814,177.99284368469876,0.0,0.0,0.0,0.0,432.7946305622921,246.4511241788539,82.65730880900594,108.22753588262772,347.6502668634005,0.0
2333,Mic,012_02375,227.3608547686371,68.57120646907326,87.15030741531176,58.95295690002622,0.0,266.8411362417095,48.09408453439953,531.9580631672624,227.44822994847277,155.846729826708,342.2406814921754,0.0,107.53439480735882,0.0,77.74565715105194,212.14303090485436,305.2453128275096,248.57588170580212,66.9806022075861,298.9669203616499,204.550506075749,2564.570736140687,0.0,0.0,3243.141223999542,0.0,306.825129731663,83.11651608016709,82.9171809301825,393.81443835437716,33.745577711750904
2334,Mic,012_02376,0.0,0.0,60.80254005719424,0.0,0.0,130.3177642110674,837.731844564308,0.0,400.21242923559936,0.0,0.0,0.0,75.02399637722709,0.0,0.0,394.6847086601942,159.0115117985166,211.1261280413284,163.5572844603847,249.74898793981157,0.0,0.0,0.0,535.9571751839018,0.0,3036.2724082083287,662.7752131502382,57.988267032674706,0.0,278.73620510421034,82.40199208683362
2335,Mic,012_02377,0.0,0.0,59.03730502327571,64.51179650846542,0.0,379.6030357503028,951.3320205320578,1066.4669278579947,435.04329371548494,455.8859618831122,0.0,28.29294783633556,140.48848353864622,72.8742289120024,52.66641290877712,97.51736098045725,223.32140951380376,263.5671340386906,68.06093450125685,215.8500558298669,415.69941557329645,0.0,0.0,0.0,50.699230052598296,1263.4810988995948,395.7130550323372,217.1754129836624,273.8273031524979,214.58192047780577,137.15944489292306
2336,Mic,012_02378,0.0,0.0,0.0,0.0,0.0,0.0,0.0,0.0,0.0,0.0,1845.989977226631,0.0,0.0,0.0,0.0,0.0,149.2775023005766,0.0,0.0,33.949019435443304,0.0,0.0,0.0,0.0,0.0,0.0,101.84395770861313,102.4724170851375,0.0,394.0489913254042,582.4579166685774
2337,Mic,012_02379,184.82237226353726,116.12865611697892,94.88138307312168,230.39927324451935,83.42074781858639,135.5725127679653,1026.2657070808154,1704.3991997730511,416.3500271886477,527.8679558646562,0.0,70.7323695908389,117.07373628220518,182.185572280006,65.8330161359714,243.79340245114315,222.28751409938803,164.72945877418164,0.0,139.90281396380263,0.0,0.0,0.0,0.0,0.0,0.0,179.86957046924417,422.2855252460102,0.0,550.9535796051771,0.0
2338,Mic,012_02380,688.8513225776494,0.0,9.979042833814324,0.0,0.0,641.6409001231945,362.3577208813155,1117.803357408411,209.11551451257208,11.355937981821196,0.0,0.0,0.0,0.0,0.0,230.7662740758912,122.33113682018512,51.97570709414382,0.0,151.34524694884647,122.96452178217739,0.0,0.0,3049.364487814769,0.0,0.0,56.752739791822584,85.65442496811112,0.0,0.0,324.5757856244744
2339,Mic,012_02381,220.9133081408698,98.50714362161645,71.54129713197234,234.52582739218238,0.0,334.54709618363574,221.08922442679187,0.0,372.17439733666913,769.7179057926963,134.08683416671053,0.0,0.0,56.19654468338494,40.61340298935549,340.37874361599773,229.61736964935048,33.87471457379523,209.93920094915052,110.96769039346393,160.28211296980336,0.0,0.0,592.3971098840307,0.0,0.0,184.9405202171333,0.0,32.48620894652673,330.9472405379094,264.42430296521235
2340,Mic,012_02382,0.0,286.9555922890566,18.94571900332864,227.72797732284377,0.0,487.27511835442596,0.0,2559.7746987895885,0.0,560.5554313925072,0.0,0.0,0.0,327.40595598146007,236.61721741624504,392.0034266720136,111.48089685874262,641.4103563864271,0.0,466.9220209309521,466.9087638685576,0.0,0.0,0.0,0.0,0.0,646.4877315416312,379.44496471380626,283.9012173152988,0.0,0.0
2341,Mic,012_02383,0.0,17.64700166483503,153.79466014466783,56.01864682807921,8.45112151103326,164.81364297282053,0.0,37.00026274017127,676.5896200132446,1283.443657396419,132.11496895837652,0.0,47.44164476795242,27.685062454314636,20.00807353152072,171.5862749965734,163.39602039590218,16.688278503266766,310.27778963808277,267.26531967314673,315.85004614637717,0.0,0.0,0.0,5585.613703098758,0.0,109.33248401071705,110.00715363551527,0.0,158.6336931990138,156.3214261647285
2342,Mic,012_02384,206.59231515034816,0.0,25.139511754416855,0.0,33.154399774053566,323.2882996774557,0.0,0.0,405.23864498738084,686.5974810547276,0.0,42.16737417915397,232.646527227459,0.0,117.73981732010269,198.88409147330097,129.43575284320357,229.1429009871629,202.8739393787464,142.97760108388619,154.88800339870423,0.0,0.0,332.39651730155447,0.0,0.0,71.48662416085345,215.78326290043375,0.0,86.4350251404883,306.6304897846597
2343,Mic,012_02385,0.0,174.99943317628072,272.34471067284926,213.27932724648912,251.42086495323954,116.74299710574789,662.7966024896934,382.64438383793794,523.1518340496812,237.60723013352265,0.0,258.8608248220285,84.01124594324908,156.88202057444963,354.3096354540128,49.72102286832524,244.83217799706495,153.67123121758146,73.26003366454731,129.0770009785084,335.5906740305258,0.0,0.0,440.11761087150256,0.0,0.0,77.44384284092457,25.973911275052213,68.01799998179035,349.5816572348637,184.54612811113782
2344,Mic,012_02386,429.7120155127241,85.71400808634158,273.90096616240834,210.87019198855535,0.0,560.3663861075898,48.09408453439953,0.0,451.5516329859386,0.0,770.0415333573947,83.53156027870499,207.38776141419203,215.15248535924516,38.87282857552597,204.56649408682384,256.40606277510807,162.11470546030574,100.47090331137916,129.81458384124272,306.8257591136236,1923.4280521055155,0.0,0.0,0.0,0.0,318.626096259804,124.67477412025062,77.73485712204611,68.48946753989168,253.09183283813184
2345,Mic,012_02387,430.6798353674825,340.539437532222,490.22047921112863,270.25212050843624,267.92339276870314,113.5877809677547,348.0321928131209,0.0,665.6318553812991,472.4223659058993,91.05220833617842,666.7003755352721,572.1847020999667,343.44442341974104,648.0993547980428,188.13360004231174,166.7505644736767,218.5262414819662,926.6404258110308,309.7848023484201,380.94076511573195,0.0,0.0,1271.6911803068479,0.0,0.0,138.14307101354112,88.4516978555832,11.029945942993029,115.40243897135466,107.73503695136694
2346,Mic,012_02388,489.4542220245434,0.0,13.138237298790719,57.426150517226944,8.663461247491385,0.0,603.9553630726854,1069.623675837474,148.24810731196646,456.00653473735264,0.0,0.0,72.95046883916302,0.0,102.5539447344278,255.85089154354299,170.72262973719504,85.5379099162417,0.0,286.43418910607693,0.0,0.0,2532.5662947283436,0.0,0.0,0.0,74.71968756511316,169.15672870586766,65.62540701760678,451.7207344025519,0.0
2347,Mic,012_02389,0.0,435.1634256691188,287.30870576476406,282.55559224272923,94.7268564972959,184.7361712442604,0.0,66.35651515599947,104.20422299675506,882.768189927507,888.5094615662247,433.7215629855836,425.41079264449644,124.126433861103,89.70652748198302,0.0,309.9413945633174,261.8776011281862,0.0,217.87063022306472,0.0,0.0,0.0,126.62724468630645,0.0,860.8332761733503,0.0,123.30472165739073,0.0,98.78288587484377,0.0
2348,Mic,012_02390,0.0,449.9985424532933,27.234471067284925,99.19968709139029,59.862110703152275,233.48599421149578,638.2485801752604,2201.515633040191,0.0,0.0,187.16287269103344,121.81685873977811,168.02249188649816,0.0,85.03431250896307,552.4558096480583,253.73516628786737,47.28345575925584,0.0,86.05133398567226,335.5906740305258,0.0,0.0,0.0,0.0,0.0,206.51691424246553,77.92173382515665,90.69066664238713,249.70118373918842,0.0
2349,Mic,012_02391,0.0,0.0,0.0,0.0,104.48659322732033,0.0,0.0,0.0,0.0,22.53981629725116,0.0,0.0,0.0,0.0,0.0,0.0,19.42470172538697,0.0,0.0,0.0,0.0,0.0,0.0,0.0,0.0,0.0,56.32279479339969,0.0,0.0,27.24012913518419,0.0
2350,Mic,012_02392,251.80725902217412,27.963932319256166,45.96234528444487,21.02416916932818,64.84490945178752,151.20270434628344,373.26986950165195,334.5089984182549,329.95637177304485,167.8598911164052,110.18582856708427,32.27200509541137,98.91757494544454,18.471799642453593,40.04886672539879,252.38602613782757,149.9021544433379,141.96635286016962,120.76224682561518,156.03224713542664,184.39651099633141,273.32668064995056,0.0,0.0,64.25495223346472,64.05218980521249,158.05382807109382,70.33981532540714,48.05196401003014,244.02522878583648,104.29949611645007
2351,Mic,012_02393,108.89388307339988,0.0,0.0,58.47560502229322,0.0,589.859353797463,437.0655401547185,0.0,86.26132559965299,521.9746931995006,0.0,0.0,28.29852494930495,0.0,0.0,251.2220102820644,183.68270578918558,159.27058782065123,246.77063971215935,159.42141875240333,376.8035638237482,0.0,0.0,0.0,0.0,0.0,195.6476029665463,218.7276738951765,57.27831577413923,252.3296172522325,310.81453155560047
2352,Mic,012_02394,173.14403555457747,42.85700404317079,33.51934900588913,15.697532902373847,104.19954214702548,92.3680856221302,233.07133274362843,69.12136995416613,9.64853916636621,51.767270396983434,197.4465470147166,8.031880796029327,35.450899387041375,0.0,7.475543956831918,186.49936782844344,159.66677901746652,105.99807664712297,270.4985858383285,127.0912009634544,59.00495367569685,0.0,0.0,583.8922949424131,0.0,0.0,122.54849856146306,143.8555086002892,0.0,125.1249887748021,38.93720505202028
2353,Mic,012_02395,358.0933462606034,155.1719111907908,0.0,0.0,14.862317140092976,144.9223412347215,0.0,104.11108412406813,18.165870292537758,0.0,232.34011782335182,151.22092809075903,125.14778706028831,0.0,0.0,164.593730874456,132.62382557333177,205.43846295400814,363.7739602653383,192.28022214729526,0.0,0.0,0.0,0.0,0.0,0.0,192.27436843264033,161.2173803279103,84.4361379084294,154.9869416312204,0.0
2354,Mic,012_02396,85.14107533468892,6.29368590843767,4.570820318984883,0.0,48.22458148953246,117.55938170089298,14.125535317795666,211.13436640545288,309.4549652630908,488.9406304480636,376.94340793718624,0.0,16.919747434724293,0.0,114.17194406797839,83.44787054823819,91.89378123933068,202.35996450814386,73.77234159227143,77.98778240939248,168.9687309804046,2094.1108404283586,0.0,0.0,0.0,0.0,38.99270408773825,13.0777735091172,45.66243355420891,144.58222387136223,0.0
2355,Mic,012_02397,47.35118628239384,0.0,205.27138523441198,23.611165192000332,113.985374429804,416.8014442122569,41.73453616621447,0.0,0.0,0.0,0.0,72.48606470466136,0.0,93.35128496992043,168.6630991913317,0.0,222.50112885443258,168.81366023139273,0.0,184.33475842220042,399.38063686277445,0.0,0.0,0.0,0.0,0.0,153.60762216381733,123.64440408619896,26.98234710021435,59.433009022220055,0.0
2356,Mic,012_02398,0.0,17.061556111973207,284.99389628703847,236.95091134625923,98.04903061141907,239.01883767622314,71.79922572671019,529.4369349058062,534.3004314478168,70.50369078761027,127.73200790288537,145.48743318684402,91.73550267926346,214.13280533384594,96.72149290119022,346.8689367875581,276.45677384519945,16.134638932068345,99.99473789284183,93.96316279762507,458.05741289474605,0.0,0.0,0.0,0.0,0.0,88.08778332617013,53.178813605794105,46.419867286150755,136.3297458140024,0.0
2357,Mic,012_02399,0.0,62.06876447631631,165.28506578766022,213.4503611897501,79.2656914138292,96.614894156481,1584.61716457306,633.3424284214146,333.04095536319227,17.099170984121567,0.0,100.81395206050603,111.24247738692291,129.83339633747553,70.37322414534873,411.48432718614,232.09169475333056,234.78681480458067,242.51597351022556,213.6446912747725,185.1534753271866,0.0,0.0,2097.112127036627,496.79417953839135,450.2059088033038,320.4572807210672,128.9739042623282,0.0,392.63358546575836,122.18226412875329
2358,Mic,012_02400,95.22703944880314,34.902934040698646,61.56046645679916,19.784979142881166,33.42992110181578,325.97490604596635,430.8483916461165,91.99843721766686,288.9430116890632,57.691939774681636,74.65776639199116,0.0,160.85477339604924,0.0,11.306501386233315,92.55547747233952,142.05322037402107,103.73544864634522,175.3370334796922,61.78533454040513,267.7288479800317,0.0,0.0,287.2789844822299,1044.8816387571505,0.0,30.891726784191523,134.6901991880824,0.0,89.6434166553984,29.445587200004255
2359,Mic,012_02401,61.45496371469101,59.40574817865258,8.628743308446708,0.0,5.689863987626354,221.92728162676823,169.99592256218443,533.0968548465073,333.82034913811964,284.7604514385394,0.0,57.89316058920148,127.76363739488177,0.0,0.0,78.7659768211093,188.28498009063213,101.12105390098279,139.26659864943647,130.86618713068572,53.16287905434071,0.0,0.0,988.7790789696405,51.87049939374743,0.0,49.07332615662547,0.0,10.77512870998659,201.73877814968097,0.0
2360,Mic,012_02402,110.59756833660822,0.0,98.47492363312064,48.4228981056278,113.63654913140769,411.56853216941624,77.98306362357438,93.81761535473937,392.87543208946073,434.2416586080591,203.02413308857862,49.55262050431652,45.565421528541876,0.0,38.43358757467257,401.51364606285995,144.8621823588181,185.92816501944668,0.0,74.67505593332915,151.67940069176308,0.0,0.0,651.0214274832705,0.0,0.0,217.01777428869255,91.56904313916712,36.89111863419137,162.5173806031328,260.24131964146886
2361,Mic,012_02403,0.0,0.0,0.0,0.0,29.4705775769365,0.0,0.0,0.0,0.0,546.7350312102461,0.0,0.0,0.0,0.0,0.0,285.57715698730397,0.0,116.39004494586052,180.33239055888566,127.0912009634544,0.0,0.0,0.0,0.0,0.0,1339.073985158545,127.08733184151724,0.0,0.0,0.0,181.706956909428
2362,Mic,012_02404,215.48980128956669,47.78745583574796,0.0,101.13100843299257,259.367162834189,0.0,232.38380668833756,280.54712491839604,121.21297522631392,92.15393919761095,0.0,0.0,42.823431560452626,0.0,0.0,0.0,68.07240604648885,60.25502326843222,0.0,21.931667422897,0.0,0.0,0.0,0.0,0.0,0.0,263.1719969107525,0.0,0.0,175.01180311631614,0.0
2363,Mic,012_02405,197.07150599576832,54.36224002791462,109.66901100920104,71.9031288984574,196.70127114270704,169.23817030094995,199.96164677221816,202.63231138241449,187.3888767760439,0.0,0.0,88.29678351608078,97.43049193955329,0.0,109.57441611893226,186.87095843128952,77.4380726502004,102.81771587918718,70.80164327311954,166.32741065686986,54.054873669346435,0.0,0.0,257.7870081980735,0.0,1314.35953241233,162.16428836488902,100.40921405657768,65.7355167609249,54.297438611742976,35.670661004032
2364,Mic,012_02406,237.74647406053782,96.29598439329733,59.176134664717864,107.77249955607834,115.8812217068429,161.42241575115756,386.53393866535913,488.70799708170256,250.03613513761852,269.36471821900153,258.793107918466,24.062589380696913,53.10340484314016,7.747260275281463,27.994835393897308,106.944532040513,212.79241149374536,340.90787856056056,173.6534131307788,91.78808958471707,44.19301057192109,1432.9498046763101,1123.413752479805,0.0,10.779671684708829,214.9131087291492,86.68611215115837,133.3968776595274,80.61392590434411,182.4976552760488,393.69840663709397
2365,Mic,012_02408,276.1201706105858,0.0,0.0,34.42109624375952,207.71431183744403,506.3551681695089,541.4930361132092,0.0,418.9093462640636,98.57775079400206,0.0,26.41811394356634,87.45267047586411,0.0,73.7647048270523,268.3737137952977,274.1691333890463,41.01697367067977,254.2034903058991,74.64694032492052,97.03826718954963,3524.0206521750406,0.0,2360.148765418266,0.0,0.0,44.78680067908891,90.12634273753058,98.33927708210652,173.28660461900304,0.0
2366,Mic,012_02409,337.3343116947714,45.65202604598628,123.14717352163619,160.44471129563996,174.90147127181882,609.0938979430325,354.9552543354052,0.0,576.4372899349482,97.01920927947239,0.0,95.33493292678288,140.26225409655498,143.24010574188878,88.7314565310919,28.823781372942175,322.8300971534422,160.35258909660678,305.7810100781105,278.35735863191377,233.4543819342788,0.0,0.0,0.0,28.472393688959187,0.0,242.43289932811172,189.72248235690313,82.80452171696217,123.76493454898903,38.51397456232441
2367,Mic,012_02410,104.06131429795313,92.30739332375246,452.51121157950337,152.6149032175235,346.2792865290039,287.3673774910717,923.6530593914166,1096.7257366061024,274.66174826922474,241.58059518592268,115.17715242525134,318.59793824249664,206.79691309107466,217.22125925693027,296.5299102876661,727.5418047057507,402.68900884552227,218.2313342734885,270.4985858383285,148.27306779069684,413.03467572987785,1666.6308497466007,0.0,0.0,100.74846997631711,334.76849628963623,174.7450812820862,271.72707180054624,83.71446151604964,460.9868007492709,136.28021768207097
2368,Mic,012_02411,138.99040933026117,150.4038255099956,52.8539600227632,69.30608866331094,97.58653518400672,271.8758746613643,435.56906748135424,223.79673743650767,514.0304752858798,649.5841397579768,217.93628302567774,130.02554194326723,169.56232065311298,137.00747888442498,143.022671174105,214.43028730275037,295.45442543492914,165.17347348785864,113.74064525816509,213.75986361508237,86.83747899442177,0.0,0.0,869.6663597323688,0.0,0.0,160.31501698606488,161.30428996690108,35.20069001753031,184.14620989499178,85.95571681295043
2369,Mic,012_02412,0.0,17.30763624820359,62.84877938604213,103.01505967182838,124.32899915270087,242.46622475809173,233.07133274362843,275.7942661171228,86.11321205981842,164.49731316936183,0.0,21.083687089576983,0.0,0.0,19.623302886683785,206.53347960688947,132.51755648232748,130.9388005640931,0.0,178.72200135485778,77.44400169935211,0.0,0.0,0.0,0.0,0.0,125.10159228149354,35.9638771500723,15.696461534259312,233.3745678793184,204.4203265231065
2370,Mic,012_02413,0.0,212.5977365921071,82.3467471640741,0.0,27.150059657492683,132.3700124663598,0.0,344.71425885173744,1119.990270791895,70.28163191898787,0.0,0.0,0.0,44.470494021103825,0.0,12.528131746349667,100.94726880909765,134.03184309710315,166.13298972747734,136.59802308276795,126.83742010602549,0.0,0.0,0.0,0.0,0.0,29.27011382964078,117.80293617661475,51.41518108859742,28.31257516412845,167.3993225071108
2371,Mic,012_02414,0.0,410.8682344138765,454.69725607988744,465.80722634218046,37.47888670110403,365.45633876581945,724.5478387464972,623.5348625256689,847.4773401692615,1131.8907749271777,0.0,238.3373323169572,788.9751792931219,552.4975507187139,621.1201957176432,0.0,536.5018161326989,185.0222181883924,917.3430302343315,215.50247119890096,700.3631458028365,0.0,0.0,0.0,0.0,0.0,363.6493489921676,203.27408823953905,70.9753043288247,97.70915885446503,346.6257710609197
2372,Mic,012_02415,239.56949221660085,0.0,13.809027583412076,0.0,42.49366731604049,147.98408083827198,256.05019653525375,605.9705002010022,287.51967241182126,201.66786342012392,284.69845423424806,7.720786821535233,76.67505263552873,19.886453312254176,28.743992960776247,134.45685057349925,136.5542851927292,53.94309741548905,74.29186512461135,91.6264908354482,28.359775270185278,269.737663936604,0.0,243.44533661522294,1092.9789999895531,551.6607614913723,65.44550099233062,32.9246762641507,97.71599997383964,110.78291954625965,37.42907387042795
2373,Mic,012_02416,350.8922003577394,32.90665758342182,78.86545186577573,83.56712214207064,56.73220875413919,399.529964500841,721.9388082485458,212.50461686384293,377.5312860796513,399.7829939962171,0.0,56.12038099163452,115.00479152158118,10.32495930654513,29.847510057990693,287.96380337633343,241.40607372793534,180.48968121631844,154.28804164818737,90.6134705223898,147.24270889821972,0.0,2591.3084059977505,337.0553350333861,1795.7908268173526,0.0,176.6908882366981,232.48312541618944,17.906018276741882,325.38757544660604,116.59806558539164
2374,Mic,012_02417,311.20016996457207,0.0,3.8906387238978466,0.0,138.53802762729524,350.2289913172437,165.32341558699835,1433.2316059996344,257.13356878365954,345.34218541145526,320.85063889891444,156.62167552257188,100.8134951318989,0.0,0.0,345.6794923226422,158.34600602927057,222.90772000792037,0.0,169.64405842889673,95.88304972300737,0.0,468.73204301612753,0.0,46.77607534614724,0.0,132.76087344158498,155.8434676503133,126.31914282332492,149.82071024351305,31.63647910476648
2375,Mic,012_02418,0.0,140.25928595946803,169.77332613372423,222.61955752457453,134.33990557798327,363.8742766932401,0.0,516.2737959485717,264.54540114327716,0.0,116.67295959960526,284.76668276831253,398.016915845419,220.04231457195527,159.02520780896987,20.66328223099231,155.39761380309577,176.85240595669714,274.0115544855795,182.38412605794431,348.6656353563904,0.0,0.0,0.0,34.01896388810708,0.0,193.10672500594177,32.38305821305211,113.06888308661252,54.48025827036838,0.0
2376,Mic,012_02419,91.42808840696259,60.6381014653374,4.635654649750625,48.1224013975255,6.113577263300657,178.84033599178397,231.00509752427004,74.94521303966607,442.7447748957874,226.83687465105956,0.0,23.32663252463836,154.437694670143,50.068729970569024,65.13266490048235,76.16837545785995,163.66344432453704,162.97701772339246,149.63751557013916,114.2468774618287,228.48726742503882,370.4327686556844,0.0,503.9644596439643,0.0,0.0,184.54702974858623,79.57964305547911,17.36629786769115,111.56861401112673,18.847264147520455
2377,Mic,012_02420,0.0,168.749453419985,13.617235533642463,0.0,0.0,175.11449565862185,1272.9903000198874,0.0,856.0666375358419,0.0,0.0,0.0,151.22024269784833,0.0,0.0,497.21022868325247,126.86758314393369,0.0,0.0,103.26160078280672,167.7953370152629,0.0,0.0,1320.3528326145079,0.0,0.0,77.44384284092457,155.8434676503133,34.00899999089518,0.0,110.72767686668269
2378,Mic,012_02421,413.79675567891945,2433.325451784475,2503.1504963175657,2555.383939474214,3751.3589373975424,311.314658948661,390.8980315212584,0.0,146.33617735655417,209.369849161133,49.91009938427558,2306.3991921397987,1854.9683104269398,1725.7022263189458,1194.259677903659,318.2145463572816,286.0826904111159,472.8345575925584,234.43210772655138,431.40402104817025,656.2662069930282,0.0,0.0,1721.3488780752102,0.0,1160.5307871374055,103.25845712123277,90.042892420181,36.27626665695485,246.37183462266592,137.79444232298286
2379,Mic,012_02422,0.0,122.98096812388141,121.79390787854128,230.68548352184177,139.20729346124355,417.66438716093654,0.0,0.0,71.98649221514964,0.0,0.0,27.238552264795107,330.6181703704511,175.39604784721075,0.0,0.0,191.11010890070165,0.0,0.0,138.5373029135792,0.0,0.0,0.0,0.0,0.0,0.0,69.26654266517478,92.92529748093214,40.5573167593284,0.0,0.0
2380,Mic,012_02423,0.0,0.0,0.0,0.0,0.0,0.0,150.91592043552953,0.0,169.54812273035242,0.0,0.0,0.0,0.0,0.0,0.0,512.0693849427519,0.0,78.26227160152689,0.0,0.0,0.0,0.0,0.0,0.0,0.0,0.0,0.0,0.0,0.0,185.9843299574645,0.0
2381,Mic,012_02424,0.0,5.438048851399315,7.898819403200462,0.0,5.208546188068838,101.57698841829423,183.07717979862053,0.0,203.7211798365564,49.437784386115844,0.0,26.497926976628474,29.238959313179137,0.0,0.0,153.81972029355,100.70328749475543,41.14089202013801,0.0,59.8979678256764,0.0,0.0,0.0,0.0,0.0,473.32826665725,22.461054117005315,67.7989708206801,39.4545498383799,206.39952831130498,32.11437153837323
2382,Mic,012_02425,976.1359364733487,79.99974088058548,29.050102471770586,0.0,63.85291808336242,0.0,0.0,816.3080188542676,195.11490314207225,396.7007668316204,0.0,64.96899132788165,107.53439480735882,41.8352054865199,151.17211112704544,0.0,180.43389602692787,75.65352921480934,156.2880718177009,55.07285375083025,0.0,0.0,0.0,0.0,0.0,0.0,247.8202970909586,27.705505360055692,0.0,93.22177526263033,78.7396813274188
2383,Mic,012_02426,283.9506710436503,15.85897946971959,34.55298531884607,6.292843586414185,113.9226071531356,0.0,155.72313714882665,0.0,408.45199107098114,0.0,0.0,0.0,0.0,0.0,17.98082379044153,21.0273929310979,166.60746369748207,29.994791318646875,92.94665064048293,131.01031288743758,70.96190464081603,0.0,0.0,84.60410621478626,0.0,0.0,0.0,16.47684239474678,14.382660789101042,79.20037545912585,93.6551275700576
2384,Mic,012_02427,0.0,28.57133602878053,4.150014638824369,81.62717109234401,5.473107264288207,53.36822724834188,487.3533899485818,306.7145589432864,270.9309797915631,443.9270485972895,0.0,13.921926713117497,61.448225604205035,0.0,12.957609525175322,75.76536818030513,71.2239063264189,108.07647030687049,0.0,102.27815696582759,51.13762651893725,0.0,0.0,0.0,0.0,0.0,47.203866112563546,83.11651608016709,0.0,28.537278141621535,0.0
2385,Mic,012_02428,4.711754556060572,35.526200719996844,0.0,0.0,0.0,55.29931441851216,169.43672544849306,357.5393810050235,201.01969626347707,9.787025497490637,0.0,0.0,63.67168113593615,0.0,0.0,94.20825385577416,134.95055935532002,123.18584526753494,0.0,114.13124297047057,0.0,0.0,0.0,0.0,853.0479003915798,0.0,85.595826297864,0.0,21.479368415302215,53.225778639142796,69.93326960001012
2386,Mic,012_02429,0.0,85.09063348207728,57.04383758093133,15.583369026720218,0.0,366.7852709067861,0.0,592.8653008665117,348.65259419641563,156.87712142886807,294.01585819100524,0.0,52.78961199633979,82.14913077352998,103.89646910186032,277.71451318453666,279.7157048455724,37.1390052509064,0.0,126.16690132008382,117.15165347974718,0.0,0.0,0.0,0.0,0.0,175.72711975540702,217.6141511917102,71.23339634456589,117.6773578639957,541.1563553048055
2387,Mic,012_02430,527.1688971584671,0.0,22.156857817452142,3.4587784361162712,0.0,122.11374031400264,229.87342099492653,442.2830438151999,321.44353534592244,198.11024977971363,65.25775706418598,31.855256038489195,0.0,0.0,0.0,80.90200331117329,144.34481742182234,24.729361849877147,0.0,78.00876378749562,78.00654892719243,0.0,0.0,0.0,19.027556073009045,0.0,144.0117949196854,54.33767395071456,39.526198536633615,400.48925934343436,51.47630498402681
2388,Mic,012_02431,0.0,0.0,0.0,25.622878818224574,0.0,226.15683744252502,0.0,81.23465756765854,269.3110636194163,1180.7629326658655,0.0,0.0,0.0,0.0,0.0,49.94398709643433,114.98029720856863,76.33203620328297,0.0,66.68013682835948,72.23476391688448,0.0,0.0,378.9353420956435,0.0,0.0,66.67810684061666,67.08956454901379,0.0,72.55890899685834,0.0
2389,Mic,012_02432,139.3189918582287,153.1909931755892,47.68101925457787,73.81180364733234,15.720627248487405,153.2917165643863,236.37730909460194,568.9718214439955,105.6822970818154,189.90994156832895,0.0,13.329504299793351,0.0,17.166421704195095,0.0,222.4600172102576,192.88905938249007,155.21620735561186,0.0,82.86037266462301,440.6540157482892,0.0,0.0,0.0,0.0,0.0,90.39038191767489,159.15928611095822,307.6315622276718,295.0875995069801,323.0959568146364
2390,Mic,012_02434,655.4929050194097,86.44039798537837,48.00652527114631,125.09248677287182,58.441653839009675,332.42073752145166,174.03537369651355,742.0120487147568,604.194793289095,403.42450864232586,152.26809981643396,24.77631025215826,95.68738520993794,31.908207574464328,80.7105339068124,364.0590149002798,257.1303736869021,86.55276647457,0.0,280.0314597499843,364.03056166023134,0.0,0.0,0.0,0.0,0.0,241.51978106322238,359.2324000075018,27.66833897564353,330.1134293501135,120.11137829606257
2391,Mic,012_02435,19.130195459664957,510.8497643877119,181.1387858632106,338.63692848827185,181.32523148547492,112.26037785127008,256.28767584942113,32.76283699062912,89.70725262992771,166.3957723980712,0.0,395.34553153610796,266.59194705997976,273.4304331881893,258.9358698102648,199.21611833719632,258.97440397151973,255.75692263771103,176.11761014515548,260.65365673389607,107.56829618340726,0.0,0.0,0.0,26.238332748423154,0.0,86.88190716043624,124.88291230742969,59.955766261077294,138.06516202741102,17.74600497362527
2392,Mic,012_02436,306.9371539376601,635.7122266403667,560.2519762412899,748.2490683464866,1306.7043593488095,133.42056812085474,0.0,59.90518729361064,255.04305196428015,147.58213051771594,0.0,1722.8384307482906,1517.0030696038118,1456.7616196198892,1571.110154927508,883.9292954368933,1437.196681229524,1013.2169091269109,1172.160538632757,1544.006792657205,1022.7525303787453,0.0,0.0,0.0,0.0,621.712921680753,147.51208160176108,341.3714053292577,0.0,42.8059172124323,0.0
2393,Mic,012_02437,794.0330721430772,13.043436013138937,0.0,0.0,12.492962233701343,243.63755917721298,545.2405453193337,5.46960405724271,0.0,0.0,0.0,79.44577743898573,70.13112704827749,0.0,59.15430435406126,86.47134411882652,353.02284005268496,357.709621830892,0.0,107.75123559945048,350.18157290141824,0.0,0.0,0.0,2647.9326130732043,0.0,404.0548322135195,325.2385411832625,70.9753043288247,234.50198125071609,308.11179649859525
2394,Mic,012_02438,1086.6280852045898,434.48135133421425,75.12957535802738,377.64294672032713,554.8598398968045,386.459576625924,0.0,0.0,569.1972691661832,0.0,619.5736475289382,856.9185925143012,611.833625628076,454.4168871811643,422.2393448720925,1280.1734623568798,692.5910891051769,352.1802222068711,242.51597351022556,541.2332178960903,370.3069506543732,0.0,0.0,0.0,0.0,2701.235452819823,213.63818714737815,128.9739042623282,262.69020682622477,289.30895771161136,0.0
2395,Mic,012_02439,580.3581818706332,791.3767470730331,157.7721082518575,381.74776135859156,445.86951420278933,144.9223412347215,0.0,0.0,0.0,782.2870725235617,232.34011782335182,415.8575522495874,667.4548643215375,632.9378071451932,457.4259569447668,438.9166156652159,403.3974694522174,322.8318703562985,545.6609403980076,470.0183208044995,0.0,0.0,0.0,0.0,0.0,0.0,288.4115526489605,0.0,168.8722758168588,0.0,0.0
2396,Mic,012_02440,0.0,133.71385261469285,14.94005269976773,28.569509882320403,0.0,384.25123618806157,467.47450167436335,0.0,96.33101503700023,208.2679025866007,77.00415333573946,12.529734041805748,0.0,32.27287280388678,58.30924286328896,131.83174063373093,195.96749083526112,58.36129396571007,60.282541986827496,84.96954578699524,92.04772773408706,0.0,0.0,0.0,0.0,0.0,339.8678360104575,0.0,27.9845485639366,102.73420130983753,30.371019940575817
2397,Mic,012_02441,168.5145158873428,28.23520266373605,30.75893202893356,131.64382004598616,6.760897208826609,197.77637156738464,142.58481532551392,304.88216497901135,196.26263786643736,96.25827430473144,105.69197516670123,8.598837087513749,85.39496058231437,0.0,24.009688237824864,146.62827136070817,147.05641835631195,126.83091662482742,41.37037195174436,106.90612786925871,189.51002768782632,0.0,0.0,52.71997050011582,1263.5043411147537,0.0,94.75481947595478,154.01001508972135,64.01694115933208,70.50386364400613,521.0714205490949
2398,Mic,012_02442,0.0,250.26656906493318,174.76665925530432,420.13985121059414,382.60531931768764,314.6442274935665,94.51644955289747,375.38448380028314,287.35103917287,67.61944889175349,0.0,269.69079956293126,375.2202813465328,166.11037472588785,229.18338772469184,212.71025826021494,368.4980180257234,364.1078946167294,338.484861423363,284.935754031702,258.4227650288541,0.0,0.0,0.0,0.0,418.90817182767313,69.57521709772902,80.00520264401109,17.459165770726933,124.98412191437451,85.26623245348827
2399,Mic,012_02443,449.10519436009173,68.40832949408734,27.94606057260591,64.46801517388214,65.5212841140441,239.5865783832926,23.98992340195701,179.28868406163753,67.57185956796707,0.0,0.0,104.16643502688866,91.95340173550873,0.0,58.17074109876808,147.3915357236815,172.0539494868599,177.90259839111934,100.23225508498633,70.63976490605305,191.31059802215248,0.0,0.0,428.80817539456274,0.0,372.141701338598,185.42373772838948,53.305129077541835,54.28514962917234,239.14374651696144,126.24533229455508
2400,Mic,012_02444,335.16904815562,55.62895889047334,20.200402381032525,18.920205220079737,3.8058030645712706,185.5517834793344,111.47635488105848,529.8633652274593,432.6123812712966,538.5672662283589,0.0,19.361619932150166,74.77557254816342,12.46744534366487,0.0,80.78294223198097,164.14516159995878,165.33552742309325,46.57591544236121,71.12057272458209,177.79638359233155,0.0,556.2700801886758,729.201484117023,0.0,0.0,131.295521637594,90.82268313395741,43.24323177650247,150.81290037757606,0.0
2401,Mic,012_02445,66.76316625197691,518.6423879122702,138.4803613590759,357.118873529005,116.88330767801935,142.4660303663364,0.0,191.89966777105778,0.0,258.44382584899,0.0,148.65786151294958,123.02663812706307,311.10502385102717,276.7218305376425,0.0,95.06580717297437,158.68007187004503,357.608299921858,147.01651636874175,68.25573031129338,0.0,0.0,341.786249428717,0.0,331.9314751346393,31.502580138681182,158.4848823562508,55.33667795128706,228.54006647315546,0.0
2402,Mic,012_02446,150.7761457939383,155.02342132362259,37.52884051377061,198.2095183223186,8.248941570577921,241.3060992807803,0.0,260.02864073092616,675.5270043713084,711.7836725447736,0.0,0.0,23.153338594885874,27.0227403860296,58.588234455936266,502.4440205641288,288.3034677136382,81.44518695374211,201.90325067358492,332.01816136864164,462.44073742005463,0.0,0.0,0.0,0.0,0.0,106.71687434538887,232.64670768850596,203.07766501740275,559.1394927748335,101.72111941819654
2403,Mic,012_02447,0.0,305.5340657247453,168.83362137652648,258.285236943487,400.788980294463,310.16589636951466,514.3050073088186,222.82077045003513,0.0,521.4931667297593,0.0,436.92246012938875,410.6940908694331,270.92540822451076,391.5971291925679,246.58691784143593,331.15174159146795,515.0581601524842,311.4227261312122,164.60889866484317,118.88082917686522,0.0,0.0,0.0,0.0,0.0,150.8868967527977,0.0,0.0,132.68254781713333,156.89825799559463
2404,Mic,012_02448,0.0,581.3210742976396,259.41628471872957,533.5939588915872,509.8295249301934,130.82483722356184,499.09308736670636,311.320498635589,545.2588460569506,619.3625785649326,0.0,136.5107210780393,715.5012261501307,483.46521515550234,619.3939027890227,117.62794515152433,234.4569056503906,397.4018071595043,82.09684706377286,327.8656273882112,62.67841382671299,0.0,0.0,0.0,0.0,0.0,101.249537721987,145.53475578239372,12.703750969361622,55.96415635555351,0.0
2405,Mic,012_02450,347.9266581964223,68.13858056075104,127.83877901615132,85.61840501010846,5.43857661908765,265.15759594996365,366.3949973204254,0.0,355.63845752520297,258.10578283603064,170.04071714516598,27.668182426700387,76.32567454780988,53.44876410738346,77.25514827312732,120.45976518256715,305.34160472430057,107.39459983174827,199.67403497214156,234.537389790602,660.5948914670287,0.0,0.0,363.5040778061163,24.789844347484966,0.0,140.71814976773675,94.39099617936954,41.197022070989725,192.82917911467925,0.0
2406,Mic,012_02451,70.06174165968328,679.889102184867,657.1796279279623,539.5600371796924,285.77651109591824,228.41021172863717,359.5294199840573,311.76743126283446,349.2980929076011,375.94943595795553,146.47529167124355,1632.6107263711567,2380.0751242009173,2010.4771984486533,1452.9776006966297,341.5618092693647,496.4383688240883,684.5822072970519,344.0036363378743,909.1510503703635,569.0450559648046,0.0,427.9727349277686,0.0,64.06288580015817,0.0,111.11507885871787,152.4555661796543,53.23147824661853,224.73106536526956,0.0
2407,Mic,012_02452,85.81038712235657,53.916876054311636,15.060536995733598,26.331345513659354,15.889666251159312,116.20501094397022,123.33805549950847,260.87742853669147,784.1461153465493,455.8859618831122,0.0,40.4184969090508,44.599518583697204,26.026510325715144,75.23773272682446,230.96217074318827,177.23921389984423,101.97537924116004,0.0,188.44052493083623,148.464076990463,0.0,0.0,238.95786497254605,0.0,180.49729984279924,34.260870565570315,112.03493526934963,0.0,82.85016234664316,48.985516033186805
2408,Mic,012_02453,247.65334227368837,0.0,79.41266329899904,60.076072182449444,80.5620929089152,471.33621261386065,141.58538904986776,0.0,0.0,139.03064258117539,377.8241168342357,0.0,135.67423643919105,0.0,0.0,7.434919307413121,218.66404886194962,524.978929364448,0.0,46.322961098829175,0.0,0.0,0.0,807.6924719477023,0.0,0.0,243.1881420051463,17.47777207293233,15.256373827691291,184.82554908545535,0.0
2409,Mic,012_02454,350.61079872679977,0.0,58.53378856252282,21.32052976292567,5.146354591793389,200.72825771018142,0.0,446.1237649555219,207.57895964129716,168.74584857762957,0.0,0.0,57.77967482186444,33.71792681003096,60.92010448403323,227.97460037536592,118.63564098549776,162.59862995421707,0.0,155.3547665508495,48.08463389094101,0.0,0.0,1008.986045221833,2275.4117129576575,0.0,88.77144970422398,33.49471543529121,19.49172536791604,134.1678002180714,95.19274906747646
2410,Mic,012_02455,131.32634447083964,30.703525284659673,50.1718187678767,42.64105952585134,3.6759675655667063,215.06599040376582,249.80211071598558,173.81445387877474,199.94077281466934,301.33187246005286,0.0,18.7010955847847,20.63559815066587,12.0421167178682,52.217232414885636,189.97883364613824,211.84935890267454,79.84754149537446,0.0,116.25186612648602,0.0,0.0,0.0,0.0,0.0,1002.1641125600198,15.852044590039997,71.77439021848116,69.61330488541442,226.1685775104632,22.66494025416106
2411,Mic,012_02456,110.18256808018569,4.326909062050897,3.142438969302107,65.2428711254913,45.58729968932365,40.411037459681964,133.53045105103712,279.42313803971655,298.86350067819336,253.89802684836283,259.14859295681555,63.251061268730936,58.16163180686475,0.0,19.623302886683785,367.17063041224793,178.74461106918588,98.2041004230698,50.7184848446866,160.84980121937198,77.44400169935211,0.0,0.0,470.8950661772021,0.0,0.0,125.10159228149354,98.90066216269881,117.72346150694483,159.90479650990335,76.65762244616492
2412,Mic,012_02457,462.62991318140075,1408.6910894190053,1575.2012085624672,771.9091179384704,1734.737041593958,104.41609679023414,0.0,309.4233152383019,209.4152500804353,341.87721365147416,0.0,1171.2577473861895,1623.0346545458506,1718.8812689026654,1571.814372836485,464.47464840969667,1504.9921075930254,1120.7060073125483,3014.127099341375,1631.6615676488216,3001.556339155013,0.0,0.0,596.4326742470956,48.809817752501466,1946.231754826705,0.0,116.15662185116517,60.83597513899261,55.8338050596943,132.04791278511226
2413,Mic,012_02458,218.96153656699317,240.76355137628434,407.99666210352956,154.6756904456837,186.67827643479842,0.0,257.31866884646877,0.0,140.93012749242672,0.0,0.0,139.66264059337618,154.10980147551422,251.810631750072,181.9842611656789,70.93954855098633,155.15016537347302,86.73653030997248,134.38783245471097,220.99298001925513,102.60097040423717,0.0,0.0,0.0,0.0,0.0,47.354196896361515,0.0,41.59062419268709,103.0613802949007,67.70609540892698
2414,Mic,012_02459,433.48141915757253,86.84182398221449,5.73357285627051,0.0,128.54600614150593,368.66209612341436,722.0440849177613,165.5274912060294,0.0,443.67848921957545,236.41626024130537,0.0,63.67168113593615,148.6250721231628,17.90196052820275,160.50295101354115,373.92550821369923,328.4955873800932,92.53898989205975,141.30534843963022,706.506682169528,0.0,0.0,0.0,0.0,343.5781935604161,211.95156988042513,196.8549065056589,171.83494732241772,299.6414204870261,0.0
2415,Mic,012_02460,175.6034678777959,21.634545310254488,59.70634041674003,68.67670644788558,53.87589963283704,363.69933713713766,281.62786039855104,0.0,187.4228733066636,0.0,64.78714823920389,0.0,93.0586108909836,0.0,0.0,133.86429233779873,123.27214556495579,57.285725246790726,0.0,160.84980121937198,116.16600254902814,0.0,0.0,997.1895519046633,0.0,376.6145583258408,241.26735654288038,26.97290786255422,94.17876920555585,129.65253771073245,255.52540815388312
2416,Mic,012_02461,0.0,185.407124787623,22.442139248578137,36.78477667251554,73.99265185625688,72.1501784687884,329.4341584416379,194.3704789440757,189.92300443185403,249.00209076877462,115.671474967849,18.821488904000052,62.30533604718215,0.0,35.03559657021654,211.68778834926457,167.81941876911577,306.83512921886194,0.0,85.09110450772056,207.40367837079705,836.8918859242586,0.0,675.8887695631036,101.18086684316827,0.0,0.0,128.42036819253283,14.012291841742217,123.45740929937557,0.0
2417,Mic,012_02462,252.0977157674648,71.99976679252694,10.45803688983741,85.70852964696121,89.64949698904083,336.2198316645539,222.19467054892579,1014.45840370492,105.36204769671902,178.5153450742292,107.80581467003525,350.83255317056097,96.78095532662294,67.77303288816223,65.30635200688363,350.0360009930097,299.9950934468764,163.41162310398818,84.39555878155849,237.91472820358666,644.3340941386095,0.0,0.0,0.0,0.0,0.0,193.29983173094772,344.10237657189174,39.17836798951124,136.6364877420839,42.519427916806144
2418,Mic,012_02463,0.0,13.138643575278639,0.0,0.0,0.0,61.35398388039305,106.89524628266173,126.7191480123238,188.42118018756318,228.03055027730005,0.0,0.0,0.0,20.612236279854695,0.0,29.03417393770817,70.18414127055877,37.274549065690735,77.00324706346579,54.26887048439477,0.0,0.0,574.7954980051783,0.0,1003.8077483041817,0.0,81.40082751162875,40.95156814168816,23.831124081211218,13.12298191913983,38.79509846423919
2419,Mic,012_02464,134.76631310882925,0.0,0.0,0.0,0.0,45.19083758932176,200.90915958724963,81.16186665585957,113.2925244050742,55.985995318978695,0.0,0.0,0.0,0.0,32.9165080679857,4.277077235984968,55.14108876884044,64.06145618995953,0.0,46.63427132126755,43.302022455551715,0.0,0.0,92.92805860043457,168.997433508661,0.0,19.98550782991602,30.16325180328644,0.0,38.66340909510014,0.0
2420,Mic,012_02465,185.28212940847143,125.37272824569366,325.1877142362379,525.9064008188333,171.54515305977964,0.0,512.5250202621083,135.18901968349147,41.93514336187822,495.8759585395256,938.6078391669736,458.1768418272252,216.67378058199165,702.4568085423118,609.2010448403324,71.24206261730184,357.1825750101007,169.37357286897614,839.7568037966021,234.2651241639794,320.56422593960673,0.0,0.0,0.0,0.0,0.0,147.95241617370664,37.2163504836569,48.72931341979009,196.77944031983805,0.0
2421,Mic,012_02466,1356.9853121454446,0.0,0.0,112.77438111442264,0.0,0.0,0.0,0.0,0.0,0.0,0.0,0.0,127.3433622718723,0.0,0.0,0.0,33.737639838830006,268.76911694734895,0.0,0.0,0.0,0.0,0.0,0.0,0.0,0.0,0.0,196.8549065056589,85.91747366120886,0.0,0.0
2422,Mic,012_02467,500.63535787890186,69.90268620633684,0.0,83.21216470578757,50.21443072575102,489.64053155032116,1951.3124200898603,1480.297890288328,1104.767102062685,259.973803506159,261.66459871367783,127.73029848442752,46.98104627505968,164.49765264117045,79.25528156175199,308.94616151192383,224.04413252193905,66.10502552750332,204.84358927562744,144.3657331332443,156.39177042199262,0.0,0.0,0.0,0.0,0.0,0.0,36.31304100589824,0.0,34.90968005674091,0.0
2423,Mic,012_02468,565.4105467272685,39.47355635555205,11.46714571254102,100.24389432393123,45.36917863817857,73.73241922468287,239.2047888684608,410.5081781909529,198.7091250420578,469.7772238795505,0.0,173.10816768284258,233.46283083176584,49.54169070772093,71.607842112811,300.07073450357694,179.9340791404267,89.58970564911633,185.0779797841195,163.04463281495796,353.253341084764,0.0,0.0,0.0,34.46658183400323,0.0,130.43173531103085,49.213726626414726,28.639157887069615,39.42650269566133,46.622179733340076
2424,Mic,012_02469,802.9972007055956,49.586616248296785,162.05635676400948,76.73628687400107,33.24573420869283,393.6458084226871,415.95421045660413,1307.9134197707485,483.2722022452814,288.91946344658305,37.12321441805622,175.1746563695983,233.28742675150156,171.14402244485413,106.81996282117673,153.40921656342775,309.91228661867393,164.12439189163183,290.6183153634934,136.54426549792623,110.93906579521513,0.0,86.77353523604344,0.0,0.0,539.5029485659427,189.44940066870805,149.40365493749042,80.94704130064305,89.14951353333008,307.4752018777304
2425,Mic,012_02470,256.8693912386091,16.41332069738456,83.44178369551126,34.73496642227405,10.480418165658271,357.68067198356795,113.58390177273078,142.24295536099888,413.12170677436944,293.9082429033662,0.0,79.97702579876011,44.12505562004086,17.166421704195095,24.812443771612326,72.54130995986661,188.99231070809634,93.12972441336713,128.2607276315479,97.92589496728176,97.92311461073093,0.0,0.0,280.1964563271462,0.0,476.20564213844915,169.4819660956404,34.10556130949106,69.4651914707646,147.54379975349005,32.30959568146364
2426,Mic,012_02471,128.446526376086,88.04319308868783,7.104644626248241,58.22590329277256,65.58805172693205,274.09225407436463,164.66996335147664,767.1119690282901,128.8394604987053,185.95348445232207,73.23764583562178,23.83373323169572,78.89751792931219,30.694308373261883,11.091432066386487,389.1210485347193,132.38356501975684,18.502221818839242,57.33393938964572,161.62685339917573,218.86348306338638,0.0,0.0,0.0,0.0,0.0,252.53427013344967,233.7652014754699,17.743826082206176,210.07469153709982,115.54192368697323
2427,Mic,012_02472,0.0,60.36565813397837,19.92766175654994,108.87770534420885,42.049482640263065,153.7590693587899,117.00938859283787,294.5581892290709,228.07028617277592,40.81905756270484,164.3381321189562,26.740286064829345,44.25958322863854,0.0,49.77618293207595,140.6741134811153,138.75632970299293,249.10308399998198,0.0,83.11299575201517,98.22166069186122,339.7139536939935,0.0,0.0,23.95847761631932,0.0,283.331132344846,148.24134727712726,19.90770731174352,153.47487390798898,97.22430163903844
2428,Mic,012_02473,140.8891854140079,29.50810114447825,114.29548513483509,109.28227823838405,56.52553404100936,183.72668396970158,93.82288622284497,32.996955624021595,210.14834649892043,211.35696593487972,147.27570310114106,23.96397221110389,0.0,169.74120258874876,89.21632787825632,269.525981887315,99.83022935916092,27.904990284150987,0.0,60.94127259313183,44.01189167613453,0.0,0.0,671.654893490937,0.0,0.0,40.62627821163256,132.85016914452933,44.601967201174006,216.13479510539588,87.12997523935687
2429,Mic,012_02474,170.78298052428778,983.0737388979638,276.5346292985854,379.0954195923284,172.40287882507855,387.94595961294687,446.7200544252879,313.5345341120975,194.5145495939428,171.6493702636819,207.31887436545244,33.73389934332317,167.50549960377046,173.77700740554423,109.89049616542918,134.6292311511576,212.02809037172395,235.68984101536756,0.0,133.44576101162713,185.86560407844507,5357.027731328359,0.0,384.1026422151296,0.0,301.29164666067265,100.08127382519483,57.54220344011568,37.67150768222235,373.39930860690947,204.4203265231065
2430,Mic,012_02475,179.65361100531968,30.50837575954531,31.019600944432998,19.36915924225112,0.0,284.9320607326728,503.27606426336047,0.0,285.72758697415327,151.28419074087222,274.08257966958115,74.32893075647479,0.0,0.0,0.0,188.7713410594043,145.58649327061218,196.18627067569201,71.52165998437161,92.41038171749481,54.6045842490347,0.0,3630.3693962144002,1315.0632835162064,26.638578502212663,1593.2710806462687,264.6216731649219,101.43032470800051,33.202006770772236,262.0592762225516,108.10024046645631
2431,Mic,012_02476,0.0,0.0,0.0,0.0,0.0,160.10468174502566,197.18574659103803,337.86525633596403,145.49997062880243,14.167884529700729,0.0,0.0,46.08616920315378,0.0,38.87282857552597,128.80112590651873,54.944156308951726,97.26882327618344,0.0,141.61590964499206,0.0,0.0,0.0,0.0,0.0,0.0,70.80579916884533,35.62136403435732,0.0,145.54011852226984,50.61836656762637
2432,Mic,012_02477,137.7282101002321,110.76887198850298,10.055804701766743,0.0,86.20143941253927,64.65765993549114,252.4939438055975,174.1858522844986,340.4004617893999,223.14418134278648,310.9783115481786,33.73389934332317,37.22344435639344,65.16637777707908,78.49321154673514,226.4218887542196,162.7192321457416,157.1265606769117,0.0,238.29600180647702,123.91040271896338,0.0,0.0,1329.5860692062179,30.224540992895143,0.0,85.78394899302415,143.8555086002892,25.1143384548149,110.63683217982503,0.0
2433,Mic,012_02478,0.0,438.80454885992776,370.7139942293112,291.3805734266508,2272.9732780420804,167.27354809181787,0.0,533.2455776404386,220.15950264986063,0.0,0.0,850.8998491077039,385.19783214576296,730.5550808840042,507.6675373669437,221.6419725871613,414.5869174224384,152.43621558207852,629.8176028474514,332.90307118039175,1602.8211296980337,0.0,0.0,0.0,0.0,389.7304882177855,332.89293639083996,204.68992766011297,64.97241789305346,483.004080785057,370.1940241512973
2434,Mic,012_02479,260.88762179406484,0.0,4.578825258247552,0.0,0.0,235.53053006273475,122.04610944018374,367.48842390903565,393.03180664450343,49.50075242863915,0.0,38.40111133653251,101.69627529942866,0.0,7.148243433327893,175.54742925139,156.0439699025395,172.90342491300558,36.95077004446519,65.10363622033347,169.26464819753315,3049.0963444513427,0.0,551.6009923229531,13.762488017780623,0.0,117.18297760868445,183.4094750630657,51.46020313858744,154.2812217568926,130.3134831075495
2435,Mic,012_02480,677.1219638382319,0.0,0.0,84.40991556140118,0.0,229.24079431674133,711.5738416339566,645.0154893686586,162.83225553129301,33.809724445876746,0.0,0.0,131.9740299908495,77.01481010018436,0.0,470.0896707550751,329.2486942453092,216.64419729695402,0.0,135.17882284294697,439.318700549052,0.0,572.7053325578867,1187.226348664946,71.43982416502487,0.0,405.5241225124778,187.01216118037595,29.680581810235786,163.44077481110514,48.31753172364335
2436,Mic,012_02482,73.9289489054149,34.838596835093675,0.0,9.215970929780774,0.0,108.45801021437222,0.0,0.0,135.95102928608904,143.96398796308804,0.0,0.0,93.65898902576413,36.4371144560012,0.0,92.3848682972753,111.66070475690188,43.9278556731151,0.0,63.95557209773835,0.0,0.0,0.0,743.4244688034765,0.0,0.0,335.75653154258913,48.2612028852583,63.19091611211489,139.18827274236048,205.73916733938455
2437,Mic,012_02483,267.5862367661652,118.68093427339605,0.0,0.0,0.0,92.3680856221302,0.0,116.12390152299909,0.0,171.6493702636819,296.1698205220749,24.09564238808798,53.176349080562055,31.03160846527575,0.0,34.96863146783314,133.8383294705234,299.28868700364137,579.6398267964182,217.87063022306472,442.5371525677263,0.0,0.0,0.0,0.0,0.0,20.424749760243845,246.60944331478146,0.0,0.0,0.0
2438,Mic,012_02484,819.681879301728,10.404590576954758,105.78939050413565,0.0,0.0,583.0401705165675,262.7104617630494,558.4687055903771,499.40392549889935,0.0,155.78874952317233,0.0,0.0,65.29193919861487,165.15334683821726,469.0445625497503,266.7808745636962,334.53728236606446,121.95889997335043,57.30123511647078,186.22372662965594,0.0,0.0,0.0,0.0,0.0,64.46192698897768,43.239806053266115,18.872046237722177,228.6281358629332,122.88851999076921
2439,Mic,012_02485,0.0,0.0,0.0,0.0,0.0,0.0,0.0,0.0,0.0,0.0,0.0,0.0,0.0,0.0,0.0,0.0,8.781029547092741,0.0,0.0,0.0,0.0,0.0,0.0,0.0,0.0,0.0,0.0,0.0,0.0,0.0,0.0
2440,Mic,012_02486,0.0,0.0,36.720635146901024,0.0,0.0,0.0,209.93878473723836,59.366713699960194,1124.6510709200345,0.0,0.0,0.0,0.0,0.0,0.0,339.66721240383987,79.2265924305109,114.7553533033625,0.0,83.53747479058522,90.49636153632156,0.0,0.0,0.0,0.0,0.0,0.0,42.02520475963504,18.34193257935919,90.90245340617648,0.0
2441,Mic,012_02487,0.0,0.0,0.0,0.0,0.0,0.0,62.47272836427155,124.50397689063819,43.448267091430516,345.06832166410277,0.0,0.0,0.0,0.0,21.03941752799086,278.8477983543189,52.8672294381666,0.0,0.0,51.098524098708474,0.0,0.0,0.0,0.0,0.0,403.79292851430347,19.161363177135975,0.0,0.0,111.20712512920556,0.0
2442,Mic,012_02488,0.0,46.391602314772506,0.0,80.9960331715269,17.77349266237923,86.65459578983348,46.85454627320366,824.8388469004781,48.87930047785933,207.0409929984617,277.8500378093692,67.81557084482493,324.26608743456137,0.0,0.0,254.24358085246726,267.6403490307185,315.87298280410084,0.0,38.32389307403136,581.2292086301891,0.0,2760.2035357815676,772.1651054840233,0.0,0.0,76.6454527085439,289.19406368099374,67.31678348713271,444.82850051682226,0.0
2443,Mic,012_02489,302.61409543149585,0.0,64.44212872258969,130.7759255176638,72.84628682749798,0.0,0.0,212.62122814070256,96.45821268009486,0.0,569.3969084684961,92.6494418584228,102.23340351403833,0.0,28.743992960776247,100.84263793012443,130.91154613517838,23.97470996243958,148.5837302492227,69.81065968415102,113.43910108074111,0.0,0.0,0.0,5312.708050582131,551.6607614913723,78.53460119079675,52.67948202264111,91.96799997537849,278.53991200202427,0.0
2444,Mic,012_02490,640.7986196242377,173.68364796442899,103.20431141286919,137.83535469540544,589.7993222963213,884.7890306961946,2436.345071808397,1019.649345829141,1598.9152852221393,274.0367139297378,945.6650409652215,153.8739268291934,254.6867245437446,198.16676283088373,71.607842112811,963.0177060812468,264.2781787375017,328.4955873800932,370.155959568239,217.39284375327728,282.6026728678112,0.0,0.0,1415.1149976346878,8892.378113172832,687.1563871208322,554.3348750718811,0.0,57.27831577413923,0.0,279.7330784000405
2445,Mic,012_02491,2261.642186909074,5857.875763163924,6318.3972876101025,5939.450738692926,3811.011005607,884.7890306961946,212.62647899418738,410.5081781909529,360.44911054140715,0.0,0.0,5500.992884143664,6154.929176473827,6589.044864126884,6194.078342758152,1535.2456183903935,1225.8009141441569,1851.5205834150709,740.311919136478,739.1356687611427,706.506682169528,0.0,3591.9676559551663,0.0,1999.0617463721871,2061.469161362497,1108.6697501437623,787.4196260226356,429.58736830604425,283.8708194087616,0.0
2446,Mic,012_02492,0.0,1310.8653193204632,213.13933878744723,1444.0024016607595,655.8805172693205,365.45633876581945,1075.8437605629806,0.0,148.88115435405948,582.1152556768343,0.0,1048.6842621946116,894.171869865538,552.4975507187139,754.2173805142811,830.1249035407345,404.118251112942,592.0710982028558,229.33575755858288,404.0671334979393,350.18157290141824,0.0,0.0,0.0,85.41718106687757,851.4763927366835,525.2712818775753,81.30963529581562,70.9753043288247,293.12747656339513,231.08384737394647
2447,Mic,012_02493,605.2281908629917,228.16827504674023,626.0092504480141,382.2680899747096,485.64191218331985,236.77452934123514,0.0,0.0,0.0,796.1952010352945,0.0,0.0,340.77801171346107,795.4581324901671,344.927915529315,0.0,288.9082397466006,239.74709962439582,0.0,104.71598952622654,0.0,0.0,0.0,7032.865279995331,0.0,0.0,0.0,210.71792809056444,0.0,0.0,0.0
2448,Mic,012_02494,471.2570444295387,1028.568097036099,1228.0270590339383,1199.6720599935406,1194.1324940265179,582.1988427091843,257.9591806845066,215.6586742569983,392.2569741089972,392.8367983235202,466.69183839842105,1879.4601062708625,1927.2398030409763,1491.397909876586,1961.3108963106286,881.6333751890053,1573.4008397563446,2033.802668502017,2740.1155448557956,2070.5962546578385,3068.257591136236,482.3644017819475,1090.8673001102604,0.0,0.0,339.11613909859256,2156.3584292330165,2396.346307765856,2190.7096098031175,1385.3551388750816,4371.586203567732
2449,Mic,012_02495,77.72568756044106,0.0,0.0,0.0,0.0,0.0,0.0,0.0,0.0,403.6199662531022,0.0,0.0,0.0,0.0,0.0,0.0,4.969109743703644,0.0,163.5572844603847,19.211460610754738,124.87094847647471,0.0,1465.060153055059,0.0,0.0,0.0,0.0,0.0,25.309023249038265,0.0,82.40199208683362
2450,Mic,012_02496,349.5673142067796,149.99951415109777,7.781277447795693,0.0,82.09660896432311,500.32713045320526,306.59978890679696,98.84355903445754,570.7110916905613,1514.1926591117654,160.42531944945722,104.41445034838124,259.23470176774003,0.0,0.0,113.64805227045771,179.33162128616186,101.3216909126911,125.58862913922395,354.03977411248013,287.6491491690221,0.0,0.0,1303.205393229904,0.0,0.0,442.53624480528333,133.58011512883996,174.90342852460375,181.92514815283724,126.54591641906592
2451,Mic,012_02497,601.7033178802704,120.44570653024951,14.57904770888115,10.62063564398528,6.4090289526051505,374.96635501623115,405.4921328030413,252.53710926005377,661.9400022581975,1017.5595877837104,100.19127757438221,81.51313967717495,179.89025153647387,41.99072669650696,30.346817847064884,384.4599537773848,271.6569810070847,303.739076401465,78.43453418360455,184.25861849720155,179.64705226912906,2692.454086526372,0.0,2341.7410157353625,0.0,873.6337709863369,179.6466837648213,83.42549941132012,72.82224533366401,106.9352281291989,987.904923717615
2452,Mic,012_02498,0.0,0.0,0.0,81.62717109234401,0.0,0.0,0.0,1265.1975556410566,20.068961466041713,0.0,0.0,0.0,0.0,0.0,0.0,0.0,219.7766252358069,0.0,0.0,47.20530321499735,306.8257591136236,0.0,0.0,768.2052844302592,0.0,0.0,70.80579916884533,106.86409210307197,124.37577139527376,34.24473376994584,607.4203988115164
2453,Mic,012_02499,309.7617289738962,38.65018156040556,0.0,6.572740003601319,34.374807127699704,438.3234001761822,433.7319280096154,432.97117270308405,439.5471928452081,700.4628187345138,248.01951227768848,107.61734759833159,133.59334324227095,8.662197455030961,25.040779143743727,363.6040445340104,251.68693278538214,167.087549186082,161.80130134501246,186.25098546101333,222.35455702636065,2413.9489991783307,0.0,1048.6237778265809,48.21092428314562,1201.469756622314,336.38184497775825,137.6776646726694,95.14174230581717,333.6498025668419,114.12423137179564
2454,Mic,012_02500,264.2398595578806,139.7070840462418,23.527642046878317,17.675174842830394,25.210769681957494,208.010019589994,191.9976445585871,339.61995945983983,78.22154272197362,286.1466442415935,121.26638320588893,19.73186463276496,59.87573164189271,88.94098804220765,36.73023172490643,411.6386145229177,180.9840319363108,195.30354279863602,71.19985274034744,181.20145919142684,199.3159458808972,3556.4879269178823,5173.030169223656,786.3518659522339,1113.7862350137736,793.0511284431652,196.52790714187384,105.1811930148346,88.14031043759559,149.65218301039323,131.52803911272994
2455,Mic,012_02501,675.33954275764,6.84408429586758,0.0,0.0,85.21815303140765,191.7603602649547,168.96933121591317,878.2146012518828,476.73321961633314,543.0124564995565,307.4310304278572,50.02365301861611,73.59768465902886,42.94869004319534,62.078281375364675,314.584722634575,202.29755903359282,401.28012644357045,0.0,141.34667787760617,122.496976071979,10485.923483223723,0.0,1504.2803098159068,0.0,595.7097196332691,212.01356215005967,42.66437137194888,37.24179466683577,164.06222262407513,485.0124857430359
2456,Mic,012_02502,268.5700096954526,39.447924176100386,6.366499730014657,22.030060380036026,19.59123623012256,272.90570751993016,629.595288450321,218.1093410099187,580.6885583285082,632.7248432014077,218.76179924925987,46.27458594985078,102.12276130244304,22.92107443457868,66.26050325373745,340.94415681137315,239.86037934116231,129.87598562444947,85.62861077674361,209.20532106646553,196.1244198879696,3120.2947240269727,1048.2552961997033,726.4278866568602,1377.7680374683368,1398.8540737816943,202.15860274059528,209.47790781568085,111.30218178838419,259.75408853907777,138.050090638981
2457,Mic,012_02503,1067.2586006198376,35.29400332967006,12.816221678722316,112.03729365615843,0.0,659.2545718912821,1208.0102409522704,902.8064108601791,671.4248137536015,2406.4568576182855,264.22993791675304,0.0,142.32493430385728,166.11037472588785,0.0,2059.035299958881,578.170533708577,333.7655700653353,206.8518597587218,242.9684724301334,631.7000922927543,0.0,6485.045677493717,866.1138010733314,0.0,5375.988205121806,182.22080668452838,623.3738706012532,64.01694115933208,1850.7264206551613,2501.142818635656
2458,Mic,012_02504,863.2183976083421,143.0458942897886,129.85972959235195,9.460102610039868,22.83481838742762,667.9864205256039,535.0865034290808,989.7447765569525,41.86571431657709,876.8137809937306,535.4593443875924,29.042429898225247,192.28004369527739,37.40233603099461,108.12309934914508,779.731007630425,751.3886276687768,90.18301495805086,139.7277463270836,935.5090719925801,213.35566031079784,20292.846770329943,2086.0128007075346,4298.897121480589,7390.000354024426,10894.386693822997,689.3014885973685,421.08698543925703,194.5945429942611,333.37588504516816,351.9820191788589
2459,Mic,012_02505,122.98155326121733,0.0,26.40918406524599,0.0,0.0,339.6159915803575,867.1509181202339,1250.384636601182,1181.33204993291,1051.8580938717207,136.11845286620613,0.0,73.31890555047192,28.52400374080902,20.614378790051653,490.1789729240954,469.4302916968518,206.32780694948002,0.0,262.847711083508,244.0659447494733,0.0,1113.5937021958907,3084.4606117275557,198.44395601395797,2373.812973690148,319.1625038292649,340.02211123704717,82.4460605839883,181.60086090122795,322.11687815762235
2460,Mic,012_02506,10.304844496708013,64.74799171989832,18.80941886661405,0.0,0.0,120.94238549084673,0.0,814.5381581649216,515.4402333364671,631.4391702265901,193.8953501259627,0.0,208.87975969774735,0.0,146.8218345478499,251.82446114605014,184.4647933633871,195.9371979664127,0.0,410.07484627416767,695.3245620200822,2104.2713246800604,0.0,27.63328361259925,6953.818855775443,0.0,160.45918516680774,80.72467389080975,305.34699272400843,103.4732962832896,0.0
2461,Mic,012_02507,0.0,0.0,0.0,0.0,0.0,0.0,8.937838718782212,0.0,0.0,0.0,0.0,0.0,0.0,0.0,0.0,0.0,51.054304534866645,30.12751163421611,0.0,0.0,0.0,0.0,0.0,0.0,0.0,0.0,98.6894988415322,198.59698532429303,0.0,95.46098351799061,0.0
2462,Mic,012_02508,1622.3820993847746,0.0,0.0,0.0,17.59213049235495,171.5407304410989,0.0,0.0,215.02458713616124,1624.2467621549768,0.0,0.0,296.2682305917029,288.15065003470335,0.0,535.7693892750149,405.540201327977,0.0,0.0,101.15422117499432,0.0,0.0,0.0,1724.542475251602,0.0,0.0,113.79503437850141,381.65747179668557,33.31493876659118,440.28943418501797,0.0
2463,Mic,012_02509,148.54242511550956,0.0,9.683367490590195,0.0,25.541167233344968,498.1034543178576,216.95775912184675,2281.189532140693,663.3906706830456,1024.8103143150195,0.0,97.4534869918225,35.84479826911961,0.0,0.0,0.0,280.14736488391435,226.960587644428,0.0,293.72188667109464,119.32112854418695,0.0,0.0,0.0,0.0,0.0,27.53558856566207,277.05505360055696,0.0,106.53917172872039,78.7396813274188
2464,Mic,012_02510,0.0,34.17710449012354,0.0,0.0,0.0,212.79736181300882,0.0,0.0,13.336968062875824,47.07683150691698,170.57882068043554,0.0,0.0,0.0,77.49962659044735,110.77088639019296,137.93997048027964,150.82823862446168,0.0,15.685306448021274,0.0,0.0,1993.5945120685928,0.0,99.47317288800933,0.0,47.054486789422526,0.0,20.6636961969996,159.3030336766468,134.5551516354625
2465,Mic,012_02511,267.49141527900497,16.26500755855277,23.62508333547608,0.0,5.192857795936101,202.54206726780356,425.8933991901645,263.72717394078705,479.20690368086053,224.04034271364105,81.17907731177354,105.67245577426536,29.15089015862137,119.07912405048585,0.0,258.78893830260847,276.09990193403956,348.644276200778,254.2034903058991,149.29388064984104,48.519133594774814,2978.6365036241423,2087.269434924828,2545.258472509895,23.669821259496192,235.9512895535388,212.73730322567232,146.4553069484872,98.33927708210652,167.8713982246592,0.0
2466,Mic,012_02512,0.0,0.0,0.0,0.0,11.728086994903302,114.36048696073262,82.44700205897061,174.58083154137958,107.51229356808062,657.7946388789625,183.34322222795112,149.1635004976875,460.8616920315378,345.78078004164405,27.766306125375696,259.766976618189,200.58977700093484,486.34411638091717,0.0,455.1939952874745,0.0,2558.254059450686,0.0,0.0,0.0,0.0,151.72671250466854,50.88766290622475,111.04979588863729,171.2236688497292,144.62390447893247
2467,Mic,012_02513,792.0182246705111,42.35280399560408,0.0,0.0,141.97884138535878,791.1054862695386,756.4916590881431,47.36033630741923,107.42797020057625,455.03911489509403,0.0,0.0,18.976657907180968,22.14804996345171,112.04521177651603,56.155508180696756,173.4511601125731,200.25934203920121,82.74074390348872,87.46865007484804,63.17000922927544,0.0,0.0,707.9538895729839,1201.869983011595,307.1993260069603,233.24263255619636,102.67334339314756,12.803388231866418,253.81390911842215,0.0
2468,Mic,012_02514,0.0,0.0,0.0,3.9460649008729836,0.0,232.19601634292397,488.2479576351333,100.08468860545777,299.7870417890071,410.9469269664576,297.8061178730256,121.14383742077382,80.20521159664885,62.406107631825265,33.825803870968734,30.766599785925013,90.30876520393998,112.85333087292001,0.0,123.2293136413605,44.49821092117469,0.0,0.0,339.538247261993,0.0,1081.9865764057304,71.88157788549904,154.98245401688612,54.11376794131386,79.46291814020582,29.364245798899276
2469,Mic,012_02515,363.34838488497286,64.15073561179024,2.7405757048840176,86.8465185101983,32.52884506133557,246.70218256308982,76.22458680923698,319.6450371062847,178.91668476801343,651.8117945582443,0.0,64.35607631535447,121.73705072531187,59.20076248092438,77.0122075552873,223.48401054442203,192.17016235241326,171.29100954296456,44.23247315595309,171.45322394126399,33.77013072005291,0.0,0.0,861.6138934385506,972.0009619098773,328.45210956719023,101.31018434536044,141.14125372103845,253.24940873723196,180.91557463367613,133.70889282014514
2470,Mic,012_02516,342.7902118050221,6.153826221583499,2.234623267059276,92.78986115625429,44.205866365404745,143.68368874553585,471.32202843711536,433.5292323525299,64.83818319798094,376.3571377633322,0.0,59.9713766103523,66.17501218914389,67.5799473243783,97.68044103593705,247.50020272233013,163.26710834825255,232.78008989172105,288.5318248942171,127.0912009634544,82.60693514597557,2357.0922017844778,5115.188654042663,157.58057116518134,0.0,133.90739851585448,127.08733184151724,115.08440688023136,128.36217432460947,196.68770165302226,199.8776526003708
2471,Mic,012_02517,0.0,108.43338372368514,0.0,0.0,31.157146775616607,506.3551681695089,206.86250817807988,218.2569715372031,602.9755741679702,17.923227417091287,162.35815462354708,0.0,0.0,102.06782061470217,0.0,498.40832561983865,111.98457560961045,0.0,127.10174515294955,119.43510451987282,0.0,0.0,0.0,0.0,94.67928503798477,0.0,179.14720271635565,135.18951410629586,78.67142166568522,227.43866856244148,64.03528300723818
2472,Mic,012_02518,492.3783511083297,213.74930766531435,114.38477848259669,26.783915514675375,43.100719706269636,210.1373947903462,0.0,0.0,0.0,706.623240918824,0.0,520.7670711125514,362.92858247483605,70.59690925850234,306.123525032267,407.71238752026704,480.76136770332755,276.60821619164665,0.0,216.8493616438941,604.0632132549464,0.0,0.0,0.0,1620.7910107440018,0.0,278.79783422732845,233.7652014754699,122.43239996722262,235.96761863353305,0.0
2473,Mic,012_02519,962.1497990436416,254.54463007459015,178.2619924404104,317.43899869244893,121.9010254318737,849.0399789508937,209.1363978995858,228.7288969392406,909.9449573807551,67.61944889175349,0.0,155.03963839608124,782.0683258717006,427.8600561121353,309.2156818507748,771.4292032903795,411.1561865206909,120.35788738719667,319.6801468998428,162.7152497183621,406.7765745824555,4431.722941371642,0.0,2269.69743127122,0.0,1978.1774780751232,488.13088820946393,132.23082103662944,148.40290905117894,544.8025827036838,107.37229271920745
2474,Mic,012_02520,143.2373385042414,350.9988631135688,124.18918806681926,57.13901976464081,206.88345459009423,252.16487374841543,0.0,1049.1794502602966,821.8239720344083,431.4120839293872,0.0,394.6866223168811,314.5381048115246,310.6264007374102,122.44941001290681,875.0900024825244,326.91773003826273,697.9038070066161,421.9777939077925,260.2192339726729,241.62528530197858,974.9790471017612,3149.879329068377,0.0,39.291903290763685,2741.7539846121203,204.45174510004085,149.60972894430074,32.648639991259365,503.39758641820384,265.74642448003846
2475,Mic,012_02521,228.08493392395124,22.9298620358366,0.0,45.492850131083436,21.962150168799813,0.0,180.12306819252814,28.846064709534804,684.5177621060726,94.75336787379467,0.0,83.79758435602571,123.28784118041138,71.94589478573485,103.99100638038794,222.95286687452847,171.48176172857546,65.05239773247936,134.38783245471097,78.92606429259111,0.0,0.0,6219.506955485329,0.0,0.0,0.0,47.354196896361515,0.0,62.38593628903063,217.5740250670126,744.7670494981968
2476,Mic,012_02522,950.5750646190564,0.0,190.14612526977112,0.0,15.67298898409805,611.3087848446435,220.3583509576124,0.0,507.65350253873703,960.1961742628995,245.01321515917104,119.60200676269125,43.99134333028316,102.68641346691247,74.21176364418595,231.42876098711386,349.64463105696547,61.898342084844,191.80808813990566,67.58941142147349,0.0,0.0,0.0,0.0,0.0,2136.431676321133,270.3494150083185,544.0353779792755,89.04174543070737,261.5052396977682,0.0
2477,Mic,012_02523,0.0,83.44343833571003,0.0,56.76061566023921,0.0,333.99321026280194,140.46020715013373,179.9535957376277,0.0,896.5174614654999,0.0,0.0,0.0,0.0,54.06154967457254,316.1071652555777,118.863737710315,90.18301495805086,0.0,32.824879719037895,0.0,0.0,0.0,1093.8022261755348,52.04225601425653,1037.560637506952,172.32537214934212,0.0,0.0,119.06281608756004,0.0
2478,Mic,012_02524,144.84674680204185,0.0,14.688254058760409,0.0,0.0,0.0,226.96084836458203,0.0,485.37572534443586,1721.6367549293639,302.8253221068406,0.0,271.8566160860195,190.37368788809619,321.0284157641751,53.63166511639578,273.6918647599468,0.0,474.1323527053848,167.07494958117044,180.99272307264312,0.0,0.0,2805.2440161779127,0.0,0.0,167.06986320738784,336.2016380770803,73.36773031743677,202.0054520137255,238.87319054385475
2479,Mic,012_02525,462.53723891994605,149.99951415109777,27.234471067284925,44.63985919112562,89.7931660547284,262.6717434879327,268.2748152934474,212.2890074717327,142.67777292264032,953.0116078181507,842.2329271096504,296.92859317820916,277.23711161272195,58.830757715418606,0.0,671.2338087223908,373.92550821369923,124.11907136804658,329.67015149046284,219.43090166346425,167.7953370152629,5585.81745735384,0.0,2740.732394972539,0.0,407.99910485299415,116.16576426138685,409.08910258207237,85.02249997723793,440.0983363403196,166.091515300024
2480,Mic,012_02526,2329.280084087663,185.04612960696173,24.43466563046124,66.75119131383272,161.1241858178304,785.5603543564343,1481.9270720552827,479.68938759967847,2363.2608829170617,2085.4596387176307,251.88274455615712,245.9106681102063,226.12372739865174,0.0,228.87740189328377,1576.2028931715815,994.4721126324284,890.8733346790632,0.0,602.1984942847793,1354.9081418802537,0.0,0.0,3805.12897895362,0.0,732.1105432876157,451.6351208667003,489.3776180421052,396.6657195199736,739.3021963418214,397.3778309981883
2481,Mic,012_02527,0.0,0.0,150.8370705265011,0.0,0.0,323.2882996774557,0.0,0.0,769.9534254760235,0.0,0.0,0.0,93.0586108909836,0.0,156.98642309347028,611.9510506870799,86.29050189546905,0.0,0.0,47.65920036129541,0.0,0.0,0.0,0.0,11183.080167371201,3012.9164666067263,0.0,143.8555086002892,251.143384548149,0.0,613.2609795693194
2482,Mic,012_02528,0.0,30.50837575954531,0.0,0.0,321.4290961145532,0.0,0.0,0.0,1089.3364253389593,100.85612716058147,456.80429944930194,0.0,246.05327625412613,0.0,0.0,0.0,119.51130044602493,115.40368863276001,0.0,0.0,273.0229212451735,0.0,0.0,0.0,0.0,0.0,0.0,126.78790588500064,55.33667795128706,0.0,0.0
2483,Mic,012_02530,966.0192596797674,83.72065906107781,152.00635014298564,16.610180164139766,0.0,977.3832315830056,305.3415134393272,0.0,1776.4531297702622,501.64195805742696,2507.111969070587,0.0,56.267997282920305,65.67154349628123,142.38303489872885,888.0405944854369,544.1175169355491,237.51689404649443,0.0,461.07505465811363,187.30642271471206,5182.612874959528,0.0,7592.726648438607,0.0,910.8817224624985,950.9383493025156,565.3856035685784,265.7447441149018,1463.3650767971042,247.20597626050085
2484,Mic,012_02531,0.0,0.0,214.89116896926186,0.0,0.0,460.57511186925194,442.7291069468011,103.39799450678001,0.0,794.7600979332121,0.0,0.0,0.0,0.0,0.0,0.0,131.71544320639111,0.0,0.0,237.64313604810312,0.0,0.0,0.0,0.0,0.0,7511.654752361974,152.76593656291968,51.23620854256875,44.72416437158817,73.88418587351327,0.0
2485,Mic,012_02532,430.97960257913337,2500.8768554041435,3100.3914673411796,2237.5235615799606,3798.966090924297,297.53967403942823,294.948677719813,0.0,177.15742533076647,500.2642413584594,0.0,2639.0059309289986,4410.813450726621,3548.5880052061348,2347.850044495263,2055.722290626686,1679.1193491467252,602.5502326843222,560.1475140368926,1754.5333938317601,2565.932233295348,0.0,4738.756512757735,0.0,0.0,0.0,32.896499613844064,231.6964828783419,86.67780528652929,206.83213095564636,0.0
2486,Mic,012_02533,818.4990771670936,1946.9324693897588,560.2519762412899,1486.7806163248372,7072.036457926691,343.0814608821978,0.0,0.0,0.0,0.0,0.0,2684.9430089583752,1580.097229822415,1267.8628601526948,2415.668632907685,1266.3640110136716,418.62214330629877,1042.1659636733941,2583.5375137211786,1213.850654099932,657.4837695291933,0.0,0.0,0.0,0.0,0.0,227.59006875700283,457.9889661560227,266.51951013272947,843.888082187951,0.0
2487,Mic,012_02534,0.0,0.0,12.104209363237745,0.0,63.85291808336242,311.314658948661,402.1199845792849,0.0,380.4740611270409,358.13263672299064,0.0,0.0,0.0,0.0,113.37908334528409,250.44663370711976,183.99509134324882,220.65612687652722,0.0,45.894044792358535,149.15141068023368,0.0,0.0,0.0,0.0,0.0,309.7753713636983,103.89564510020885,120.92088885651617,49.94023674783769,98.42460165927349
2488,Mic,012_02535,0.0,0.0,0.0,0.0,0.0,289.844682469443,644.2948910901454,0.0,145.32696234030206,795.111450761653,0.0,0.0,125.14778706028831,0.0,0.0,13.716144239537996,104.99386191222096,29.348351850572584,0.0,128.18681476486353,138.86510649538997,0.0,0.0,0.0,0.0,0.0,64.09145614421342,0.0,28.145379302809793,185.9843299574645,0.0
2489,Mic,012_02536,0.0,79.64575972624661,0.0,0.0,0.0,0.0,0.0,0.0,0.0,0.0,0.0,0.0,42.823431560452626,0.0,72.24153983062348,0.0,39.7089035271185,30.12751163421611,0.0,0.0,0.0,0.0,2230.0030648271695,0.0,0.0,0.0,65.79299922768813,0.0,0.0,63.64065567866041,0.0
2490,Mic,012_02537,217.72075452644688,187.19939366057,0.0,79.99462767049712,0.0,0.0,654.4643023441088,253.61460092623,0.0,487.9419432028931,0.0,0.0,0.0,135.54606577632447,0.0,840.0864023832233,199.99672896458426,190.64689362131955,0.0,118.95736410179333,515.4672753108875,0.0,7559.710389764105,2243.1594305363565,0.0,0.0,0.0,299.2194578886015,182.83238395105246,115.06230546701802,170.07771166722458
2491,Mic,012_02538,689.6612594648658,0.0,0.0,63.487799738489784,0.0,622.629317897322,0.0,637.3911928040172,0.0,550.9732872661394,798.5615901484093,0.0,71.68959653823921,0.0,90.70326667622727,200.35730696569584,104.46172927874771,0.0,0.0,275.3642687541512,119.32112854418695,0.0,0.0,0.0,5588.1818013530565,2321.061574274811,357.96265135360693,110.82202144022277,48.368355542606466,306.30011872007117,0.0
2492,Mic,012_02539,672.3385276729697,0.0,0.0,0.0,0.0,1029.2443826465935,0.0,0.0,1354.6548989578157,0.0,0.0,357.99240119444994,197.5121537278019,0.0,166.59783675225415,0.0,183.14718769650574,208.43319273467878,0.0,0.0,0.0,0.0,0.0,0.0,0.0,0.0,227.59006875700283,839.6464379527082,0.0,0.0,867.7434268735948
2493,Mic,012_02540,78.21834184531953,258.01964208926034,66.92429750322576,34.12740088331789,5.884057297784251,172.12619368492523,251.6321897311757,474.00746150684955,143.8389729648041,121.85347786636807,91.98448350685602,59.86903637722884,33.03104277359145,19.275606623481863,27.86107167529165,190.05988263660163,251.59297968547293,267.24028237995793,72.00986244160282,76.12459306855375,329.8638707194247,0.0,430.0176558455122,0.0,0.0,1336.7888759688544,139.5575051877412,51.06134093662142,89.14304434473547,177.94405175680052,362.7937535563664
2494,Mic,012_02541,0.0,78.26061607883362,0.0,0.0,0.0,182.72816938290973,0.0,0.0,0.0,0.0,292.9505833424871,190.66986585356577,0.0,0.0,88.7314565310919,0.0,27.870224214685656,222.0266618260709,0.0,161.62685339917573,350.18157290141824,0.0,0.0,0.0,0.0,0.0,80.8109664427039,0.0,0.0,58.62549531267902,0.0
2495,Mic,012_02542,1949.3838968032846,202.36620844053428,38.67617192987208,143.6928011832683,163.22166042610985,696.3132608437506,11.952376038134792,696.7434091379944,985.0416293539412,0.0,1594.7605720419417,103.79661336407129,257.7007686211854,66.83731054059392,96.6070295959817,451.9023143535359,914.1103717278261,926.6438193766588,124.84550115615163,601.239143019419,857.8412495928234,7664.670446362114,0.0,2704.6280724023914,11206.329814288814,3244.67927173032,351.93414971497083,619.6852678166302,135.23105321823405,159.57235410551687,817.681306092426
2496,Mic,012_02543,285.37707288201347,0.0,0.0,0.0,6.605474284485768,64.40992943765401,58.04458478289598,11.567898236007572,577.2709892962,0.0,103.26227458815639,16.802325343417674,74.16165159128195,0.0,0.0,79.24883338399732,127.71183203357872,26.087423867175637,0.0,56.971917673272664,123.43565021812444,1387.4907074245098,0.0,485.64701889269253,0.0,0.0,71.21272904912604,143.3043380692536,25.018114935830933,55.106468135545036,0.0
2497,Mic,012_02544,421.286289718357,0.0,230.69199021700172,0.0,0.0,494.4409289184617,772.3344163465335,0.0,185.9330253471512,65.63064157140779,396.34490687512965,0.0,284.64986860771455,0.0,0.0,608.3513386242148,320.507578468885,250.3241775490015,620.5555792761655,546.6790629678002,0.0,0.0,0.0,0.0,0.0,0.0,382.66369403750963,275.01788408878815,0.0,185.07264206551613,0.0
2498,Mic,012_02545,835.5511412747413,0.0,133.1463029956152,0.0,0.0,155.6573294743305,841.6464793519917,0.0,0.0,0.0,0.0,40.60561957992604,89.61199567279903,156.88202057444963,0.0,486.16111249029126,160.2537892344425,94.56691151851167,195.36008977212614,206.52320156561345,0.0,0.0,0.0,0.0,0.0,0.0,447.45331419200863,207.7912902004177,120.92088885651617,449.4621307305391,0.0
2499,Mic,012_02546,99.81696063013337,43.90229682471155,104.76256466300542,0.0,42.049482640263065,351.4493013915197,309.67898334345057,284.03825389946115,337.7459368675313,238.43512989008545,0.0,30.560326931233533,151.74714249818928,137.7500668458582,0.0,144.13899312350733,142.94414649483375,201.6548775237949,147.03059021177438,146.79697951005272,112.25332650498423,0.0,0.0,0.0,0.0,272.94713634764764,25.904560671528774,52.12882541613266,22.751665499135445,181.66413646251758,74.07565839164833
2500,Mic,012_02547,0.0,0.0,0.0,0.0,9.685554990172951,661.10641057637,442.57365431093496,279.8716502998124,964.8322345261348,509.805058498501,0.0,0.0,190.29963126021363,0.0,45.86120225202502,294.97415814017677,93.63142741787654,229.510706606725,0.0,125.30621218587783,90.49636153632156,0.0,0.0,2093.1436120712115,0.0,0.0,20.88373290092348,126.07561427890514,91.70966289679598,161.60436161098036,119.43659527192737
2501,Mic,012_02548,0.0,8.780459364942308,0.0,0.0,0.0,82.00483699135461,221.7019994390612,522.8407858816008,118.21107790363597,740.1855771370479,394.41151708549484,0.0,23.605111055273888,0.0,0.0,419.1118415437368,65.66496729606426,99.64123359999279,0.0,72.5349781108496,235.73198566046688,2038.2837221639609,9065.506361708987,1180.4129980269836,0.0,2292.7559453202402,145.06553976056114,36.490177791292865,15.92616584939481,149.08987751061787,155.5588826224615
2502,Mic,012_02549,453.8890185086629,31.528560299275327,2.0816156229771914,0.0,46.669569108699605,347.9982334107644,593.4411800271687,411.056422110871,397.62428828220385,452.44733159736967,0.0,20.949396089006427,115.58235110663568,0.0,64.99437898774246,504.1775057730814,247.0153948709241,222.26235891930452,100.79087434103324,248.61710252166205,205.20194080847435,1774.3021785291378,1203.7755397713543,556.5818541652355,625.6672498529249,1746.340117587338,313.72155443839506,232.2762511476007,72.7835923372024,372.1660955093636,135.41219081785397
2503,Mic,012_02550,166.5550447723737,73.2555766784431,22.800952521447844,0.0,0.0,195.4766463166011,375.80493961763347,324.74184088699155,826.9695604102947,1046.528912499115,0.0,0.0,112.53599456584061,32.835771748140616,71.19151744936443,305.263954354369,156.52695692666478,39.58614900774907,0.0,72.04297729033027,93.65321135735603,971.7399140549117,183.13251913188236,0.0,45.68825964042288,455.44086123124924,151.28564647994568,217.45600137253015,18.981767436778696,188.14693844534196,0.0
2504,Mic,012_02551,0.0,0.0,0.0,0.0,0.0,0.0,0.0,0.0,0.0,0.0,0.0,0.0,0.0,0.0,0.0,0.0,0.0,0.0,0.0,0.0,0.0,0.0,0.0,0.0,0.0,0.0,0.0,64.4869521311641,0.0,0.0,0.0
2505,Mic,012_02552,291.4352774761621,23.37654765991134,5.65911087112414,12.367753195809698,0.0,72.77485533864804,148.6544431063258,601.2302433831467,401.3792293208343,927.3524419440477,466.69183839842105,56.953336553662496,188.53432855835638,146.69487638130352,35.33893506865998,454.59220908183084,277.49573893409956,103.16390347474001,91.33718482852652,236.02651607498677,0.0,0.0,0.0,1313.5977807357247,0.0,0.0,96.55336250297088,356.2136403435732,141.33610385826563,326.8815496222103,0.0
2506,Mic,012_02553,107.42800387818103,0.0,21.78757685382794,0.0,57.46762627502618,420.2747895806924,0.0,0.0,280.965460524584,0.0,449.19089445848016,146.18023048773372,0.0,0.0,0.0,0.0,299.1404065709594,113.480293822214,0.0,144.5662410959294,0.0,0.0,0.0,1440.384908306736,0.0,1305.5971355295812,340.75290850006814,280.5182417705639,54.41439998543227,359.56970458443135,0.0
2507,Mic,012_02554,0.0,0.0,0.0,0.0,0.0,0.0,0.0,0.0,221.81483725625057,0.0,0.0,0.0,0.0,0.0,53.70588158460826,0.0,84.34409959707502,0.0,0.0,0.0,0.0,0.0,0.0,0.0,0.0,1030.7345806812484,195.6476029665463,98.42745325282945,42.95873683060443,0.0,139.86653920002024
2508,Mic,012_02555,0.0,0.0,0.0,0.0,0.0,0.0,0.0,0.0,0.0,0.0,0.0,0.0,0.0,0.0,0.0,0.0,0.0,0.0,0.0,0.0,0.0,0.0,0.0,0.0,0.0,0.0,0.0,0.0,0.0,0.0,0.0
2509,Mic,012_02556,233.36420318106738,0.0,7.344127029380204,40.1257161268545,48.42777495086476,188.88754587896287,0.0,262.9097320998237,911.5592890615014,610.094578203124,0.0,98.54846999173061,54.371323217203894,31.72894798134936,45.86120225202502,268.15832558197883,334.91241345625065,95.62946108613541,0.0,69.61456232548767,90.49636153632156,5868.653975331629,0.0,0.0,0.0,880.1778441772458,62.65119870277045,126.07561427890514,183.41932579359195,181.80490681235295,0.0
2510,Mic,012_02557,157.69248275696296,0.0,0.0,0.0,15.816777873860417,462.68784174021175,1649.3182384365637,145.42121612742542,0.0,798.4057864558415,618.1526070529544,0.0,22.197466818032787,0.0,37.44630275624061,0.0,258.75841197487966,203.01520454432782,96.78389768527352,193.2602436669043,147.78304911435998,0.0,0.0,0.0,36.04761769794833,1078.0159834647918,238.72597426193263,308.82742213273093,239.62304580740818,453.5856365170578,0.0
2511,Mic,012_02558,0.0,0.0,52.29018444918706,194.27266719977874,0.0,134.48793266582155,670.623914747667,0.0,109.57652960458776,0.0,0.0,0.0,0.0,0.0,0.0,76.37149112574758,215.38109273109075,136.17635258665683,0.0,218.08850085328777,386.6004564831657,5125.604133334974,24947.044286221546,0.0,62.86704526522188,626.686625054199,297.3843565091504,89.76583736658044,26.11891199300749,258.89018730079056,170.07771166722458
2512,Mic,012_02559,0.0,0.0,0.0,0.0,0.0,0.0,0.0,0.0,0.0,0.0,0.0,0.0,0.0,0.0,0.0,0.0,0.0,0.0,0.0,0.0,0.0,0.0,0.0,0.0,0.0,0.0,0.0,0.0,0.0,0.0,0.0
2513,Mic,012_02560,176.50098583461025,25.59233416795981,0.0,0.0,0.0,159.3458917841488,287.19690290684076,493.6641690337923,1198.4308742754768,1121.0086835230031,0.0,0.0,68.80162700944759,0.0,0.0,233.75950087857174,255.19086816479944,322.69277864136683,99.99473789284183,152.69013954614073,229.02870644737303,0.0,0.0,1128.6428349449304,74.48702045642405,0.0,158.55800998710623,124.08389841351958,0.0,59.644263793626045,151.13540728722563
2514,Mic,012_02561,148.01191645438274,0.0,74.077761303015,23.807924901933667,5.746762627502618,560.3663861075898,134.66343669631866,795.0616457608004,611.0998766409703,585.1336310766402,179.67635778339212,14.618023048773376,32.26031844220765,0.0,0.0,472.018243763301,262.81621434448573,102.13226443999261,70.32963231796542,198.2622735029889,53.694507844884136,3017.792288648309,314.98793290683767,0.0,1152.5624965290679,522.2388542118325,309.7753713636983,149.60972894430074,141.4774399621239,185.77768070195617,106.29856979201537
2515,Mic,012_02562,0.0,0.0,29.710332073401737,0.0,0.0,764.1359810558043,45.90798978283591,0.0,478.91839862145,1893.3445689690975,612.5330378979277,0.0,219.95671665141577,0.0,185.52940911046488,144.6429756169462,801.2689461722126,0.0,0.0,168.9735285536837,0.0,0.0,0.0,0.0,0.0,0.0,337.93676876039814,85.00552780926179,0.0,776.3436803527494,0.0
2516,Mic,012_02563,0.0,0.0,0.0,0.0,0.0,448.29310888607193,1198.504586597236,201.28142930653172,604.0757401278556,0.0,359.35271556678424,0.0,64.5206368844153,150.60673975147165,0.0,657.6433958050485,188.03111270174588,181.56847011554242,0.0,297.39341025448334,644.3340941386095,0.0,0.0,0.0,314.3352263261095,0.0,148.6921782545752,49.869909648100254,130.59455996503746,95.88525455584836,141.73142638935386
2517,Mic,012_02564,0.0,0.0,0.0,0.0,0.0,0.0,0.0,0.0,0.0,0.0,0.0,0.0,0.0,0.0,0.0,0.0,0.0,0.0,0.0,0.0,0.0,0.0,0.0,0.0,0.0,0.0,0.0,0.0,0.0,0.0,0.0
2518,Mic,012_02565,0.0,0.0,0.0,0.0,70.85049814729254,230.28755593462597,0.0,1137.3779395745798,981.454690873547,0.0,0.0,240.2962692949048,0.0,0.0,0.0,784.6386074563106,333.6791227895242,699.5360578081685,0.0,169.7450971772165,441.32472201274624,0.0,0.0,0.0,215.29810022336264,0.0,203.68791541722626,614.8345025108249,44.72416437158817,492.5612391567553,582.4579166685774
2519,Mic,012_02566,0.0,0.0,0.0,0.0,0.0,0.0,0.0,0.0,0.0,0.0,0.0,0.0,0.0,0.0,0.0,0.0,8.546868759170268,45.392117528885606,0.0,0.0,0.0,0.0,0.0,0.0,0.0,0.0,0.0,0.0,0.0,0.0,0.0
2520,Mic,012_02567,501.3306847648448,0.0,21.78757685382794,0.0,43.100719706269636,280.1831930537949,0.0,0.0,166.82324218647176,942.1643212250985,0.0,0.0,0.0,0.0,0.0,119.3304548839806,240.38068385166378,226.960587644428,0.0,227.17552172217478,402.70880883663096,0.0,0.0,0.0,0.0,0.0,278.79783422732845,218.18085471043858,190.45039994901296,0.0,0.0
2521,Mic,012_02568,0.0,0.0,0.0,0.0,0.0,830.172423863096,0.0,0.0,13.007660209471483,624.436392234958,0.0,108.2816522131361,358.4479826911961,0.0,0.0,353.5717181747573,158.275347392042,126.08921535801557,0.0,183.57617916943414,0.0,0.0,0.0,0.0,0.0,0.0,137.67794282831036,92.35168453351898,120.92088885651617,621.478501750869,0.0
2522,Mic,012_02569,432.1126412977114,0.0,80.33408225433764,0.0,0.0,281.74846228873236,338.53936599633187,0.0,618.0455311818712,174.52617535190006,0.0,73.49843991003372,27.03378640408462,126.20676515486448,0.0,213.3281875020882,196.95996442221985,399.39991680444035,117.87089215301467,304.5928782867147,359.96318108302205,2645.593583516352,0.0,1673.7433571385536,43.901567922640986,0.0,103.83532001017821,250.7425624764817,36.4789273645356,70.30692547740276,178.1540275843833
2523,Mic,012_02570,0.0,33.96215414741837,0.0,0.0,0.0,0.0,0.0,0.0,397.59263281780756,140.34225241684686,0.0,0.0,0.0,0.0,0.0,720.4857653372413,205.6086352441904,0.0,0.0,0.0,0.0,0.0,2971.584272706016,0.0,148.27133317269315,0.0,210.41345979421015,423.42376116311533,123.2024150613561,135.6866809752571,401.1266784604354
2524,Mic,012_02571,0.0,67.92430829483673,0.0,323.42841376211777,0.0,634.3770408765168,1067.1442153293178,0.0,516.8704226631498,477.16365821727925,508.51799372658144,0.0,91.30278804398391,0.0,0.0,0.0,72.56775361559662,128.4682571572234,0.0,0.0,0.0,0.0,0.0,0.0,0.0,0.0,420.8269195884203,211.71188058155766,61.60120753067805,0.0,0.0
2525,Mic,012_02572,0.0,0.0,0.0,0.0,0.0,233.48599421149578,0.0,0.0,0.0,0.0,0.0,0.0,0.0,0.0,0.0,0.0,267.08964872407086,189.13382303702335,586.0802693163785,344.20533594268903,447.4542320407011,580.3446708939056,0.0,0.0,0.0,0.0,361.4045999243146,51.947822550104426,181.38133328477426,0.0,147.63690248891024
2526,Mic,012_02573,0.0,0.0,0.0,0.0,0.0,0.0,0.0,0.0,0.0,0.0,0.0,0.0,0.0,131.34308699256246,142.38303489872885,407.01860580582525,484.48820001110533,316.68919206199257,245.335926690577,172.90314549679263,374.6128454294241,0.0,0.0,1429.2191338237378,0.0,0.0,0.0,43.49120027450603,303.70827898845914,41.810430765631544,0.0
2527,Mic,012_02574,318.30519667609195,512.4983400162507,172.48498342613783,238.0792490193367,670.4556398753053,116.74299710574789,974.9071719160569,0.0,336.5732079200746,0.0,0.0,213.17950279461166,504.0674756594945,470.64606172334885,1048.7565209438778,176.78585908737864,342.765049195891,567.4014691110701,146.52006732909462,344.20533594268903,223.72711602035054,0.0,1749.9329605935427,0.0,0.0,543.9988064706589,77.44384284092457,25.973911275052213,158.70866662417745,249.70118373918842,73.81845124445512
2528,Mic,012_02575,425.84073609369057,121.62122769007927,317.98085138019155,231.6446747215168,337.8164517518431,340.7633429032641,95.53824900752338,377.402679949747,163.73831736652278,0.0,182.10441667235685,266.68015021410883,392.35522429712006,190.80245745541168,110.31478379541154,129.0058971718709,220.8903581339613,253.03038487385555,142.56006550938935,251.1768667689893,435.3608744179794,0.0,0.0,0.0,53.09716660914011,0.0,0.0,151.63148203814265,66.17967565795817,0.0,502.76350577304567
2529,Mic,012_02576,0.0,0.0,0.0,0.0,11.88985371207438,0.0,90.54955226131771,0.0,0.0,0.0,0.0,0.0,33.37274321607687,0.0,0.0,0.0,70.73270697244358,140.87208888274841,0.0,17.0915753019818,0.0,1440.855734633145,868.9322287085176,0.0,0.0,0.0,0.0,103.17912340986257,0.0,0.0,366.5467923862599
2530,Mic,012_02577,53.92464508394969,114.352570788131,141.49108733309438,84.02797024211884,198.7703779395023,514.2185660752,147.33764250303102,269.9539169522896,533.0080059951667,112.0096282818693,0.0,144.460463070231,56.92997372154291,53.1553199122841,48.01937647564973,78.61771145297544,254.8977918176074,232.3008367654734,49.64444634209323,145.78108345808008,227.4120332253916,0.0,518.8036541994974,0.0,0.0,921.5979780208809,244.90476418400618,202.41316268934807,92.18439526943821,131.13718637785144,125.05714093178278
2531,Mic,012_02579,370.5367443932113,138.99568878866202,219.55820690537035,118.58001205982406,196.36621333358363,227.1755619355094,446.4950820963848,107.82933712849915,667.1573676549003,89.02792305825459,104.0596666699182,84.66036514733614,168.15223898448,130.835970826568,118.1944112093695,165.8647249352626,272.2458195488599,348.3275428133596,203.6572364419848,229.64742104593307,310.9720531556996,0.0,486.4678500491702,1371.79515076832,15.17061903118289,0.0,315.755590888094,223.83694967535345,31.514131265694367,107.5932513717893,143.6467159351559
2532,Mic,012_02580,0.0,0.0,37.253369750068494,74.01427430652953,17.8655832979356,87.10358333278599,227.6370270578962,754.805359899494,480.4072641093923,200.4058278035388,69.82241882774305,68.16694685956496,75.21835906214218,43.89445135243668,42.296860108085255,160.75605321158005,182.67271311698113,141.11539128150966,54.66033599841872,160.51026028415552,166.92593112399211,0.0,0.0,875.6744174852694,0.0,0.0,125.1941915355879,48.44874641978651,8.458196888927297,312.06179024814634,110.15395833369469
2533,Mic,012_02581,634.3367848044975,0.0,12.450043916473108,0.0,0.0,0.0,0.0,388.18561366259684,95.32756696369815,0.0,0.0,41.76578013935249,23.04308460157689,0.0,38.87282857552597,37.882684090152566,119.04567200272872,113.480293822214,0.0,59.00662901874669,76.7064397784059,132.65021049003556,0.0,548.718060307328,0.0,0.0,0.0,35.62136403435732,31.09394284881844,51.367100654918765,0.0
2534,Mic,012_02582,177.38370093404504,325.07634645748743,344.01437137623066,302.20585788832204,547.9885106101568,173.48804523454794,303.30541856523786,56.08460878510172,169.62311084301513,397.621898643149,55.62735535089538,303.22214992811644,244.6990098557546,233.13736803633378,282.21914244460805,494.23415094706786,259.31676111414436,172.1527677179098,152.41715982221606,230.18065809170534,315.85004614637717,0.0,357.57144086431526,376.5712178579701,0.0,161.68385579313698,115.086825274439,69.4782022961149,50.53969038894638,194.8133074373854,32.90977392941653
2535,Mic,012_02583,0.0,0.0,0.0,0.0,0.0,136.67472831892437,0.0,331.37796288270465,0.0,0.0,0.0,0.0,0.0,0.0,0.0,181.09770930902206,26.0575267047874,0.0,0.0,141.0402352155409,0.0,0.0,2816.965253638386,0.0,0.0,0.0,0.0,152.04240746372025,0.0,58.46661863161485,86.42160145692307
2536,Mic,012_02584,0.0,0.0,0.0,0.0,0.0,0.0,0.0,309.0541631084543,0.0,11.713605319831311,0.0,0.0,0.0,0.0,0.0,0.0,55.520997845003706,0.0,0.0,39.02800659507655,0.0,0.0,0.0,0.0,0.0,0.0,29.27011382964078,29.450734044153688,0.0,14.156287582064225,0.0
2537,Mic,012_02585,0.0,0.0,0.0,0.0,0.0,0.0,0.0,0.0,0.0,0.0,0.0,0.0,0.0,0.0,0.0,94.98941682306912,47.83695201028135,101.62414372138568,0.0,0.0,0.0,0.0,0.0,0.0,0.0,0.0,0.0,0.0,0.0,268.3356004361428,0.0
2538,Mic,012_02586,62.06951335183793,5.999980566043912,0.0,9.523169960773469,0.0,0.0,0.0,0.0,10.536204769671901,0.0,0.0,14.618023048773376,64.5206368844153,0.0,95.23843001003863,42.42860618097088,85.46868759170268,351.7889108488634,0.0,49.565568375747226,53.694507844884136,0.0,944.9637987205131,0.0,3169.546865454937,522.2388542118325,111.51913369093138,112.20729670822556,54.41439998543227,89.89242614610784,0.0
2539,Mic,012_02587,34.20593158310242,0.0,0.0,0.0,0.0,250.91032213772678,156.77235913899787,414.57966036270716,97.49920831636685,373.01713896107594,80.4521005000263,26.18153381869858,43.33475611639834,0.0,12.184020896806647,147.23359607575716,128.20303138755403,40.64965748855427,62.98176028474515,81.37630628854022,48.08463389094101,0.0,0.0,0.0,0.0,233.83829293067126,11.096431213027998,89.31924116077657,107.20448952353823,37.56698406105999,0.0
2540,Mic,012_02588,229.26708144733755,41.158403273167075,25.90596028351493,8.710216427536709,0.0,384.39767339697477,331.01340194026506,467.1508782304796,306.7705961901422,430.8678298285512,205.42266514869522,360.99386187519616,376.20645744342755,86.09379177866137,180.4386631287753,283.7736427119051,277.51265940598586,140.12048474998986,257.3035328706052,283.3397582455062,343.7758124215142,0.0,0.0,0.0,1461.4671345954785,238.82874430419173,124.66569823173224,108.3302153179007,64.70004876316642,219.24981986855568,162.04050273173073
2541,Mic,012_02589,0.0,58.823338882783446,8.544147785814879,0.0,0.0,0.0,244.24250773351912,0.0,199.70584203953277,0.0,0.0,0.0,0.0,0.0,53.35486275072193,488.7609045356939,146.63745420145068,66.75311401306706,0.0,64.79159264803559,105.28334871545907,0.0,0.0,0.0,0.0,0.0,24.296107557937123,0.0,21.33898038644403,211.51159093201846,0.0
2542,Mic,012_02590,0.0,23.999922264175648,34.860122966124706,95.23169960773467,344.8057576501571,0.0,0.0,0.0,0.0,0.0,0.0,0.0,64.5206368844153,0.0,217.68784002294547,530.357577262136,247.85919401593776,635.4896454043985,0.0,297.39341025448334,214.77803137953654,0.0,0.0,0.0,0.0,0.0,99.12811883638346,49.869909648100254,0.0,0.0,0.0
2543,Mic,012_02591,192.88400384060606,413.11341602269545,413.3006382107876,680.7839884136068,298.7778227881923,255.9050241006558,293.2950728983053,215.6586742569983,178.89340651082267,308.3256838225855,94.67723770787639,749.7299877473931,521.3025696750183,429.8640844780001,492.2829520425216,59.618650371387645,386.5606625561494,418.57485426226475,469.41323678267315,464.31445785243295,207.48463218749137,0.0,0.0,0.0,27.605552663300006,1467.650175770958,226.3464071790957,153.28865670522617,91.75261824241507,138.94379685346877,12.447139319908123
2544,Mic,012_02592,565.650636131399,51.59218958063236,99.91754990290521,22.746425065541718,16.47161262659986,53.53818975550221,93.27801745684494,0.0,536.8766761616255,705.9125906597703,429.16327496033136,83.79758435602571,61.64392059020569,89.93236848216856,38.99662739264548,334.42930031179276,293.9687343918436,379.4723201061297,134.38783245471097,157.85212858518221,102.60097040423717,0.0,0.0,0.0,50.053379988233985,0.0,213.09388603362686,321.6132708197548,41.59062419268709,498.1300047586867,33.85304770446349
2545,Mic,012_02594,666.6391854914378,0.0,49.33036268791232,53.904735627019626,10.842948353778525,105.7295068127528,76.22458680923698,47.47203521380466,384.33954505721397,411.67060708941744,169.50599790886048,0.0,0.0,0.0,51.34147170352487,120.08096088954022,124.97779789352748,214.1137619287057,0.0,62.346626887732356,101.31039216015873,0.0,0.0,0.0,98.84755544846209,0.0,397.4476462779525,47.047084573679484,41.0674716871187,135.6866809752571,66.85444641007257
2546,Mic,012_02595,397.259806007857,7.0312272258327075,5.106463325115923,16.73994719667211,0.0,65.66793587198318,27.616525103737228,271.2581762138807,152.28108456166422,0.0,0.0,0.0,56.70759101169313,44.12306828656395,31.887867190861147,155.37819646351642,157.74982377765437,212.77555091665127,82.41753787261571,212.97705161453882,62.923251380723585,0.0,2337.801064542936,900.2405676917099,0.0,0.0,217.81080799010036,58.44130036886747,12.753374996585688,112.36553268263478,83.045757650012
2547,Mic,012_02596,292.52695891711267,4.225338426791486,55.236110333648305,0.0,0.0,197.3121077843626,260.79186684146225,634.3199972864293,472.397913382003,621.5909902819404,126.53264632633245,133.82697157327738,124.95193762826905,0.0,19.162661973850827,324.9373888859565,284.39404850056,135.85668978715762,49.52791008307423,145.4388743419813,264.6912358550626,0.0,0.0,27.049481846135887,18.446902953410177,0.0,322.8644715621644,87.79913670440185,0.0,278.53991200202427,174.66901139533041
2548,Mic,012_02597,130.75607664287594,44.81313285841926,32.54575795592556,23.70913683180116,92.99740351560253,279.02060719050115,289.1631887566179,0.0,0.0,228.3910016509848,0.0,0.0,20.07903637481804,23.434658675021517,0.0,39.61176925609315,71.81497608846387,127.1355988879576,0.0,20.566625882052787,200.5189089642976,0.0,0.0,637.5147588632856,0.0,0.0,46.27349945681801,0.0,54.188614093376536,7.459952377270359,44.107290370130855
2549,Mic,012_02598,624.1994109129785,57.79797792978079,65.96238864002953,13.105279762532295,340.06072428799894,385.5732014501765,92.65832800205413,0.0,140.16052216536016,293.43118647522385,0.0,0.0,0.0,25.90712266367058,131.06205964684216,729.849876966242,161.72400748429976,171.78209615289276,96.78389768527352,125.05074590211454,73.89152455717999,0.0,0.0,0.0,0.0,0.0,153.46669773981384,17.15707900737394,149.7644036296301,173.1872430337857,438.84730648079744
2550,Mic,012_02599,635.9621139292184,560.8943136077709,479.2379430169893,893.1608486631734,761.9434766811006,171.19136031800096,481.33265051331824,3.074563584111992,291.8378510540486,109.07251226531316,54.890944333011845,687.7318379361811,413.9307661627458,540.6199161139892,374.0817006504281,155.54275178359995,301.5773956265273,208.00868521383424,300.7988347611555,262.46533152126835,295.26511442196977,0.0,0.0,0.0,0.0,159.54343815025433,128.70504227738178,129.49925621451695,39.89650508096867,205.04993336790378,108.24701608148204
2551,Mic,012_02600,405.23728820527674,100.84000951334303,21.970665734952544,8.002663832582746,24.146061460095034,376.7168982235898,251.78667785656225,520.1179790904076,578.458301080026,550.0472817413224,301.9770719048607,12.2840529821625,40.66426694395922,31.640071376359586,57.165924375773486,205.0121727231786,206.4894763244918,257.4762969075444,177.3015940789044,208.25869065440008,315.85004614637717,0.0,0.0,828.4566792875343,0.0,658.2842700149149,156.18926287245293,146.67620484735366,173.76026886104424,342.4473376994584,178.6530584739754
2552,Mic,012_02601,0.0,320.37366956862104,153.07431044843983,190.6864242730987,298.7778227881923,118.11001112337958,229.43243605754526,233.335614769867,224.54206886186017,135.87233524385127,126.23631694383519,215.675749899935,147.3246392559834,211.62539543532313,57.35335363602192,130.41579768741047,273.2195750882299,87.70139803590311,197.64767864533607,150.90219880204074,113.17343573863164,0.0,0.0,0.0,1435.4887384916005,183.45627197136974,174.11262090699668,78.83416630554488,68.8144636818113,109.47087024818752,74.68283591944873
2553,Mic,012_02602,328.7414326326851,29.50810114447825,12.858242077668947,0.0,45.22042723280749,330.7080311454629,632.4766330081196,598.8947445759919,590.7183657750476,341.4227911255749,0.0,28.75676665332467,142.79157343272237,0.0,26.7648983634769,266.0482272823174,245.8976175794069,145.1059494775851,69.17668752586762,170.63556326076912,105.62854002272287,867.6628522217079,0.0,0.0,0.0,0.0,487.51533853959074,196.2094805826895,74.93130489797231,241.6779981633063,34.85199009574275
2554,Mic,012_02603,368.94465978365196,0.0,85.82984821204946,28.85809079022263,26.12164830683008,509.4239873705362,35.70621427553904,0.0,271.38709255215497,443.28305384593943,0.0,0.0,24.439635183490644,28.52400374080902,0.0,506.2504146593116,87.41115776424137,51.581951737370005,0.0,137.6821343770756,162.71062983298222,0.0,0.0,0.0,79.3775824055832,0.0,18.77426493113323,56.670351872841195,98.93527270078596,254.2412052617191,161.05843907881118
2555,Mic,012_02604,276.5567787365513,28.761557973046713,31.332334223880395,5.706293585017391,45.912883841565524,268.617708387127,274.3476140417677,522.6348697040438,413.8722246409069,43.57897904608347,0.0,11.678846643494039,45.104306743432794,22.56092972308996,48.91454461234627,355.92572428777163,189.48783600557252,154.12769600353965,28.094393735538777,56.09951147721057,128.69522519412973,1001.5002576278317,0.0,66.48913913178009,10.463889025502976,730.1608480991,178.19302320787972,149.41051492440155,95.64182154563329,196.30303446020883,127.38843250707569
2556,Mic,012_02605,207.31720046666516,17.22482459151362,73.49397933946746,39.30016311563213,35.05800167495616,361.9591489211705,189.67248410276943,370.17966215166575,167.62143951750753,610.3544992071432,322.3858094199619,52.4570205099523,127.3433622718723,74.3125360615814,68.35294019859231,274.0603748531612,255.3325924165998,244.33556086122638,75.71371900259435,210.47579872476393,192.68364059168945,1399.4914551699924,0.0,0.0,18.799953727638126,281.1094310948859,128.94955650067823,102.90142840068532,74.20145452558947,262.36545430203716,89.00597949092196
2557,Mic,012_02606,271.7546343163473,35.57300730856073,67.1711855572561,73.39992657513146,0.0,265.7864281933233,650.6958551828046,471.38042238782634,741.2823909097226,258.71789141192636,0.0,69.33449667402391,114.76002607899953,44.64626672474456,32.265984193124325,446.506576904486,362.3129147909135,470.96564629772615,0.0,284.07143930764215,127.3387537823339,0.0,0.0,15.181922617198797,0.0,309.6277791769758,308.55096278123307,413.9399615059704,90.33220550941326,142.12241287922186,210.07622488540588
2558,Mic,012_02607,140.77379705576547,48.64849107603171,6.423855583438213,0.0,4.235942968675149,123.91394287391421,126.55716102295305,81.60057944859395,51.77496201312973,116.96337105600603,463.5385151659993,0.0,11.88955225142788,13.876542360393577,10.028616708673777,242.37471589866652,140.1728475859006,50.187844933657296,51.84002382159613,97.42617862554737,79.1565226214508,0.0,0.0,0.0,0.0,0.0,18.266852365426924,27.56936037057139,48.13067320578776,260.6217760501407,0.0
2559,Mic,012_02608,74.64481020643565,48.16885806542295,53.39490665586002,34.202934366158225,29.138514730999187,355.16179401185275,465.1578570390445,486.90261244220875,200.3362878740432,335.2400846464398,303.6783511831979,37.05977674336911,20.44668070280766,15.90916264980334,17.246395776465747,282.3593862043484,162.51088485746283,143.84825977463748,89.15023814953362,115.18758847884918,90.75128086459289,0.0,0.0,302.95419667672195,22.136283544092215,220.66430459654893,178.0117626991393,105.35896404528222,59.779199983996016,103.81942174620904,104.80140683719826
2560,Mic,012_02609,276.63863659617436,162.23123418917015,0.0,0.0,51.794856299379816,72.1501784687884,398.7887181135618,220.2865428032858,447.67565330365596,217.0787457984189,0.0,37.642977808000104,41.53689069812144,24.239282148842,0.0,47.80046833693071,214.58876498345953,0.0,0.0,85.09110450772056,414.8073567415941,0.0,135.1879540372694,0.0,0.0,336.20527095182354,143.5868674132164,80.26273012033302,14.012291841742217,192.9022020302743,45.62170377339716
2561,Mic,012_02610,85.63101758405735,0.0,71.04644626248242,38.81726886184837,18.739443350552015,274.09225407436463,131.7359706811813,771.2141720712222,435.19106657340456,396.1617712245122,146.47529167124355,0.0,184.09420850172842,122.77723349304753,88.7314565310919,285.3554355921275,254.31579595900658,92.5111090941962,114.66787877929144,175.09575784910703,175.09078645070912,0.0,0.0,0.0,5594.82535988048,0.0,222.23015771743573,81.30963529581562,53.23147824661853,332.21114010518113,0.0
2562,Mic,012_02611,889.8077088899844,92.726972384315,11.884132829360695,8.65742723706679,0.0,356.59679115937536,309.11379787109513,0.0,606.6299715871701,595.0511502474307,408.3553585986184,132.8911186252125,161.3015922110382,68.45760897794166,24.737254548061983,294.10738375445726,260.29100312018545,185.69502625453202,63.936029379968566,150.19869204771885,48.813188949894666,0.0,286.35266627894333,0.0,0.0,474.7625947380296,281.6139739669984,124.67477412025062,69.25469089055017,141.6486715029578,193.2701268945734
2563,Mic,012_02612,90.19983533012682,0.0,0.0,14.392700192604735,0.0,42.34506696027127,101.76078339772194,235.75784540941373,480.3660109094746,254.80779733517184,0.0,22.09273004852399,73.1342231687327,0.0,20.562453402671167,284.549531377418,109.79604703216214,171.50674129301868,53.145817872517945,81.1526938141957,81.15038969000119,105.25142645934811,0.0,0.0,0.0,0.0,131.08882213879423,94.21267565762014,41.1191939436516,153.97191380189756,0.0
2564,Mic,012_02613,111.93381419536743,30.993277096120863,10.388778367388158,1.8920205220079733,0.0,133.59728410512076,201.99515504447803,107.97215744257663,319.5749526165385,132.01465916085382,71.39457925167898,29.042429898225247,147.41470016637933,0.0,5.406154967457254,200.20120466186592,163.0131260027177,220.94838664722462,0.0,108.32210307282504,149.3489622175585,1918.5964219221034,208.60128007075343,635.931526846241,936.7606082566175,207.51212750139038,34.465074429868416,168.43479417570282,64.86484766475371,119.06281608756004,168.95136920585227
2565,Mic,012_02614,590.9131126412598,231.68241789674508,8.628743308446708,37.71552459712264,5.689863987626354,332.8909224401524,329.9920849736522,124.55533991740825,382.50248338742875,309.30876621772387,266.84607591592885,115.78632117840296,111.79318272052154,149.11558391234814,26.941564359275425,367.57455849851004,241.1740194419333,359.5415249812721,69.63329932471824,171.76187060902504,372.140153380385,0.0,1247.476962007278,469.0362297676499,0.0,258.53408624348145,208.56163616565829,283.9128519570064,53.87564354993294,284.8076867995496,175.41018117494284
2566,Mic,012_02615,0.0,44.26215171671737,0.0,0.0,28.26276702050468,137.7950129772762,169.70904419720486,0.0,60.45363392434697,658.4582400278946,110.4567773258558,0.0,0.0,0.0,16.72806147717306,19.56236965311157,70.93200507098275,0.0,0.0,10.156878765521972,0.0,0.0,0.0,0.0,0.0,0.0,91.40912597617326,137.95979103470356,0.0,58.94585321056251,0.0
2567,Mic,012_02616,430.3014695806428,0.0,0.0,0.0,7.094768675929158,138.36207064384934,444.7218434106821,459.716844712449,125.74071535822434,0.0,0.0,0.0,79.65510726471024,0.0,67.18760494535353,373.2145914066883,176.74080458778025,112.07930254045829,86.8267065653894,142.78147268733767,0.0,0.0,0.0,0.0,0.0,0.0,122.38039362516476,230.87921133379746,53.74261726956274,103.5797502918115,524.9312088494586
2568,Mic,012_02617,95.09532846754614,44.81313285841926,0.0,23.70913683180116,0.0,69.75515179762529,96.38772958553929,0.0,69.94990718454373,216.04554210228292,0.0,0.0,0.0,0.0,0.0,145.24315393900818,151.60939396453483,155.38795419639263,0.0,215.94957176155427,200.5189089642976,0.0,0.0,0.0,0.0,325.0449300073646,123.39599855151467,108.63776998030136,40.64146057003241,134.27914279086647,0.0
2569,Mic,012_02618,305.0903599909834,3.2490869491212515,11.798326816152313,10.313902484592203,34.23161853927552,121.37900060092198,384.66586384823876,735.7308562197234,209.202621780489,249.72814518506792,97.29766666970691,7.915896957819516,87.34743260525536,20.388999063827388,14.735187727184934,284.3252715647191,158.51818862901533,221.2251215306699,38.08463843933145,116.30909546655484,29.0764482914535,0.0,682.2843312061466,0.0,0.0,424.20123537062204,80.51923010175551,81.01609870630004,76.61233210945338,133.05377155200077,38.37493494296584
2570,Mic,012_02619,475.6959581321669,13.28408981411936,0.0,63.25352741473152,12.723459691887715,248.13271709561172,298.1478303239528,568.1929646475896,171.06753131570613,620.302398320661,198.90371710338607,0.0,71.42505928164054,0.0,45.18428413760399,275.94250329874967,177.40271870971495,200.99830640096945,233.56704459840915,118.88420459127562,59.44041458843261,0.0,0.0,1587.4352740994286,0.0,289.0620964272136,329.20777473337677,0.0,36.14240589438306,172.48731216227333,78.44912899779732
2571,Mic,012_02620,0.0,0.0,0.0,0.0,43.100719706269636,420.2747895806924,0.0,1660.571791778887,395.1076788626963,1041.3395129330038,0.0,0.0,0.0,0.0,0.0,2386.6090976796118,240.38068385166378,0.0,0.0,371.7417628181042,402.70880883663096,0.0,0.0,0.0,13162.787602405833,0.0,743.460891272876,0.0,163.24319995629682,0.0,0.0
2572,Mic,012_02621,0.0,0.0,0.0,0.0,0.0,0.0,0.0,0.0,0.0,0.0,0.0,0.0,0.0,0.0,0.0,0.0,0.0,0.0,0.0,0.0,0.0,0.0,0.0,0.0,0.0,0.0,0.0,0.0,0.0,0.0,0.0
2573,Mic,012_02622,392.0845468990272,27.81447944523667,5.771543537437865,15.76683768339978,49.47543983942651,222.66214017520127,303.2156852764791,263.26544561615907,193.04746045977214,187.18496448180767,237.98193083892994,29.042429898225247,42.72889859895053,24.93489068732974,9.010258279095424,340.6932781087893,99.05311475859583,82.66776371154663,0.0,147.71195873567052,106.67783015539892,0.0,347.6688001179224,0.0,34.69483734283769,345.8535458356507,106.67761133054509,74.30946801869243,57.65764236866996,154.78166091382806,164.25827561680077
2574,Mic,012_02623,211.4455949348325,51.428404851804956,28.012598812064496,54.41811406156267,0.0,80.05234087251283,149.09166205663854,17.97155618808319,240.82753759250062,116.88504737003102,128.34025555956578,20.882890069676247,23.04308460157689,26.894060669905645,19.436414287762986,140.1659311335645,126.67680482341648,113.480293822214,0.0,94.4106064299947,0.0,0.0,0.0,640.1710703585493,0.0,0.0,79.656524064951,80.14806907730399,38.867428561023054,94.17301786735105,50.61836656762637
2575,Mic,012_02624,470.751927106636,50.56163398351611,14.688254058760409,0.0,0.0,236.1094323487036,456.7587073337213,572.4647392496163,361.0721859269584,589.2009282646609,151.4126610534203,24.637117497932653,231.07812367311655,0.0,34.39590168901877,254.75040930287992,241.28098603837415,181.69597606365727,0.0,201.88223074391422,180.99272307264312,0.0,0.0,226.5774013066776,0.0,0.0,198.39546255877306,84.05040951927008,9.170966289679596,217.15586091475487,179.1548929078911
2576,Mic,012_02626,64.13612171831703,44.77597437346202,19.511262854174273,255.84635715510805,25.731772958966943,250.91032213772678,401.98040804871243,0.0,36.693250441643436,37.00566854772579,268.17366833342106,0.0,0.0,28.09827234169247,121.84020896806646,134.56834049934793,197.7260683091629,152.43621558207852,0.0,98.63794701641238,80.14105648490168,3395.4494177673278,0.0,0.0,0.0,0.0,240.42267628227327,55.82452572548535,32.48620894652673,107.33424017445711,52.884860593042475
2577,Mic,012_02627,0.0,0.0,56.02519762412899,34.011321288476665,8.209660896432311,320.2093634900513,129.8540282428787,0.0,140.482730262292,425.0365358910219,0.0,41.76578013935249,207.38776141419203,134.47030334952825,194.36414287762986,45.459220908183084,85.46868759170268,324.2294109206115,100.47090331137916,188.8212128599894,153.4128795568118,0.0,0.0,823.0770904609919,0.0,0.0,88.50724896105666,320.59227630921595,77.73485712204611,154.1013019647563,50.61836656762637
2578,Mic,012_02628,310.90275024176424,23.255738628077175,37.15710781272982,11.073453442759845,0.0,173.75701894808986,328.8293221654293,752.8549584527254,421.992697493319,330.5839723596837,0.0,22.66360162600523,137.54399335824965,58.374705330027766,116.01580621377906,308.34742864077674,110.97678427604805,202.3292060396064,54.51909482012823,192.11460610754736,249.74189695294942,0.0,0.0,476.406377941246,60.917679520563844,0.0,240.13594679356456,202.95893461436148,151.85413949422957,134.72249913370166,137.33665347805604
2579,Mic,012_02629,773.3292477755584,4.7872185367371625,86.91852468282423,98.77756076334181,32.09628063232845,223.55041998973,325.01880000507765,277.0296267716228,126.09819538171159,118.69371348020557,286.7175922075405,104.96984636087264,90.08865522425008,0.0,119.4098856508843,330.0629603173931,190.94068504529324,153.92273896098177,56.114068338802184,296.60247033359377,42.841362642194774,0.0,0.0,868.317143305479,0.0,0.0,237.27475253389656,89.52709843741401,104.19778720614691,200.8235052200281,56.54179244256136
2580,Mic,012_02630,292.68310654117437,0.0,12.14168369563167,4.422524749585202,16.012651284063022,156.13924071109315,162.59671923084915,472.0454572746061,0.0,313.1848159197004,0.0,393.7362245335243,224.72358047977463,402.1619598626758,341.1903065375112,0.0,452.48128725019063,484.83840704227663,849.1813190094895,575.4516452292634,498.7105991784903,0.0,0.0,0.0,0.0,0.0,80.5607776921073,104.21730344417236,0.0,38.96266148747708,0.0
2581,Mic,012_02631,690.4938963769482,52.46619777482343,23.44851320591348,28.825738670502645,15.462141598661752,376.92806240420845,1256.808419839521,0.0,222.06350859846606,360.2327591183997,120.85853662560005,501.47029741307756,770.3416847746893,519.1880322149947,475.8870942205645,256.85479078166225,478.6054871306669,557.2238642839657,1182.6731892034543,1033.5421208395721,794.5824030857291,0.0,1412.5019412862678,749.2585173254769,0.0,351.2817405012326,183.36479381169582,167.72391137253447,95.16419728393984,262.0182824886551,309.838880559686
2582,Mic,012_02632,113.68042738431855,89.79562751902452,26.678665535299515,149.00197897808826,113.37150761739859,495.5621101631747,368.7213147637297,629.8602549728204,606.8471681398328,263.11785555158497,611.1440740931704,328.15970109491246,537.6719740367942,435.42764894132955,444.26089800601113,248.94335259243115,489.84604963271767,463.18487274373064,1148.2388949871904,685.6008324082949,1059.2794064637005,0.0,642.8325161364033,1663.5738018841212,0.0,532.896790012074,193.87302153374316,220.51320592697388,59.226557807273224,334.2938296589951,48.20796815964416
2583,Mic,012_02633,0.0,0.0,0.0,0.0,5.146354591793389,50.182064427545356,93.46044487132565,0.0,22.015950264986063,199.83061015771924,0.0,0.0,28.88983741093222,0.0,24.368041793613294,14.24841252346037,63.144776653571384,40.64965748855427,0.0,59.182768209847424,0.0,0.0,0.0,676.4792803191834,23.45785271090369,233.83829293067126,44.38572485211199,89.31924116077657,29.23758805187406,32.200272052337134,190.3854981349529
2584,Mic,012_02634,570.7112706028367,1012.49672051991,3707.2923740341603,3158.270037772138,9684.192959002457,394.0076152318991,0.0,106.14450373586635,238.710889312879,941.3895150398805,421.1164635548252,1713.0495760281299,2457.3289438400357,2735.6302337669654,1913.272031451669,1193.3045488398059,620.9834332834648,1037.280810718675,2307.69106043324,1006.8006076323653,3146.1625690361793,0.0,0.0,0.0,122.78719778363649,4283.990600956439,377.53873384950725,379.8684523976386,127.5337499658569,505.6448970718565,0.0
2585,Mic,012_02635,2882.32190364363,20186.43768354896,18790.78254055909,20550.76707792679,11137.437509374706,103.13491768851347,0.0,0.0,45.247505145830246,611.4789427389242,0.0,18375.662102415117,12824.960951258008,16804.66306276006,14248.203332790177,1796.0575622619574,2835.4106021603207,3112.0056035907774,5307.082684116408,3284.0990089452143,1778.8364562108852,0.0,0.0,0.0,48.21092428314562,480.58790264892565,205.24993930846267,91.78510978177961,100.14920242717596,308.8328751031925,0.0
2586,Mic,012_02636,35.58691639856929,27.950220028154863,20.298984646423545,53.23511158196349,21.41650668634516,156.6241451853512,0.0,164.08812171728133,143.97298443029928,369.59698773132334,251.1005000078461,27.238552264795107,0.0,0.0,0.0,177.88390790158596,153.28623318077112,179.7358690972955,0.0,76.96516828532177,150.07781695775068,0.0,1076.0457335326755,334.00229757837354,0.0,0.0,115.44423777529128,0.0,20.2786583796642,201.00169821489948,66.02395639255613
2587,Mic,012_02637,839.2319833067886,87.22438708345773,40.31181620532042,31.464217932070927,83.54324524563276,0.0,391.5324591170499,625.1251438815192,0.0,0.0,0.0,19.31897319221151,0.0,0.0,0.0,35.045654885163174,124.24963394388494,104.98176961526406,0.0,109.17526073953132,0.0,0.0,0.0,862.9618833908198,34.61841699626756,690.1835077689417,81.87895278335638,98.86105436848067,14.382660789101042,435.6020650251922,0.0
2588,Mic,012_02638,0.0,0.0,25.301702152832444,0.0,0.0,162.68701532155833,394.2163509739006,433.40436794229015,472.42982676915943,0.0,0.0,28.29294783633556,0.0,18.2185572280006,0.0,200.1672146440965,57.89814320728246,21.96392783655755,68.06093450125685,95.93335814660752,51.962426946662056,0.0,0.0,421.27386565530344,0.0,0.0,71.94782818769765,265.4366158689207,0.0,57.99511364265021,34.289861223230766
2589,Mic,012_02639,282.53236493955865,115.59595585956158,0.0,0.0,79.08388936930209,308.4585611601412,449.3928908099626,297.76725207044257,0.0,805.2297675366607,0.0,100.58272739981679,44.39493363606557,51.81424532734116,56.16945413436092,291.93995078649687,179.36662648258707,374.7973006972206,0.0,159.15549478450941,147.78304911435998,0.0,0.0,0.0,865.1428247507599,0.0,51.155565913271275,291.67034312535696,0.0,420.59759022490823,0.0
2590,Mic,012_02640,1131.4546066721587,0.0,142.80932727719153,48.01598299549647,0.0,282.53767366769233,441.3339521980191,2017.0428945213368,1283.8232702541393,1975.1697844347489,905.9312157145819,147.40863578594997,203.3213347197961,0.0,68.59910925092818,641.77723635082,474.02801521448544,114.43390973668639,0.0,562.2984647668802,1489.0073604043498,0.0,0.0,0.0,0.0,0.0,749.708461787774,377.16738389319517,0.0,287.05144483631074,0.0
2591,Mic,012_02641,154.99562748593283,0.0,97.55631427087137,15.990397322194253,115.79297831535125,250.91032213772678,263.7996427819675,28.164379100727388,511.0845597228907,160.9746581826072,0.0,16.363458636686612,0.0,0.0,30.460052242016616,5.93683855144182,133.94346562878778,279.4663952338106,314.9088014237257,157.20422805740722,240.42316945470503,0.0,0.0,0.0,0.0,0.0,166.44646819541998,0.0,48.72931341979009,134.1678002180714,158.6545817791274
2592,Mic,012_02642,451.6492655539143,16.216163692010568,153.1018914052774,102.95318876511855,0.0,605.8014984946916,141.0326532968202,550.8039112780092,180.34945101240191,690.2057260752855,121.40294444823789,0.0,174.3800996876089,101.76131064288623,18.385797299235254,480.1886172508528,262.7584652312481,245.36279745343566,190.08008734585246,234.43174231772335,145.12029147265977,0.0,0.0,0.0,106.19433321828022,0.0,401.87075203939236,151.63148203814265,58.82637836262948,121.47625154879435,143.6467159351559
2593,Mic,012_02643,247.50569520953474,410.2927887074145,148.98857701514694,231.07691816582678,304.2403743971974,185.4153483444231,337.8963071516084,0.0,3.8736046947323173,60.16142144045714,0.0,193.47383446905937,231.27801824376806,124.58278104441587,120.04844118912435,339.27286192504283,120.19034192583189,500.648355098003,77.56944740952069,227.78294290325007,59.22188365244573,0.0,0.0,875.5280815197807,3380.2593272201107,0.0,218.6649680214341,82.50536522663644,84.02223527162336,409.8037074307857,0.0
2594,Mic,012_02644,678.8204303027092,1377.3868429874717,1074.2222674887341,1055.8297130422757,569.6790778567813,438.54760651898334,794.8070231097938,164.08812171728133,1273.5064895516473,239.3140495560319,351.5407000109845,1144.0191951213944,736.3768340069137,957.6624212457707,674.3590696362984,1148.339449898016,735.7739192677013,754.8906502086411,917.3430302343315,624.9571664768127,980.5084041239711,60.55770478892928,0.0,1386.1095349502502,34.16687242675103,681.1811141893468,662.6499248301719,455.3339576565675,113.56048692611952,250.13544666743047,46.21676947478929
2595,Mic,012_02645,2158.507114959749,8737.471699301446,9967.816410626281,8918.051869515986,8033.495256363033,350.2289913172437,771.5092727393256,209.66815552763723,365.84044339138546,433.89146372208484,561.4886180731003,10323.978778196195,6048.809707913934,7451.895977286357,6490.952521517514,1248.5501298046117,2132.265695647166,3215.2749916293974,2344.321077265514,3029.0069562956633,447.4542320407011,0.0,0.0,0.0,0.0,543.9988064706589,387.21921420462286,389.6086691257832,294.74466658775816,324.61153886094496,0.0
2596,Mic,012_02646,1615.052889221736,2212.166747828364,2057.5050837614904,2877.653531625026,3632.9534175603503,243.63755917721298,245.90714527153847,555.7117722158594,381.74654962579353,1000.3758467927819,78.12015555799655,1372.8230341456733,841.57352457933,1211.4020371314023,1135.7626435979762,687.1589479309414,531.3922750266732,453.921175288856,1956.998464499907,553.1230094105124,606.9813930291249,0.0,0.0,0.0,0.0,454.1207427928978,355.56825234789716,205.98440941606626,28.39012173152988,239.71313638962087,92.43353894957858
2597,Mic,012_02647,2880.4871369534253,3599.9883396263463,4812.420821559798,3924.3832255934617,5209.977107351275,0.0,0.0,0.0,822.0555369744011,228.86582701824258,888.5094615662247,3325.1986495561414,4200.931577364403,4344.425185138605,2736.049088200482,786.7942080262457,1274.9861912718284,1608.6766926445723,2318.559307185673,2069.7709871191146,4425.371525677263,0.0,0.0,0.0,86.35583140827183,0.0,163.39799808195076,82.20314777159382,107.63287909206385,0.0,116.81161515606085
2598,Mic,012_02649,108.54888914654205,80.0656385254624,32.30447968442363,30.59337961039252,105.08906946503964,193.86645977363077,254.57379507252992,62.17507083191878,343.6850979233997,127.44093827374957,0.0,86.69667706027042,119.5810815403084,46.52185124118769,53.794359148998055,411.5295204126294,176.3583710191229,185.0831810279932,0.0,130.65059209422662,79.61294408631913,0.0,363.24802806389846,0.0,51.78504552324703,0.0,116.35714113825901,147.8844108180897,91.43770673005095,156.97853659781597,52.53636068798124
2599,Mic,012_02650,221.54862239109298,7.733594714557135,4.212420873994661,19.946489176700602,46.295080243039344,144.4553519503991,20.611750514742653,35.672863410932045,132.40987734174138,206.12674109000685,115.79571930186385,37.683410652047364,31.18612953596873,12.132658948829615,13.152460796230594,193.11623919641687,139.77022218943858,36.56722679555769,45.32521953896804,93.16836160854741,69.20881784517825,0.0,0.0,354.8101743340617,953.8098972838445,0.0,131.7626713856332,104.45362386014553,14.027342638564711,154.48752076667296,45.670706677557625
2600,Mic,012_02651,214.2332367193871,6.26084928630669,52.29018444918706,44.71749372884933,62.964529657854776,175.41904260759333,115.92765419943954,228.41066543045557,126.43445723606281,703.7126646404397,187.48837333919175,144.90909804870995,134.6517639326928,58.93307207666281,42.59109913492411,132.81998456651752,207.35446815726127,142.09706356868537,146.77488483749303,137.9215815672966,140.0726291605673,0.0,0.0,0.0,710.6709464764214,272.4724456757387,142.22730093915885,117.0858748259745,62.458267809365736,153.20796108380117,36.97341557983143
2601,Mic,012_02652,215.83708541735004,184.93090785751778,8.953798707052577,185.89749580961904,188.93466172611346,115.14377796731299,504.987887611195,124.077593408136,1327.850464123034,1039.3016665280466,0.0,30.0370336618631,198.8649766985403,77.36647589972857,55.91297260863325,316.0349946699029,144.88698752703021,419.7216346849011,0.0,203.6941166126598,110.33118050318656,0.0,0.0,2025.7468116825326,0.0,0.0,229.14890484437953,281.79914698412813,67.08624655738225,406.36302230432307,72.80723958357217
2602,Mic,012_02653,424.98990545214474,83.07665399137724,43.09630586471461,131.85927637994033,49.25796537859387,295.5778739908166,643.7208237681167,126.077378796399,335.7691629895441,294.256063309169,118.46792820882995,86.74431259711673,159.5290472416862,37.237930158330904,35.882610992793204,24.478042027483202,214.1413271528375,157.1265606769117,185.48474457485383,245.10445900094777,283.2237776433448,0.0,0.0,869.5070801793044,0.0,0.0,155.2280981778532,131.52503643455012,43.05315163682554,327.9591811044813,163.5362612184852
2603,Mic,012_02654,128.88431276455256,92.02424181048944,34.75319007359058,134.37601785140475,278.5240782654643,343.78305896171156,394.4895154754121,58.65563123963348,351.2068256557301,255.5434387565653,0.0,188.33035829708027,188.0202608594924,92.39677285366358,116.85696933747072,357.9100214652451,154.68259410768277,341.13707958825074,302.0290958440233,228.06243117675103,329.41415855757134,0.0,0.0,235.64579277001815,1478.4683446831325,320.3919350992837,167.240691288377,99.43386893026123,53.41290796116051,99.26770985459761,65.21384649816895
2604,Mic,012_02655,201.47063026608132,211.5600083980801,78.08264537210013,33.02833512406983,76.40204649280938,226.73784408977625,225.7363967741758,43.63036762424821,397.899062592619,326.76219233240414,0.0,245.04200486383112,177.1520376884235,108.8198986643581,110.10223122547819,187.00469487277627,180.32410965879467,177.10797301732822,487.8355998934017,210.10452876039287,217.26101440126524,0.0,606.913165523772,629.0698379245861,0.0,301.8721700646431,164.73603563849852,201.78576158190853,119.52295950557378,117.77813059605651,0.0
2605,Mic,012_02656,126.24307800373816,6.101675151909062,0.0,0.0,5.844165383900967,56.98641214653456,0.0,578.2576655501208,289.2991818113302,0.0,0.0,44.59735845388487,0.0,0.0,13.836091526882125,21.57386754964621,99.9549058275845,150.024795222588,71.52165998437161,50.405662754997174,0.0,0.0,0.0,0.0,0.0,0.0,277.2227052203944,139.4666964735007,88.53868472205929,140.17124077020205,36.03341348881877
2606,Mic,012_02657,257.88935132000074,15.618170670830136,93.57787889496599,0.0,33.657828837867825,583.461746923304,606.8617998624774,170.28146947841083,639.9430228867965,141.98617467943032,0.0,57.07687958306307,104.96849818505741,24.502181087549612,8.853898048655589,386.55129275504925,226.64961080446102,110.77252108459068,411.9089094544612,145.1486275645526,349.421959945016,483.4107453866805,5056.205430608674,0.0,0.0,0.0,274.16128311581105,259.6264276690685,42.49280693005557,269.092295187915,46.11651617874853
2607,Mic,012_02658,129.09803041154802,34.763835897679314,0.0,0.0,3.6996325928128444,252.5256246407594,359.7767782981046,45.35311175361767,386.62897330770284,70.23135893478259,115.671474967849,0.0,51.92111337265179,48.478564297684,0.0,273.14553335388973,204.95978193932993,431.0303005693537,814.9785719249212,313.77344787221955,760.4801540262558,0.0,4596.3904372671595,0.0,0.0,0.0,111.67867465472385,104.34154915643293,21.018437762613324,104.16718909634812,45.62170377339716
2608,Mic,012_02659,8.542982415759923,7.157034472418184,7.796747184272425,0.0,17.137463103884546,200.52872663889897,273.07496109392656,213.0862049815669,192.70990831209045,396.3064320733385,160.74425646625537,17.437005624779374,48.10186646452433,11.22813666139202,32.458425450737394,284.68498183057,189.88321746267943,142.13237596022827,41.946102774134445,83.7589127621971,0.0,0.0,313.10927724337745,38.18117715856159,0.0,311.47446573270327,162.58588079526112,74.35871219895664,58.41704968614996,167.9898222213546,21.1329164596452
2609,Mic,012_02660,694.1501789051697,0.0,0.0,54.94136515830847,92.83231936734998,258.63063974196456,69.92139982308854,1254.13813644839,275.562278591419,663.7108983529035,0.0,0.0,0.0,0.0,0.0,330.45356737102315,152.8574605005452,209.50208090254898,0.0,285.95520216777237,0.0,0.0,0.0,0.0,0.0,0.0,200.16254765038966,115.08440688023136,251.143384548149,165.95524826973755,0.0
2610,Mic,012_02661,564.5236282225983,0.0,0.0,0.0,101.41345813239916,98.88818578369232,903.0371637282547,115.44081974933438,210.72409539343803,26.25225662856312,0.0,0.0,85.39496058231437,0.0,0.0,112.31101636139351,41.47745133126748,180.2334078352811,0.0,102.04675842065603,94.75501384391316,0.0,0.0,0.0,0.0,0.0,65.59949040643023,176.0114458168244,115.23049408679778,95.18021591940831,0.0
2611,Mic,012_02662,414.2648515563844,158.8230149835153,6.408110839361158,70.02330853509902,59.157850577232836,576.8477504048719,1203.0593793090236,503.2035732663294,945.1595455146853,240.64568576182856,132.11496895837652,214.9709271878437,332.091513375667,55.37012490862927,20.00807353152072,694.1444761225015,219.95618130217602,283.70073455553506,0.0,133.63265983657337,78.96251153659429,0.0,0.0,0.0,0.0,0.0,273.33121002679263,311.6869353006266,64.01694115933208,361.3323011755315,52.10714205490949
2612,Mic,012_02663,398.15124601178957,0.0,4.431371563490428,33.89602867393946,0.0,0.0,123.25128104408826,670.3695060802287,82.14668125506905,216.84067339525015,0.0,0.0,49.210655250825226,0.0,27.67218305376425,91.68893708599639,71.70678026761496,34.621106589828,0.0,58.806606547496706,0.0,0.0,0.0,1171.8385694698868,0.0,0.0,113.40928849925224,12.678790588500064,33.202006770772236,170.64324963328943,216.20048093291263
2613,Mic,012_02664,348.751780705979,109.56486251036708,19.893004953495076,12.421526035791478,18.739443350552015,365.45633876581945,136.12716970388735,0.0,242.79080556200466,93.7852356368233,117.18023333699485,76.2679463414263,52.59834528620812,0.0,26.619436959327565,304.37913129826933,217.38774887454812,162.8195520057853,45.86715151171658,172.40197695912076,70.03631458028364,484.4616383114342,0.0,684.7047100356657,0.0,510.88583564201,169.7030295296782,73.17867176623406,21.29259129864741,394.74500177203873,46.21676947478929
2614,Mic,012_02665,91.1050209567613,0.0,0.0,5.047616586982403,6.091974516787227,297.0139855693939,10.706456981156078,682.7921276829345,215.93635216995415,588.7431875239597,285.70445583931604,0.0,68.39643485980419,0.0,0.0,326.0855775392638,101.92820516678323,72.17827875617853,0.0,131.3575133632877,113.83994596088506,0.0,0.0,0.0,0.0,0.0,144.48886579508186,317.1937716133585,34.60986571511593,158.82054089418344,37.561332081984226
2615,Mic,012_02666,350.01605273592816,87.96963987808742,0.0,5.370208624496316,6.481311234025509,315.996082391498,193.64197194113493,28.37614134960504,67.33664702421892,0.0,0.0,131.8919372821658,54.57572668794526,84.92861264180732,15.344537595602358,185.42576949390468,183.14718769650574,102.38823502756152,0.0,130.43570625196637,60.55771561453097,157.08577558030527,0.0,0.0,0.0,0.0,125.77345904992261,154.67171225444625,36.821774426232366,13.517658067083884,0.0
2616,Mic,012_02667,365.8779842227905,83.15190458376073,0.0,0.0,0.0,45.68204234572743,90.56847984331215,0.0,105.93466752115769,258.71789141192636,146.47529167124355,23.83373323169572,26.29917264310406,0.0,33.27429619915946,332.91467485748205,193.34968048938174,74.00888727535697,0.0,101.01678337448483,87.54539322535456,0.0,0.0,615.8167361601262,21.354295266719394,0.0,191.92604530142174,101.63704411976953,79.84721736992779,107.48007473991154,28.88548092174331
2617,Mic,012_02668,160.42581912475035,38.39987562268103,52.29018444918706,30.474143874475093,27.584460612012563,358.6344871088575,535.9604780513483,48.30754303356761,387.732335523926,43.63708435147825,71.87054311335683,35.08325531705609,38.712382130649175,15.060673975147163,43.53756800458909,373.3717343925437,141.87802140222644,190.64689362131955,56.26370585437233,118.95736410179333,85.9112125518146,0.0,0.0,0.0,0.0,0.0,237.90748520732026,59.84389157772029,113.18195196969913,148.62214456156494,198.42399694509535
2618,Mic,012_02669,172.36028284742738,18.672138691008023,29.833611459598423,0.0,168.11069097051225,139.51030359525058,173.91699033912525,438.47614268020396,273.241824939624,700.6048293888317,0.0,9.098354594672225,90.35566368668117,70.30397602506457,76.21332573417436,561.1667311279862,204.80567254858215,141.2617765421751,87.5472601468449,159.3913505859091,100.2594544821488,0.0,980.2529032370468,0.0,619.5403838377675,162.5224650036823,192.80624773674168,240.55506209923874,27.094307046688268,380.45757124078835,22.053645185065427
2619,Mic,012_02670,913.8671823121283,73.30292999239167,38.44866503616696,12.92738003724905,3.9005176204768897,608.5426817457989,514.127939875651,679.6663647963769,612.625480951511,814.4930902708045,487.80911615400566,39.68694040390961,197.06529365149467,0.0,36.937981904345946,1360.6911597630365,416.2247738487331,385.1141193061561,0.0,308.3830611613232,255.10965265668926,0.0,0.0,199.87241563230722,17.779141760526553,0.0,201.84458586593914,143.8555086002892,44.31942080261452,378.2803453207253,168.346151254323
2620,Mic,012_02671,189.23097930835556,39.632899151849685,0.0,0.0,3.163355574772083,400.9961295081835,98.21782768217739,49.85870267226015,212.65734397502916,346.6582389056133,148.35662569270906,32.18647276794137,150.94277436262294,0.0,44.935563307488735,119.6953798224637,151.72652338527035,106.19256853087917,38.7135590741094,40.92569865887385,118.22643929148796,0.0,0.0,0.0,14.41904707917933,0.0,190.9807794095461,109.8053056471932,17.971728435555615,257.3067610787674,195.04324732479884
2621,Mic,012_02672,9.947037396127874,0.0,45.39078511214154,0.0,11.972422140630455,116.74299710574789,0.0,0.0,658.5127981044939,309.92247408720345,0.0,0.0,168.02249188649816,0.0,0.0,0.0,93.48137705342481,0.0,0.0,86.05133398567226,0.0,0.0,1531.1913405193495,0.0,0.0,0.0,154.88768568184915,77.92173382515665,68.01799998179035,62.425295934797106,0.0
2622,Mic,012_02673,134.81161270987423,52.94100499450511,69.20759706510053,0.0,101.41345813239916,593.329114702154,772.3344163465335,346.32245924800316,30.988837557858538,0.0,0.0,51.593022525082496,0.0,33.22207494517757,336.1356353295481,131.0295190882924,131.97370878130562,220.28527624312133,0.0,276.98405857035215,94.75501384391316,0.0,0.0,0.0,0.0,0.0,65.59949040643023,198.0128765439275,96.02541173899814,518.2033977834451,125.05714093178278
2623,Mic,012_02674,231.5343279931573,24.657454381002374,3.5815194828210313,39.136314907288224,89.7439643199039,138.17253356077558,423.3597085178786,0.0,320.41609025577566,158.95201958664242,0.0,0.0,92.80365579265214,0.0,67.0955671303599,183.08234173980583,56.19858910139354,27.98144231232674,0.0,95.05725441924125,88.26494440254925,0.0,776.6825742908328,0.0,0.0,214.6187072103421,152.76593656291968,30.741725125541247,53.6689972459058,88.66102304821595,58.245791666857734
2624,Mic,012_02675,446.50043174638836,112.21908789358935,104.31956997344051,99.74392477618096,12.89797098441984,293.4587059416306,430.68792409732845,124.23230362435562,162.90391414455306,189.19955525323545,67.21060764964791,120.29794528915745,96.53960631084583,169.0100570777113,71.2506957681087,79.35524846815002,250.9710215442142,237.71433119865281,263.0784251295465,247.20981733539762,321.3636379743688,1528.2892081395619,0.0,0.0,19.59695924726368,0.0,454.23421037868974,55.963739006596285,105.84347129335954,407.9905625583947,26.508371519205827
2625,Mic,012_02676,619.9825099437313,13.432792312038606,0.0,10.660264881462835,102.92709183586777,125.45516106886339,120.59412241461372,0.0,353.8277721158474,555.0850282158868,402.2605025001315,0.0,144.44918705466108,0.0,0.0,201.8525107490219,196.13150324215354,101.62414372138568,0.0,36.98923013115464,120.21158472735252,1974.904253191201,0.0,28.66437628471116,0.0,0.0,138.70539016285,83.73678858822802,24.364656709895044,53.667120087228554,0.0
2626,Mic,012_02677,374.7137125427412,148.1007861238687,115.832687070984,15.068306899958017,21.823149218364374,177.331134844174,85.23002322551814,359.8860998676912,168.9349287964271,273.0456227401185,227.43842757391405,27.755739966025395,193.97026911453963,0.0,34.44427848464327,355.8095138594077,224.49054019339627,172.37512985652762,89.02485103539927,104.56870965347514,135.93546289844085,0.0,0.0,0.0,0.0,0.0,313.6965785961501,110.4713188407284,68.87898732333198,219.98990364870275,67.27757581773125
2627,Mic,012_02678,72.34209015365727,0.0,0.0,0.0,0.0,0.0,353.6615509196248,132.15447378711679,63.855786482860005,140.24774584956276,0.0,0.0,32.586180244654194,0.0,0.0,37.500030715504565,60.43240536787058,57.3132797081889,0.0,41.72185890214413,216.9475064439763,0.0,0.0,0.0,0.0,0.0,100.1294129660439,0.0,21.985616155730213,54.48025827036838,143.16305695894326
2628,Mic,012_02679,186.5696425895581,45.378004281004365,24.716998951821612,33.01098830940383,18.109546095071277,70.63441841692308,373.4364210906316,228.34447862505698,250.12418885985812,178.14031283667828,0.0,9.213039736621873,40.66426694395922,23.73005353226969,0.0,140.38877045174186,122.54701529692665,85.8254323025148,0.0,52.06467266360002,135.36430549130452,0.0,0.0,169.45704803608658,775.9325439772658,0.0,78.09463143622646,102.14949980440701,13.717915962714018,253.05851057937917,66.99489692774078
2629,Mic,012_02680,126.91916069996071,37.97456054458171,5.515842241475428,48.21858207986566,14.548766145576248,141.8649078753392,136.36803716082903,636.9665484383916,844.6746439821355,119.26130648418969,0.0,0.0,40.83584612937677,47.66036068084546,0.0,255.10870805014133,283.994056871164,71.82297077355317,89.02485103539927,115.02558061882266,135.93546289844085,3055.9921910362623,0.0,0.0,1956.3057334641835,0.0,141.16346036826758,220.9426376814568,0.0,68.2727287185629,179.40686884728333
2630,Mic,012_02681,239.3621306569551,14.323561032996073,58.94782066552917,18.945298330451195,50.30322724339161,133.77446883205062,198.2445818738909,268.28625524279096,285.0644261290541,473.51550417567427,0.0,23.264758167809084,0.0,0.0,140.74644829069746,232.11936405371998,91.8164946276912,81.2723589708164,0.0,131.4736561690908,42.72772507550461,1810.3059230006177,0.0,0.0,0.0,0.0,29.580672066560048,59.5264173518438,8.660116708556862,100.14540843863473,112.78362842654151
2631,Mic,012_02682,297.0848502310191,13.333290146764247,87.15030741531176,0.0,191.55875425008728,747.1551814767865,905.2375466808088,0.0,866.3101699508007,132.23358894387349,0.0,0.0,0.0,0.0,0.0,365.35744211391585,166.18911476164408,302.61411685923736,0.0,257.00665083720776,238.6422570883739,0.0,0.0,967.3696174306968,0.0,0.0,137.67794282831036,277.05505360055696,0.0,452.79147984706174,236.21904398225638
2632,Mic,012_02683,0.0,142.10480287998737,43.00179642202883,37.59146037147421,11.342294659544642,110.59862883702432,405.3192255826697,1360.6359777135615,0.0,1673.5813600708987,0.0,86.55408384142129,95.50752170390422,148.6250721231628,161.11764475382475,282.6247615673225,177.12260915385755,268.76911694734895,0.0,195.65355937794956,0.0,0.0,10568.674064637316,0.0,0.0,0.0,97.82380148327314,221.46176981886626,0.0,177.41926213047597,279.7330784000405
2633,Mic,012_02684,407.58592257304457,124.38984100334937,5.314043135079985,116.13621903382277,105.12370660065764,341.6868207973109,270.96911042551926,423.42739701678937,0.0,719.6248666610188,0.0,106.96114425931738,98.35462939697453,22.9583444743097,33.18412195471729,485.08314993488045,224.09472966117164,55.356240888884884,257.3035328706052,231.70895785410286,261.9244285116299,0.0,0.0,0.0,31.94463682175909,318.4383257389223,181.33192470070145,106.4296852246042,106.17443899596542,51.158291302663,302.4756050992308
2634,Mic,012_02685,258.2968399256812,11.8032404577913,34.28864554045053,28.101157261298756,16.957660212302805,220.47202076364192,0.0,202.93127708773284,227.9965622289657,751.130140476265,0.0,0.0,0.0,92.58611050295387,40.14734754521535,78.24947861244628,168.1351231312184,111.61996113660395,207.53006257760288,48.75301807450546,0.0,0.0,0.0,1146.0111620189111,0.0,0.0,121.87883463489769,36.789277609254285,64.22683276969056,170.94297431063129,0.0
2635,Mic,012_02686,183.5069105392416,32.02836601091056,4.652151641386749,0.0,6.1353337660170295,239.30237129149745,600.2347133883956,0.0,119.98525004608571,47.64644441482986,191.82529300718016,46.81929090354461,34.441621112677204,0.0,58.101736660928495,113.24361080330307,125.46560011237493,169.6146740403199,225.25505012871486,132.29244228402285,114.65019468658532,0.0,0.0,0.0,0.0,278.7751890810494,105.83073185379016,133.10474105364838,11.618733092974862,281.51364771734836,0.0
2636,Mic,012_02687,146.16054949412384,73.46914978829278,35.57155404706602,34.011321288476665,35.1842609847099,228.72097392146523,79.0117103065135,0.0,0.0,242.87802050915533,91.67161111397556,14.916350049768749,115.21542300788445,57.63013000694067,13.883153062687848,313.88509674697843,119.91780146795018,196.85357091608552,0.0,109.58373960624385,54.79031412743278,0.0,0.0,0.0,0.0,0.0,88.50724896105666,228.99448307801134,33.31493876659118,305.75655151737357,0.0
2637,Mic,012_02688,344.7066791106744,121.9622217864066,3.054333203807655,0.0,0.0,353.5021594603955,257.21345677392645,543.1776888996359,329.8718315738399,198.11866567817492,0.0,10.246277837925263,101.75567732939328,0.0,9.536558412220156,74.34919307413121,251.61342608772287,95.45071442989965,98.59294250182067,144.7592534338412,188.18168637225745,0.0,0.0,0.0,0.0,0.0,138.96465257436932,69.91108829172931,68.65368222461082,260.4360009840507,74.5083433121603
2638,Mic,012_02689,0.0,0.0,26.447347626033913,0.0,34.879195138021664,145.76004262914188,329.84757976916205,26.178220574548927,383.68838178573975,339.6606999244727,0.0,12.674586458474025,41.95706155778451,65.29193919861487,11.796667631301235,36.7878088274314,146.35895201758333,108.23265017725613,60.97944998667521,78.78919828514731,46.555931657413986,0.0,0.0,521.7579243962743,0.0,0.0,75.20558148714062,43.239806053266115,56.61613871316653,181.8632898909696,92.16638999307692
2639,Mic,012_02690,134.62155874458776,33.834476876187466,68.80287427524613,53.70208624496316,25.925244936102036,189.5976494348988,110.11014090770418,255.38527214644535,400.05890290859475,0.0,202.64250877826177,16.486492160270725,54.57572668794526,148.6250721231628,153.44537595602358,0.0,101.21291951649002,0.0,79.31913419319407,93.16836160854741,0.0,0.0,1184.165161303901,0.0,29.542784429145627,0.0,55.89931513329894,84.36638850242524,0.0,168.97072583854856,0.0
2640,Mic,012_02691,166.5550447723737,48.837051118962066,38.00158753574641,11.073453442759845,53.45825700002435,130.3177642110674,831.8598923827825,348.1466582482163,620.7376453450112,481.46095974477186,365.62049548946067,101.98620731702353,28.133998641460153,0.0,23.730505816454805,259.01184005825246,242.24410000555267,118.75844702324721,0.0,216.12893187099078,124.87094847647471,0.0,0.0,0.0,15.229419880140961,0.0,374.61207699796074,144.97066758168677,75.92706974711479,202.08374870055246,0.0
2641,Mic,012_02692,689.3775649936752,182.88710816283577,0.0,122.22250217035466,0.0,0.0,464.48083780281047,0.0,270.4480368685836,0.0,144.1254206818653,0.0,0.0,0.0,0.0,0.0,102.83665619322515,72.82157892334588,0.0,66.26412884458183,0.0,0.0,0.0,0.0,0.0,0.0,198.78633456494006,40.002601322005546,0.0,19.228326448365312,0.0
2642,Mic,012_02693,164.30165299015923,26.470502497252554,3.844866503616695,37.81258660895348,5.070672906619957,346.10865024292315,193.0836040866334,190.92135573928377,362.5693994269448,879.4505970568644,0.0,51.593022525082496,85.39496058231437,0.0,12.004844118912432,112.31101636139351,164.02446662819412,70.09076971372042,0.0,174.93730014969609,426.3975622976093,0.0,0.0,1242.6850189313016,0.0,0.0,131.19898081286047,143.00929972616981,9.602541173899812,237.9505397985207,62.52857046589139
2643,Mic,012_02694,49.27082896951792,39.80331088038958,9.635783375157319,0.0,4.235942968675149,330.4371809971046,449.15384598342166,181.7467451355047,201.92235185120597,288.7533222945149,132.43957576171408,0.0,71.33731350856728,0.0,10.028616708673777,340.10645618038694,114.97323453674993,92.01104904503839,51.84002382159613,73.06963396916052,39.5782613107254,0.0,0.0,1264.61312178937,19.308060585141856,384.94264438218613,100.46768800984809,101.0876546920951,80.21778867631294,295.96032195524447,182.82309300838025
2644,Mic,012_02695,562.4502820847174,669.1077804017555,1095.0823968416137,1091.9236761305704,1823.3184043280557,264.04698821823604,0.0,1082.8097833113159,176.5228024238224,319.3337324626264,423.32126179333216,780.6483512957508,760.059858586044,591.3877215371923,726.5759058357472,274.8973829788035,375.8832333875929,285.18607871551166,552.3269553766918,415.2089497444793,759.0323098491473,0.0,0.0,0.0,41.14335423116616,410.13522582081083,116.77396198003287,176.24182729040663,51.28058637370581,103.54101440912945,111.3074029235763
2645,Mic,012_02696,5143.522609925031,14667.225220083707,10588.762350960378,14254.453945830466,6478.168780093859,458.48158863348266,162.2082305660202,0.0,210.72409539343803,0.0,81.67107171972368,7920.310670062663,4824.383985221053,6435.015243926515,6679.058727976736,255.53592358993822,3152.6290900303056,2651.312319300818,2557.4411751987423,2988.9539717496054,1220.3297237473664,0.0,0.0,0.0,23.81327472167496,1424.2877842140886,461.8469173058774,260.6836186150695,108.82879997086454,294.1933946599893,32.21168781576224
2646,Mic,012_02697,775.4201783688255,3721.792456380622,7656.777008630962,6626.837442628454,10357.135351972762,126.39843295659922,486.00338055814257,476.71917467336465,0.0,357.92550390822896,0.0,3264.3254477336036,2837.937787773154,4458.752163694883,3897.5125492829993,945.0732767753851,1494.0954785767574,1996.5705830374495,2696.850562568599,1602.4958196670154,847.8080186034337,0.0,0.0,0.0,0.0,588.9911889607134,391.2952059330926,196.8549065056589,49.095699234976486,148.69423873792272,239.7712100571775
2647,Mic,012_02698,538.5723927759475,6767.978078497531,5595.049736063015,6033.880487146069,4496.267079758049,537.9517306632862,145.43651163202418,0.0,185.43720394622545,0.0,0.0,4069.657616778507,4142.2248879794615,3569.3797321098773,4048.9938244267855,572.7861834431068,1579.4613466946655,3023.115027423781,675.1644702524679,2676.54069229035,902.0677317940534,0.0,0.0,0.0,0.0,1880.059875162597,118.95374260366013,59.84389157772029,261.1891199300749,143.82788183377252,0.0
2648,Mic,012_02699,22734.336547211646,59122.88542386346,46591.8951181859,85012.60568828929,72365.00324016759,431.05106623660754,0.0,0.0,0.0,0.0,0.0,42167.374179153965,30895.458815806556,26790.621975021397,28152.898541429004,30515.959060929057,12770.994280529418,22957.93636557099,4327.977373413256,18491.76974018262,2065.1733786493896,0.0,0.0,0.0,0.0,28120.553688329444,857.8394899302413,95.90367240019278,83.71446151604964,921.9736014985418,0.0
2649,Mic,012_02700,4413.258537698248,26975.588301659584,34059.28230338941,33665.69272619377,14048.504855611129,681.5266858065282,1542.260305407163,489.60347669156374,1765.5262046477237,0.0,364.2088333447137,24593.83607530115,22495.03285970155,23048.936860613732,25262.085489149245,1096.5501259609027,15566.27347320504,17942.154563782482,22809.610481502295,18955.48087883306,11319.382734867464,0.0,0.0,0.0,212.38866643656044,16937.47635281619,753.5076600738607,353.8067914223328,441.1978377197211,121.47625154879435,287.2934318703118
2650,Mic,012_02701,0.0,683.0335019380345,490.22047921112863,573.9410467430438,584.9383388708022,375.2453478399039,117.22933105259884,0.0,192.8501765877446,0.0,481.27595834837166,411.1318982467511,432.0578362795667,378.1977281705482,583.0924286328896,63.927029402132455,340.5393021231904,288.76681910116963,470.95735927208983,586.3783758737953,503.3860110457887,0.0,0.0,0.0,1578.6925429324692,0.0,315.30707442376433,350.6478022132049,145.75285710383645,329.07048857057333,664.366061200096
2651,Mic,012_02702,0.0,234.5062826869275,423.4768458913036,392.32777655299145,103.19890633895547,236.77452934123514,508.5441403408513,111.62614477386882,204.04621913096992,277.62069509783294,0.0,123.53258914456373,255.5835087850958,397.7290662450836,129.3479683234931,190.48053831245727,320.507578468885,203.78503468073643,222.87559537383407,296.69530365764183,226.87820216148222,2010.7716766183205,0.0,608.6133415380574,0.0,0.0,196.33650297699188,250.22753960754528,68.97599998153387,310.19217472952704,37.42907387042795
2652,Mic,012_02703,382.91169699153636,641.5820803294479,407.708121324107,735.4527296438915,401.135411127658,166.4454612200762,399.9904060286694,523.1324276531146,344.25223504868586,324.0377550852345,133.42303795796443,260.51922265140666,239.55682011540335,447.3467517370444,565.772851544784,23.62979304633279,250.69404652516752,455.04474255442256,208.8998979741547,122.6870504350179,79.74431858151108,0.0,1247.476962007278,855.6742029544965,0.0,1551.2045174608886,92.01248654367276,37.03211112482692,145.46423758481896,293.7079270120355,157.8691630574486
2653,Mic,012_02704,269.585013511384,689.7936841234156,696.6096000883764,459.9626307584464,226.74301523479718,304.96129856195364,233.59983916708342,503.2035732663294,229.35955961190533,485.75604101831067,183.34322222795112,666.2636355563375,592.5364611834058,614.7213867407005,675.6467823841419,285.0220993449574,325.59500034934354,262.471427888114,239.21643645566468,280.9839477083176,328.74188476459665,0.0,999.9616917677387,304.8433668374044,1051.3479792086428,0.0,219.1608069511879,118.7378801145244,29.613278903636612,105.99560452602284,72.31195223946624
2654,Mic,012_02705,215.55133464230497,1520.3834249878257,1313.6005074006941,1789.061541174433,887.1216094882682,326.42702103354753,318.6816766478415,498.3181016812194,741.6260638846726,628.2700251398842,523.3291974273557,979.2656217139445,869.1493560886041,932.1533649666328,1109.5739418645276,285.7751993985296,535.2165388024099,380.103896783144,921.7961517403234,409.03624387752564,1016.5465077429518,2096.002112354688,0.0,876.350688549082,0.0,6084.3361655747485,469.1743488615236,145.25216402359297,142.63968928220112,628.3742410213363,361.20873230296485
2655,Mic,012_02706,0.0,232.25731223395783,716.8815609969192,1198.0762208715005,2141.1325273437174,0.0,0.0,0.0,16.99387866076113,0.0,0.0,707.323695908389,312.19663008588043,182.185572280006,592.4971452237427,0.0,124.06744972989098,219.6392783655755,680.6093450125685,159.8889302443459,259.8121347333103,0.0,0.0,0.0,0.0,0.0,0.0,0.0,52.65909676009575,0.0,0.0
2656,Mic,012_02707,116.80297989616248,185.407124787623,297.3583450436603,98.09273779337478,162.78383408376513,0.0,0.0,0.0,0.0,0.0,0.0,18.821488904000052,103.84222674530358,169.67497504189402,70.07119314043308,177.54459668002835,121.05007255477203,0.0,452.7658732916228,95.72749257118562,276.5382378277294,0.0,2027.8193105590406,1384.7477230073341,0.0,0.0,111.67867465472385,0.0,14.012291841742217,192.9022020302743,136.86511132019146
2657,Mic,012_02708,155.17378337959482,2099.993198115369,1677.6434177447513,1559.4190810766552,890.7482072629059,280.1831930537949,0.0,0.0,0.0,0.0,0.0,1681.072650608938,1492.0397279521037,1600.1966098593862,1700.6862501792614,0.0,267.08964872407086,198.59051418887452,2109.8889695389626,475.00336360091086,1208.1264265098928,0.0,0.0,0.0,0.0,0.0,61.95507427273965,0.0,27.207199992716134,104.87449717045914,88.58214149334613
2658,Mic,012_02709,552.1439305470756,965.360001687512,905.5841999579882,925.715962667365,1704.76589676195,187.8323081924882,225.69291066422127,0.0,5.886147916017822,0.0,0.0,857.4817989503935,648.810873698031,978.1024299501998,798.0874023187595,97.77541927179041,193.37887415999768,209.20948023089733,353.612676459044,179.986700805786,449.95397635377765,0.0,0.0,0.0,1975.5705565188446,0.0,124.60238401221385,208.9521353970681,182.39463682267802,180.78923694189282,0.0
2659,Mic,012_02710,1647.767879033754,10150.34306285624,11460.59305784814,8592.333799194106,4212.852302116581,126.39843295659922,0.0,0.0,499.08338382656376,0.0,405.28501755652354,8638.921891981858,5457.572668794527,7388.789299837236,7181.243594741904,921.1473710342361,3123.1415165088347,3327.6176383957495,2220.9357574094342,2534.1794357524896,1090.0388810615575,0.0,4262.994580694044,0.0,0.0,0.0,251.54691809984521,0.0,49.095699234976486,297.38847747584543,559.466156800081
2660,Mic,012_02711,647.1128490800752,4541.1020426251125,5812.9697433360225,3647.3257540119703,3483.0632371767138,512.0098959358689,774.1438683176694,153.25997155319675,0.0,838.2065695109748,547.2376379189607,3895.666040916762,2947.6433094402923,5361.064784300481,2652.0345992643097,743.0390422555812,1155.1288361061338,1762.6888278983495,5247.947183117216,1811.5334634790863,3597.8045865607637,0.0,0.0,2378.7067182865894,119.6707714439503,0.0,320.78261806190073,94.9300310560284,198.87496441376263,419.8021931696406,269.7933243452167
2661,Mic,012_02712,931.0427002775689,1319.9957245296605,2113.3949548213104,1130.8764328418495,1134.985618931767,700.4579826344874,0.0,1585.0912557889374,0.0,0.0,0.0,1023.2616134141361,846.8333591079507,1129.5505481360374,816.3294000860454,159.1072731786408,347.2165433412921,397.18102837774904,1934.0648887440489,536.9603240705949,1342.3626961221032,0.0,0.0,0.0,65.48650548460613,0.0,92.9326114091095,93.50608059018798,0.0,0.0,88.58214149334613
2662,Mic,012_02713,0.0,9863.382686618526,12084.134089171886,9197.988547478764,6531.686303454196,136.67472831892437,114.95659230173547,2196.9131613334866,0.0,0.0,0.0,7808.163530930168,6963.507761305797,9826.171435004551,8262.846366724605,401.00207061283453,3236.344816734595,4788.314836888542,5832.213411733717,4231.207056466226,2750.2064993721137,0.0,0.0,0.0,0.0,0.0,151.10993725058452,152.04240746372025,238.89248774092218,204.633165210652,86.42160145692307
2663,Mic,012_02714,4364.684937440563,14145.237202399749,13245.202381704457,14352.135860693976,20102.826247905385,317.1885204382584,0.0,0.0,1809.0464793210244,421.0267572505406,254.25899686329072,7984.75032569791,7349.874437540704,8578.190483485943,6006.95218931241,2116.4269356781465,2134.7014188588005,3147.472300351974,4578.0609716411445,3506.997762434945,1215.7247059219048,0.0,0.0,1485.6800312094633,0.0,0.0,385.75800962271865,70.57062686051923,92.40181129601707,33.921670243814276,100.28166961510885
2664,Mic,012_02715,0.0,2615.085869351214,3305.134300090125,3625.0934709170697,4993.17771691501,158.5942602191292,0.0,754.805359899494,238.55557969068457,0.0,0.0,2109.9599306248356,2191.2669130556137,3036.9991152714206,1309.207528439884,660.4452848924712,919.1915457975571,899.2778001005638,1592.3690336143113,1519.699030388476,2127.518235363333,0.0,0.0,0.0,0.0,0.0,0.0,0.0,0.0,0.0,0.0
2665,Mic,012_02716,644.5680232690862,3419.9889226450296,3641.637845568384,3265.0868436937603,1896.431667075864,240.1570226175385,1074.9027893438295,0.0,0.0,244.3960081373376,0.0,2693.892818988236,1797.3605989229975,3025.5818253643856,2332.369714531558,511.41623521705964,773.7968680177369,1094.2742618570635,1959.1826145718937,1062.1193223374405,920.4772773408707,0.0,0.0,0.0,0.0,0.0,53.10434937663399,293.8762532834479,46.640914273227665,128.4177516372969,227.78264955431868
2666,Mic,012_02717,593.4933547586096,2094.017121854369,2374.93268016228,2788.6573391109555,851.7114332394318,200.92818625371746,261.5475115117743,0.0,361.0014383234197,580.8268199626316,0.0,1257.965330093645,1310.9770841056495,1732.5775339935233,1365.9695140882034,164.8123148464008,579.7228710154335,583.2254144647652,2269.6016803805574,582.5435327030051,320.8835130172358,0.0,0.0,0.0,0.0,312.09493279591584,133.28980122422078,89.40820454838689,26.014852582676784,315.16069724531826,0.0
2667,Mic,012_02718,1400.0642109437126,6049.604465462319,5946.53413378913,5627.978638472139,8166.452154872141,0.0,0.0,544.8219139124167,649.6005948218766,313.1848159197004,0.0,5803.245240415295,3893.068503740096,3354.6801993513886,4235.092376386251,717.7771722344696,1359.1449192214372,1049.4794090325056,2696.850562568599,1136.6540116242784,363.3462936871858,0.0,0.0,28.879897910912,0.0,588.9911889607134,307.44623323314414,421.8319425121261,171.83494732241772,419.04740007960044,0.0
2668,Mic,012_02719,1615.2295618563387,3848.9237035366796,6244.2268132140925,4665.340177591683,2989.5392817540214,0.0,0.0,0.0,0.0,0.0,0.0,5924.964661258145,3860.9423667535743,4686.43312524526,4950.082532436658,507.7891697190663,1220.6565222538388,1810.8557524821385,2917.931553617714,1950.9851381943056,2056.3854068253495,0.0,0.0,0.0,0.0,0.0,0.0,198.9491076386978,104.19778720614691,114.75628869715894,0.0
2669,Mic,012_02720,746.8804079149728,3342.8463153673215,2460.439928992998,3224.273258147588,2259.7091617429937,360.2355339263078,0.0,285.7477433905227,173.0947926446098,313.46444521962866,96.25519166967433,2083.0682844502057,1382.5850760946134,2017.0545502429236,1997.0915680676467,51.14162352170596,476.1826880109149,534.9785280190089,1054.9444847694813,911.6524183396365,978.0071071746752,0.0,0.0,260.64107864598077,0.0,1398.8540737816943,132.76087344158498,26.716023025767992,81.62159997814841,89.89242614610784,0.0
2670,Mic,012_02721,1339.5343693452203,5716.648150425171,4284.890114586162,6137.153974720679,7470.791415753403,311.314658948661,0.0,0.0,273.16086439890114,358.13263672299064,249.5504969213779,4547.829392951716,3315.643839893564,3242.2284252052923,4648.542417156647,383.03602802265374,1299.836290457145,1323.9367612591632,1172.160538632757,1812.8147692981622,596.6056427209347,0.0,0.0,0.0,0.0,0.0,137.67794282831036,34.63188170006962,0.0,399.5218939827015,98.42460165927349
2671,Mic,012_02722,382.3983245135855,1042.5305598917926,1147.544771848675,1570.6766745257596,522.6693611439033,228.2035056546746,159.95091462798032,368.86415777893825,0.0,0.0,0.0,932.643099491876,569.2997372154291,792.2187102311573,960.3875295129948,187.1850272689892,313.25627578859354,261.8776011281862,859.2308020746906,213.06466043873243,291.55388875050204,0.0,0.0,0.0,0.0,0.0,100.92229293296957,0.0,88.63884160522905,146.43110141447428,0.0
2672,Mic,012_02723,494.81989665101565,2724.536629762667,3280.0206609035517,3694.557073418252,1363.5500416165303,305.65439242232173,266.26634074044824,240.16534178620265,172.410623503722,595.0511502474307,0.0,1813.9637692341505,1275.7489565782114,2130.7430794384336,1873.847032015695,332.6788439189762,786.7004198781723,943.9497167938711,1534.4647051192453,1171.549797972207,878.637401098104,6457.653428855821,0.0,0.0,0.0,356.07194605352214,118.27786906613935,0.0,0.0,49.03223244333155,241.58765861821675
2673,Mic,012_02724,2395.1161520381347,4455.723272816215,5646.911312442946,7247.75681030997,6359.122579613552,0.0,1283.1659439300856,334.09417569321863,0.0,256.0670933441812,0.0,3954.0554148321426,3173.146076282719,3009.0485913460006,3847.454139749804,2530.0664751357635,2306.6037204564022,2455.639145005287,2940.0092198493744,2173.5720558217017,2244.6064754828612,0.0,0.0,0.0,0.0,0.0,335.1667952459687,30.657731341045235,26.761180320704398,162.10109632904692,261.3899257180706
2674,Mic,012_02725,827.1451941794219,329.57639728973595,294.59258844612424,704.1780604797282,849.8733463208097,710.3235880237055,2133.751637793782,0.0,845.8643265792934,0.0,759.1958779579948,1235.3258914456374,817.8672281123066,0.0,574.8798592155249,2420.223310322987,1074.377516557671,911.0389785727041,1485.837302492227,942.4439057360388,1361.2692129688935,7454.568166975238,0.0,0.0,0.0,1103.3215229827447,994.7716150834256,632.1537842716933,413.85599988920313,1671.2394720121456,299.4325909634236
2675,Mic,012_02726,5218.445749526382,21455.206888426368,22893.378493142827,19858.68067573854,21411.744473174953,168.95468927867032,423.7838051812541,466.53798626953653,42.356602089133276,63.54189418471307,135.4344405402453,16076.152483537953,13666.054495869874,16545.928883500244,13229.458870741188,2666.4460103053616,5960.796723182631,7826.718757336117,7050.633993685478,8424.901257837435,5787.674338054093,0.0,0.0,9.650820156159035,19.744675020484262,1771.4131989597333,308.21871120609177,281.92788117644614,98.43811052641014,510.44442987488367,694.4127674855276
2676,Mic,012_02727,958.9790606241409,4011.050837980845,4468.771082359603,4186.14236999106,3482.2936091760544,381.5260501158059,335.22600198870816,441.10611103346315,88.17533069654499,337.6176738992514,38.229012294338744,4155.25080705558,2848.5174794715263,2940.035823871813,3161.10533650341,383.66292823218345,1124.731559052513,1554.9214727979963,1406.5926463593082,1265.5038734233333,1210.9825173527058,0.0,178.7165576776384,283.3097502863367,0.0,444.4585993292192,110.72821784915172,84.88495259251107,50.94114041189405,104.55572970185591,105.54467922611455
2677,Mic,012_02728,985.3269145514694,126.11424119710131,549.5465244659787,282.0556708127173,197.6593515191983,0.0,302.34943589460084,0.0,6.710958452020319,454.8161657942145,171.66530998413256,307.2578093054276,523.9733250167484,251.810631750072,129.98875797548493,0.0,408.28990887756055,130.10479546495873,940.7148271829768,331.4894700288827,718.2067928296602,0.0,0.0,0.0,0.0,0.0,260.44808292998835,119.1160262295388,41.59062419268709,34.35379343163357,67.70609540892698
2678,Mic,012_02729,2387.2889750706895,14999.951415109777,12721.819265381484,15701.616813372839,13441.817950670758,0.0,205.27962911024187,0.0,762.3757922770725,0.0,219.11750949194158,13263.181888155354,10700.98367839083,8540.504144443208,10618.919025509533,2664.7234369756093,4752.892870953222,7556.126881332787,6003.749100314121,5299.083123098178,2357.319856604669,0.0,256.08775033076233,0.0,0.0,1273.7533029556892,120.88794980046762,91.22544447823218,132.71804874495675,146.16654657903712,86.42160145692307
2679,Mic,012_02730,361.26231392662646,0.0,17.352937317208095,113.77238448711665,53.39912175998008,223.15475552957116,464.7676133766751,0.0,144.5231627698358,0.0,0.0,0.0,85.64686312090525,49.98011274938218,0.0,337.92695188383885,164.50831461234807,241.02009307372887,0.0,175.453339383176,498.9312675852065,0.0,0.0,0.0,3685.7891582486286,0.0,148.0342482622983,33.09949755404884,43.338902643264646,159.10163919665104,0.0
2680,Mic,012_02731,0.0,0.0,36.566562551879066,0.0,72.33687223429868,235.11876340178597,925.2225633156161,0.0,898.8929943356447,478.5376383108708,0.0,122.66872488481155,0.0,0.0,0.0,856.7314709619119,291.37052588080456,499.9481476083555,0.0,225.29803807157828,225.29164130720616,3993.4206724447768,0.0,2309.9879182168634,0.0,0.0,337.93676876039814,261.555470182344,22.831216777104455,465.17758984699157,520.3426493315438
2681,Mic,012_02732,319.1701564496683,0.0,113.67431401997186,38.81726886184837,135.8609642915021,137.04612703718232,299.15043342184924,804.0317964146784,320.6671016856666,72.76440695960429,146.47529167124355,95.33493292678288,144.64544953707232,168.81869605294034,66.54859239831892,354.5325108871887,113.22278587216047,74.00888727535697,344.0036363378743,161.62685339917573,525.2723593521273,0.0,0.0,0.0,0.0,0.0,121.21644966405586,71.14593088383867,53.23147824661853,175.87648593803706,115.54192368697323
2682,Mic,012_02733,0.0,105.88200998901021,128.16221678722317,308.1025575544357,236.63140230893134,0.0,0.0,0.0,0.0,0.0,0.0,429.9418543756874,569.2997372154291,110.74024981725854,400.1614706304144,0.0,12.568924645838628,400.51868407840243,413.7037195174436,291.56216691616015,0.0,0.0,0.0,0.0,0.0,4607.989890104405,72.88832267381136,0.0,128.03388231866415,0.0,0.0
2683,Mic,012_02734,0.0,0.0,120.48429596586878,0.0,31.779332502318624,232.41002188794045,107.04812364108282,236.52886853993363,38.843151224596866,822.6513597890745,0.0,20.2092484545254,66.8992778755458,52.05302065143029,56.428299545118335,256.62463415909804,203.8250959848209,203.95075848232008,291.68971929110074,91.36510299676907,0.0,0.0,0.0,0.0,0.0,0.0,119.9130469794961,34.472287775184505,45.13636865151064,488.8159578451947,0.0
2684,Mic,012_02735,0.0,0.0,23.986323141828926,104.84223810025836,0.0,0.0,407.69664320903814,1080.2718912323032,193.32485815911744,0.0,0.0,0.0,355.1594690885246,103.62849065468232,112.33890826872184,0.0,211.71142797944702,218.63175874004534,387.13559074109406,22.736499254929917,147.78304911435998,0.0,0.0,0.0,0.0,0.0,136.41484243539009,0.0,0.0,0.0,0.0
2685,Mic,012_02736,56.72765881356094,71.2868978143831,120.80240631825393,28.286643447841982,130.86687171540615,332.8909224401524,76.66482782216163,338.7905245753505,507.6851143142237,166.92854049845417,0.0,477.61857486091225,239.55682011540335,540.543991682262,579.2436337244217,189.03834437066232,105.77807870260233,157.29941717930654,69.63329932471824,98.1496403480143,106.32575810868143,0.0,0.0,0.0,829.9279902999589,0.0,49.07332615662547,86.40825929126281,86.20102967989271,160.20432382474664,105.24610870496572
2686,Mic,012_02737,449.7920162376178,63.92502659149587,105.06906221098335,133.50238262766544,51.55973946170573,188.53448504554424,198.2195446698149,98.75957979993379,244.20362456809642,475.4847976276198,100.75309782246285,1057.415872873887,1420.057008063533,686.1755666246955,534.0472710843287,410.40754576920426,184.51651246433008,120.90423827787288,118.31153100218481,166.76265995578504,90.32720945868357,0.0,0.0,890.2565913023564,0.0,146.42210865752313,277.92930514873865,118.84885009593984,48.820396248612134,134.41858115305843,19.868891549909414
2687,Mic,012_02738,439.63935580509724,13.366293340196831,106.78069844202803,77.78826948156545,149.3589296751918,249.6681918301143,334.99196504901056,216.72629145629037,268.6210621970807,887.4215792675172,0.0,531.8934129132886,383.2909121846453,251.6325478520875,131.3401262514677,543.4852400656542,230.06732117816006,101.12105390098279,104.44994898707735,318.9863311310465,159.48863716302216,4206.0623672706815,5457.7117087818415,1112.3764638408454,0.0,1745.1050821434999,377.2511948290583,194.41858340534134,16.162693064979884,191.35516456844732,184.18069023369
2688,Mic,012_02739,130.21576227658306,0.0,36.566562551879066,0.0,12.056145372383115,235.11876340178597,988.7874722456964,73.89702824190852,729.4295609772855,1425.2099227954197,0.0,61.33436244240578,135.35797947779434,39.494774410350956,0.0,478.4344578098989,94.13509297687534,95.22821859206772,442.6340495536285,121.31432819238832,225.29164130720616,0.0,0.0,0.0,54.953710896172986,547.8029939284958,259.95136058492164,52.3110940364688,0.0,213.73024398375287,148.6693283804411
2689,Mic,012_02740,0.0,457.14137646048846,83.00029277648738,0.0,27.365536321441038,266.8411362417095,0.0,0.0,0.0,0.0,0.0,0.0,0.0,89.6468688996855,0.0,0.0,50.87421880458493,0.0,669.806022075861,0.0,255.68813259468632,0.0,0.0,0.0,0.0,0.0,59.004832640704436,0.0,310.93942848818443,0.0,0.0
2690,Mic,012_02741,1319.29127569696,899.9970849065866,670.8280241836497,986.7758347511981,476.376375700875,442.3945153480973,617.9457045768571,536.3090715075352,970.4399129960962,626.3696318394008,0.0,1125.2030899384768,445.701767951553,1040.3755048621395,912.9999869383402,554.7819393728922,898.2646607088489,761.5124980174887,416.4254545142689,929.3544070452604,1059.760023254292,0.0,0.0,1036.0663375539677,0.0,0.0,244.55950370818286,492.13726626414723,257.75242098362656,816.1286058001896,69.93326960001012
2691,Mic,012_02742,0.0,17.061556111973207,18.58655845350251,6.77002603846455,8.17075255095159,0.0,382.92920387578766,0.0,129.83001137984334,0.0,0.0,124.703514160152,137.60325401889517,53.533201333461484,0.0,218.6782427573736,94.17758229891407,290.4235007772302,99.99473789284183,234.90790699406264,0.0,0.0,0.0,0.0,0.0,0.0,105.70533999140414,106.35762721158821,46.419867286150755,119.28852758725209,50.378469095741885
2692,Mic,012_02743,141.78315232653335,0.0,6.635810209287698,0.0,4.375707584392856,85.33498265597815,161.4935884238847,191.57496444149598,179.1689643573648,124.59827384622596,205.21411421961025,11.13047440261932,36.84554136800366,0.0,0.0,145.37720391957026,144.7978400189379,336.9846288629198,107.10096292075951,75.48056097829526,122.65242908729877,0.0,0.0,1384.3293196585887,39.890257147983434,0.0,169.82609191512395,56.95801863361704,24.85937055172033,82.13521170710361,215.83465947617333
2693,Mic,012_02744,100.22437679597064,20.991185653797938,0.0,0.0,20.105291991262803,196.04654907554163,403.4014029313919,13.203592301448873,485.3412109644782,164.8100853454983,235.72700000736572,0.0,112.86408784445824,16.46575143055448,47.599381929215475,139.1608803311727,147.63905946963217,317.6124841671296,123.0255958914847,130.0554272249927,234.8156319747119,0.0,0.0,0.0,2749.287693814368,456.7686771532063,205.91482411347874,152.6629887186742,66.62987753318237,199.17855355988905,154.9541833702848
2694,Mic,012_02745,0.0,74.67224721932378,68.50242504260314,205.85018037479765,180.68423981667624,403.7574397718442,202.87722995733597,197.76559648021677,202.442362386709,373.5310168037911,176.5379061190534,124.47661548082131,158.4840971505834,172.63873006445985,62.383251098278585,180.6458123425616,221.1362331794054,170.96376143521323,46.067444749759005,151.51047101756794,70.34215001513205,1246.854052750225,0.0,654.1486046458539,34.316072743025046,0.0,154.2113202421904,40.83234960270217,99.7993362178234,35.32890110545723,162.46506300089686
2695,Mic,012_02746,48.55503000143776,5.084729293257552,59.084954179872376,80.70483017604633,170.45482369711155,237.44338394389402,427.9558369586399,191.89966777105778,288.70391600513403,428.6385404324712,0.0,74.32893075647479,27.339252917125123,95.72462272339298,69.18045763441063,22.472778697548133,148.48373691778855,76.93579242184,119.20276664061934,35.00393246874804,136.51146062258675,0.0,0.0,1703.5060685812246,2042.2910185029707,221.28765008975952,63.005160277362364,137.3535647087507,46.113898292739215,86.3373584454143,60.055689148031284
2696,Mic,012_02747,0.0,0.0,10.89378842691397,83.32773715676784,107.75179926567408,280.1831930537949,71.5399507449193,232.7316526356773,114.14221833811226,0.0,336.8931708438602,91.3626440548336,40.32539805275955,23.53230308616744,68.02745000717044,92.81257602087379,189.63365059409034,453.921175288856,175.82408079491353,123.91392093936807,201.35440441831548,0.0,0.0,0.0,0.0,0.0,309.7753713636983,140.25912088528196,81.62159997814841,262.1862429261478,44.291070746673064
2697,Mic,012_02748,0.0,0.0,6.953481974625937,7.598273904872446,0.0,357.68067198356795,177.28298182095145,1533.7002525617377,151.3178344580539,633.0331385610965,860.1527766226218,0.0,0.0,0.0,0.0,567.031239519624,211.39861558586034,90.54278762410692,0.0,145.00565216309028,257.0481758531687,0.0,0.0,0.0,0.0,0.0,276.8205446228793,0.0,34.7325957353823,9.563024058096577,56.54179244256136
2698,Mic,012_02749,291.27209982919896,4.306206147878405,81.31248777983633,3.4174054883158376,4.124470785288961,0.0,183.63195913134365,263.6401496299668,47.891839862145005,156.5924079598502,0.0,41.96561640796184,23.153338594885874,27.0227403860296,19.529411485312092,232.1900398061504,138.01761752248638,16.289037390748422,0.0,65.21785312598318,38.53672811833789,0.0,0.0,275.6717527859782,56.39986118291437,187.4062873965906,195.6476029665463,35.79180118284707,54.67475596622381,64.5160953201731,50.86055970909827
2699,Mic,012_02750,101.94828363291202,0.0,55.825819696640984,40.66834146949523,6.1353337660170295,239.30237129149745,510.3792173721686,327.7090886396379,149.98156255760716,307.0548640066813,0.0,31.212860602363076,34.441621112677204,100.49382100854424,72.62717082616064,402.0148183517258,145.99633467621808,181.73000790034274,75.08501670957162,176.38992304536382,57.32509734329266,0.0,0.0,1462.5972497159737,0.0,836.3255672431482,66.14420740861885,119.79426694828352,34.856199278924585,268.71757282110525,113.48601757154665
2700,Mic,012_02751,132.82007752211473,19.636300034325526,23.76826565872139,0.0,37.61517356183531,183.39263545339304,464.5888566022994,526.9913785480103,273.9413240114694,338.09724445876736,49.00264303183421,0.0,61.587880662396415,41.07456538676499,14.84235272883719,199.60730635138572,151.51267345801838,68.08817629332842,76.72323525596228,130.67286208151538,146.43956684968398,0.0,0.0,677.4173871794103,700.1102768172437,284.85755684281776,81.10482450249555,115.60751782059603,23.74446544818863,147.09669732999464,38.65402537891468
2701,Mic,012_02752,0.0,184.61478664750493,89.38493068237104,0.0,0.0,0.0,0.0,0.0,225.1325805485449,0.0,0.0,0.0,0.0,96.54278189196899,0.0,897.528207674384,120.5327645524012,261.8776011281862,180.33239055888566,148.27306779069684,0.0,0.0,0.0,0.0,0.0,0.0,63.54366592075862,159.8394540003213,27.904820505349882,46.09868007492709,181.706956909428
2702,Mic,012_02753,10.087136514383195,0.0,0.0,50.298432891409156,0.0,118.38726467061757,177.81263648281515,0.0,192.91642536018972,104.76252645201244,0.0,0.0,0.0,0.0,0.0,11.204737547791606,90.28382492081269,23.97470996243958,0.0,69.81065968415102,0.0,0.0,0.0,0.0,0.0,0.0,130.89100198466124,0.0,0.0,50.64362036400441,0.0
2703,Mic,012_02754,131.41040229746915,0.0,0.0,0.0,0.0,462.68784174021175,194.58248880431364,650.9330626656188,4.833121453977936,661.9261648394585,741.7831284635453,0.0,310.764535452459,0.0,18.723151378120306,124.07447908426117,126.4387694877253,0.0,0.0,125.05074590211454,73.89152455717999,0.0,0.0,1074.78262271206,0.0,0.0,204.6222636530851,68.62831602949576,59.905761451852044,239.16333561808506,97.52162366239942
2704,Mic,012_02755,240.4563135527062,15.629471807350274,0.0,16.5380665020668,0.0,218.95647503480353,347.86430463520816,574.5696372027986,481.82933534244876,269.10779226095815,117.01065268093551,6.346464420596255,77.03259830628456,0.0,11.813739509204709,191.11293305104465,138.22179216168993,152.73035203279164,91.60154715798679,118.35483041965689,139.86991913283853,0.0,227.92180383996936,0.0,579.9962569693047,0.0,150.6288347007274,59.54077490547426,51.97323298174429,187.3300921134519,153.8329519421351
2705,Mic,012_02756,374.7284894854236,88.01927480749013,0.0,24.44823584061648,33.72183448901291,205.51334453823586,587.712064799337,586.8657810465504,399.2938237895219,80.01910333400656,197.68792421155612,53.61133147471897,189.30260210586394,0.0,49.897885090834066,252.85996959930688,313.4548444683472,258.0358759282617,0.0,139.36529005405697,236.30834748359766,0.0,0.0,0.0,19.213644640960233,383.0602842629578,281.7516825117256,164.60728123456073,87.80807821610098,298.9088008770334,389.848055471939
2706,Mic,012_02757,6.452132365055917,113.51314584407399,0.0,25.73829719127964,0.0,75.72518731183645,350.3069130275857,61.20043458644547,284.7622910722135,180.9277146022593,121.40294444823789,59.2622556031353,43.59502492190222,25.440327660721557,18.385797299235254,21.500982861978486,129.93550478468313,76.67587420419866,95.04004367292623,44.653665203375866,217.6804372089897,0.0,0.0,0.0,0.0,0.0,251.16922002462022,67.39176979473005,0.0,145.77150185855325,191.52895458020785
2707,Mic,012_02758,321.55320888707246,391.8354655375615,8.892888511766506,9.71752036813619,0.0,343.0814608821978,687.0583504914218,51.3473033945234,551.8964403161472,192.27843290308132,550.0296666838533,0.0,98.75607686390094,0.0,27.766306125375696,129.8834883090945,357.57308074079697,69.47773091155959,0.0,202.30844234998864,328.74188476459665,0.0,0.0,0.0,0.0,0.0,202.30228333955807,101.7753258124495,88.83983671090984,232.37497915320392,0.0
2708,Mic,012_02760,237.9028459586016,0.0,40.710351214765005,44.48539601053349,11.930995074399899,232.67808419692312,552.1666867997842,67.90636455843199,470.30118176044124,41.18001039774607,373.0305005883573,0.0,16.744109918100854,0.0,70.6167301112496,363.35917058097897,266.1654630883474,318.0589550034372,73.00653873837241,154.35644130855533,222.95297375038393,4964.055454843372,0.0,159.48898638690503,0.0,0.0,244.39025837689692,64.7100903738325,67.78264358046927,68.43022059565301,110.34453611627895
2709,Mic,012_02761,426.86624057555383,0.0,0.0,179.7419495907575,45.66963677485524,222.66214017520127,0.0,984.7460655642406,708.228333855429,187.18496448180767,0.0,0.0,64.09334789842579,74.80467206198922,81.09232451185882,131.71131885649072,150.70223888272076,191.6389067858581,139.7277463270836,221.56793810350578,213.35566031079784,0.0,0.0,0.0,52.04225601425653,0.0,172.32537214934212,148.61893603738486,43.24323177650247,119.06281608756004,70.39640383577176
2710,Mic,012_02762,0.0,241.23633203681703,134.76851662161613,309.25758120037545,266.60238993568845,346.6183831593339,957.9151682521638,933.7798266797864,629.9998728257425,199.37280807259273,0.0,90.42076112643323,399.0967229963832,58.22425505855862,126.23650516794517,147.62530501111002,244.51093615152055,210.58198853606726,217.51432675659404,255.49262049354238,0.0,0.0,0.0,0.0,2916.5124092113247,0.0,268.25908447990366,0.0,67.31678348713271,129.74164598407316,0.0
2711,Mic,012_02763,230.59881121425855,22.29094947137057,56.661190579614455,35.380197996681616,144.1138615565672,156.13924071109315,0.0,313.139065716818,358.8181190909935,101.32449926813835,166.88206605268618,108.61688952648947,254.6867245437446,69.94121041090014,88.45674613935476,492.59217702365567,269.90111871064005,126.47958444581128,0.0,207.16259228253483,398.9684793427923,1121.1612217888453,0.0,273.5096213915784,0.0,0.0,115.086825274439,150.53610497491562,161.72700924462845,61.22703948032113,0.0
2712,Mic,012_02764,0.0,0.0,40.430554986484836,117.81241188585732,35.54698532475846,693.2367663186678,1332.751538437793,1276.1657631290414,347.5861367314441,61.34547940695161,0.0,180.84152225286647,748.3063556182186,582.2425505855862,210.3941752799086,672.5152783839455,469.19666126372863,210.58198853606726,652.5429802697822,281.0418825428966,332.130976360108,0.0,0.0,0.0,0.0,0.0,0.0,578.3881273619875,201.95035046139813,407.759458807087,547.9307721237906
2713,Mic,012_02765,763.9324720226206,0.0,10.89378842691397,0.0,0.0,280.1831930537949,605.985465133434,0.0,307.3059724487638,173.55658548883395,0.0,36.54505762193343,80.6507961055191,0.0,34.01372500358522,888.3489419140777,235.03889087718235,85.11022036666051,0.0,206.52320156561345,134.2362696122103,0.0,0.0,0.0,0.0,0.0,495.6405941819172,62.33738706012531,81.62159997814841,119.85656819481044,88.58214149334613
2714,Mic,012_02766,347.6227805804688,5.263140847406939,11.46714571254102,0.0,0.0,98.30989229957716,174.23558695357022,282.50025165829015,554.5370931406263,1113.5460121589344,315.2216803217405,64.11413617883059,70.74631237326238,33.02779380514728,11.934640352135165,330.3104209264181,226.7919122499128,109.49852912669772,0.0,152.17499062729408,141.3013364339056,0.0,0.0,1909.2821396658487,988.0420125747592,0.0,260.8634706220617,21.87276738951765,0.0,126.16480862611625,0.0
2715,Mic,012_02767,102.98109304226503,0.0,0.0,65.35508796609241,11.268162014711017,109.87576198188037,323.4562940254713,0.0,364.9796423481116,408.36843644431514,0.0,0.0,0.0,0.0,26.677431375360964,114.39084999771559,50.27569858335451,66.75311401306706,0.0,97.18738897205337,210.56669743091814,0.0,0.0,0.0,0.0,0.0,121.48053778968561,146.67620484735366,0.0,105.75579546600923,0.0
2716,Mic,012_02768,408.4039816856469,104.13189412142324,54.01878558800316,0.0,96.17515967514711,555.7352589496759,77.20889190749676,71.73769949458001,491.9798094929441,405.71669335052087,389.7937513895903,36.24303235233068,119.97639090077223,81.68237434868037,42.165774797832924,453.6529689804221,320.507578468885,583.8139083002332,392.3347257407162,394.271566625262,299.5354776470809,0.0,0.0,0.0,0.0,161.8508845697828,261.13295767848945,131.3721793415864,94.43821485075023,63.1475720861088,219.62514419837888
2717,Mic,012_02769,39.06472868297492,40.908958404844846,29.710332073401737,0.0,39.18247246024512,76.41359810558043,0.0,233.3034748780254,253.82675126936851,0.0,0.0,0.0,21.99567166514158,0.0,0.0,354.37529026151816,67.01522095258505,139.271269690899,0.0,112.64901903578914,0.0,0.0,0.0,244.42895413690061,0.0,0.0,118.27786906613935,17.00110556185236,29.680581810235786,236.98912347610246,0.0
2718,Mic,012_02770,152.62995086517523,51.63917700283693,10.71520173139079,43.9080582207793,38.86130465319393,310.03877919887145,455.3169478461595,86.61700851305667,237.49641898850598,347.51962668138884,165.68516598878367,143.78383326662336,89.24473339545148,46.293055251476936,25.09209221575959,94.55145332337258,169.448678780681,139.52495142075492,216.1771485183363,137.1178633345466,297.08026881390805,0.0,0.0,31.48382313238767,0.0,0.0,258.9925235991576,84.3087611878744,53.522360641408795,176.83755963168753,108.91246904919608
2719,Mic,012_02771,181.0584335025523,15.168490195054833,91.80158786725256,64.20114580296719,38.742219960691806,47.22188646974072,28.370106045572754,106.01198874992893,59.19216162737023,104.46824969231578,0.0,172.45982248552855,81.55698482580586,31.72894798134936,57.32650281503128,71.50888682186103,111.63747115208355,105.19240719474894,0.0,62.65310609293891,45.24818076816078,0.0,0.0,0.0,0.0,660.1333831329345,93.97679805415567,168.10081903854015,91.70966289679598,75.75204450514705,29.859148817981843
2720,Mic,012_02772,249.21361260028482,36.48636830702379,19.873803211261972,26.54261897850713,14.56105395482082,227.1755619355094,475.9852048767682,96.90068809520533,291.8813483490189,384.47139352980105,318.6827291766245,22.22334585117574,57.218470209996674,9.540122872770585,41.36804392327933,295.63851435220414,133.1838924043002,120.7645018716129,178.20008188673668,113.02959004604519,190.47038255786597,0.0,532.0742109912798,960.2566055378238,0.0,0.0,232.3315285227737,82.13371943732727,16.544918914489543,206.5096276329504,107.73503695136694
2721,Mic,012_02773,71.6186692521207,134.999562735988,52.29018444918706,0.0,51.72086364752356,504.32974749683086,272.6934593100453,226.4416079698482,848.164483958588,565.2985927350592,673.7863416877204,21.92703457316006,145.1714329899344,28.23876370340093,81.63294000860455,405.723546605534,211.53500178946413,408.52905775997044,105.49444847694812,223.0450576908625,241.62528530197858,0.0,0.0,0.0,0.0,1958.395703294372,260.21131194550657,187.01216118037595,48.972959986889045,260.6880358237127,212.59713958403074
2722,Mic,012_02774,189.30044736243354,0.0,0.0,25.17137434565674,68.35356429188136,222.1716949325246,186.867764578592,312.5625719407596,854.0359813302333,393.2056058903727,118.72887078197715,38.63794638442302,21.317391041106376,0.0,0.0,98.12783367845687,101.65879140863315,269.9531218678219,0.0,54.58763036976566,141.92380928163206,0.0,0.0,524.5454585316746,0.0,0.0,196.5094866800553,65.90736957898712,28.765321578202084,245.52116392329006,0.0
2723,Mic,012_02775,670.8584208426495,22.78473632674903,33.09505344885257,144.65574623959697,196.40834296527933,425.59472362601764,0.0,0.0,0.0,0.0,1023.4729240826132,0.0,183.76130758219546,142.98108204253637,103.3328354539298,1208.4096697111959,316.4505205135827,387.84404217718713,0.0,376.44735475251053,1019.5159717383061,0.0,0.0,0.0,0.0,0.0,282.32692073653516,284.06910559044445,82.6547847879984,227.5757623952097,134.5551516354625
2724,Mic,012_02776,361.44001304808563,0.0,8.14488854348708,26.700476525533084,0.0,52.37069029042895,374.41469548742805,188.11348533320722,564.5567664746314,417.0919277435262,419.80457426026186,0.0,60.29966063964046,70.37698119227646,25.43082243258708,639.4030604375283,255.60728999387715,201.5070637964548,131.45725666909422,115.80740274707296,50.181783032601984,2126.122532620663,0.0,179.4872159883783,1003.7184018201314,1220.1842388126927,254.76852971967708,174.7777207293233,10.170915885127528,313.643356023803,430.49265024803736
2725,Mic,012_02777,71.38385394309735,49.57360992272346,9.429377523623897,34.6580939556018,4.522042723280749,198.4248186872777,211.26706380061796,298.95241795363563,366.17629691318734,430.1927168182245,35.346168744273854,31.632443318657142,60.289775449371675,7.40688884023631,5.35297967269538,253.52831070432597,136.60978754411494,87.06356968655108,41.50601251552057,95.88093554652741,84.5028320181783,438.3980727014945,0.0,143.56623348368777,793.5676205609976,410.9420492158682,219.38190234281583,71.12593671122494,21.40894425656352,101.38686752216752,118.49676632552534
2726,Mic,012_02778,216.2073034026285,0.0,44.397326419121086,37.733314938913736,71.56345913493826,63.43770408765168,106.71442153293178,222.16912480060577,286.2666956288214,359.27616618712796,101.70359874531628,33.097410676468016,54.78167282639034,106.5613724656639,0.0,570.384564225316,174.16260867743188,205.54921145155745,0.0,130.92791646423794,243.14494118438094,0.0,0.0,0.0,0.0,295.6068986104712,154.30320384908745,155.2553790931423,0.0,176.39268526783425,120.33800353813061
2727,Mic,012_02779,88.82935721193263,0.0,10.133756676199042,16.610180164139766,66.82282125003044,130.3177642110674,434.5244614328887,0.0,412.4638301305667,334.4279720382846,104.46299871127447,67.9908048780157,18.755999094306773,0.0,31.640674421939746,394.6847086601942,275.78559077555224,39.58614900774907,245.335926690577,76.84584244301895,124.87094847647471,0.0,0.0,0.0,0.0,303.62724082083287,302.57129295989137,43.49120027450603,25.309023249038265,146.33650767971042,0.0
2728,Mic,012_02780,579.2686483627408,344.1165324642831,182.63115892179303,283.594399567151,2725.486687308227,1236.1023222961542,297.0516985948206,1243.2088280697549,340.87721313644386,514.106692309361,3368.9317084386016,96.73691723452968,533.7185036394648,83.05518736294393,180.07266178368647,1438.9848971303543,461.9079807345696,375.48626632350226,155.13889481904138,510.2337921032802,592.2188365244573,0.0,1158.043870981021,2683.0699272380375,3120.2393789724097,4607.989890104405,3662.6382143590213,4537.795087465004,6409.6962335781245,4891.205540302926,9848.249848377895
2729,Mic,012_02781,0.0,8.181791680968969,0.0,45.451492994600635,7.836494492049025,229.24079431674133,192.81355708791082,226.4416079698482,272.9834872142265,0.0,245.01321515917104,0.0,43.99134333028316,0.0,55.658822733139466,137.41082683609886,128.20303138755403,216.64419729695402,0.0,146.44372474652587,73.21978342484199,0.0,0.0,820.582917459595,3393.3916478386814,0.0,219.65889969425876,629.0409057885372,1172.3829815043136,547.5265956172022,773.0805075782936
2730,Mic,012_02782,0.0,0.0,6.300022222793621,0.0,4.15428623674888,81.01682690712141,26.770442234810336,0.0,129.4810706634378,0.0,0.0,0.0,11.660356063448546,0.0,0.0,348.8858279338871,97.31073466766148,41.01697367067977,0.0,53.74579703394277,0.0,0.0,0.0,0.0,776.370137311475,0.0,8.957360135817781,54.07580564251835,0.0,73.64680696307629,0.0
2731,Mic,012_02783,211.69433905617245,0.0,50.1825186652467,68.54488935297601,0.0,96.80033541205967,174.4679842034839,362.1906717368014,539.9552156434545,125.63459986030206,155.19071209697972,0.0,18.575999102998644,0.0,0.0,360.3581235140041,157.48548961235042,163.35934811259213,0.0,161.7302614947606,61.836285425970196,0.0,0.0,412.855047294573,0.0,0.0,142.6988274995923,114.8635155042616,37.599201525442645,100.07218265785517,102.01398252592647
2732,Mic,012_02784,0.0,58.69546205912522,0.0,0.0,0.0,182.72816938290973,636.7238582923763,623.5348625256689,80.16677542141665,0.0,1171.8023333699484,0.0,105.19669057241624,0.0,0.0,138.35415059012243,257.7995739858423,259.0311054637494,0.0,242.4402800987636,0.0,0.0,0.0,0.0,0.0,0.0,363.6493489921676,0.0,0.0,156.33465416714407,0.0
2733,Mic,012_02785,343.7696124101793,0.0,0.0,0.0,0.0,67.24396633291077,0.0,350.2296869933652,177.00824013048793,220.16892559154934,107.80581467003525,17.541627658528046,0.0,0.0,0.0,140.0144003972039,92.30618259903889,68.08817629332842,0.0,39.65245470059777,64.43340941386094,0.0,0.0,0.0,0.0,626.686625054199,59.476871301830066,29.921945788860146,0.0,122.25369955870666,0.0
2734,Mic,012_02786,611.3057961268878,0.0,38.28779196070182,11.953769825238663,57.70807659416855,211.01663075181207,625.4243294264173,0.0,57.3099004208095,298.7704520070782,0.0,0.0,80.98824713524932,0.0,68.31208368920882,738.9500971895033,241.38646077154522,470.0648154141919,0.0,145.17112076578684,67.39896382203028,0.0,0.0,0.0,32.88025379980225,0.0,171.08932644354886,109.54687265796079,13.660518824794714,120.35806011194354,44.47638903431606
2735,Mic,012_02787,0.0,0.0,105.4237589701352,0.0,222.45532751623037,813.4350766077916,1107.715366372944,413.9255199448838,0.0,335.9159719138721,0.0,282.9294783633556,312.19663008588043,0.0,197.49904840791422,692.8865122295647,196.44012873899408,329.4589175483633,340.30467250628425,199.86116280543234,0.0,0.0,0.0,0.0,0.0,0.0,0.0,301.6325180328644,105.3181935201915,840.9291478184281,0.0
2736,Mic,012_02788,273.70192070874145,0.0,0.0,54.59142015730013,0.0,107.07637951100442,0.0,0.0,0.0,217.9327461097278,0.0,167.59516871205142,0.0,0.0,0.0,243.22130931766745,89.82377995306332,368.6302538173831,0.0,78.92606429259111,102.60097040423717,0.0,0.0,0.0,0.0,0.0,284.12518137816915,23.82320524590776,20.795312096343544,160.31770268095664,135.41219081785397
2737,Mic,012_02789,0.0,0.0,67.15349030289433,24.460196817055138,53.137873610469406,172.71566695096945,65.7176018124158,868.5431538569521,169.58959732006142,341.3392728302899,0.0,30.0370336618631,16.572081391545023,19.341618974932143,27.956486304316623,326.9327531067961,201.96367958313303,256.49655452966186,0.0,135.79607774177322,496.4903122643395,0.0,0.0,1433.8078082688057,0.0,0.0,152.76593656291968,128.09052135642187,100.62936983607338,209.33852664162097,36.403619791786085
2738,Mic,012_02790,1278.4820296246337,0.0,216.07514235201265,70.83349557600098,14.2481718037255,138.93381473741897,108.50979403215759,411.71201449063307,1027.497655224202,1192.5611895454706,222.7392865083373,362.4303235233068,79.98426060051483,233.3782124248011,134.93047935306535,710.0655166650084,238.39406662974918,0.0,523.1129676542882,225.29803807157828,931.8881526798071,0.0,0.0,2412.545521351227,0.0,0.0,30.721524432763466,0.0,188.87642970150046,118.86601804444011,0.0
2739,Mic,012_02791,141.21991120136474,183.80222156542968,78.25115630600176,191.1340449873548,121.41047804582996,118.38726467061757,352.069020235974,116.9416754773864,0.0,471.43136903405593,0.0,185.2988837168456,204.46680702807666,119.31871987352507,57.48798592155249,257.70896359920687,142.19702425028,59.936774906098954,74.29186512461135,122.16865444726427,113.43910108074111,0.0,0.0,0.0,0.0,0.0,65.44550099233062,223.8877985962247,22.991999993844622,69.63497800050607,0.0
2740,Mic,012_02792,220.36513616037138,41.53832699568862,181.00448463180135,0.0,26.523519819242857,387.94595961294687,341.83795469065507,615.456678071895,0.0,0.0,207.31887436545244,0.0,74.44688871278689,130.33275555415815,31.39728461869406,1052.5558071817775,108.47948809716108,314.2531213538234,0.0,343.1462426013269,247.82080543792677,0.0,0.0,2009.1522823560624,60.449081985790286,0.0,257.35184697907243,201.39771204040485,0.0,27.65920804495626,0.0
2741,Mic,012_02793,0.0,230.231812417964,243.21016022877697,33.22036032827953,20.04684637500913,390.9532926332022,0.0,1000.5559421923525,637.072846538301,0.0,0.0,0.0,56.267997282920305,0.0,427.1491046961865,0.0,193.7952800044421,39.58614900774907,0.0,201.72033641292475,374.6128454294241,0.0,0.0,0.0,91.37651928084576,0.0,432.2447042284162,0.0,0.0,564.4408153360258,123.60298813025042
2742,Mic,012_02794,119.36444875353449,0.0,4.034736454412582,44.088749818395684,15.963229520840605,207.543105965774,0.0,582.4115431323257,312.1838450273156,128.56043369543255,166.36699794758528,13.535206526642012,29.87066522426634,0.0,25.195351854507575,108.03580277562028,110.7927431744294,52.53717306583982,65.12002992404206,61.192059723144716,149.15141068023368,300.9194589820251,0.0,0.0,0.0,0.0,34.41948570707759,92.35168453351898,30.230222214129043,205.3098621855549,0.0
2743,Mic,012_02795,0.0,19.780155712232673,0.0,0.0,227.34445559351016,369.4723424885208,0.0,0.0,0.0,326.9511814546322,0.0,96.38256955235192,0.0,0.0,0.0,349.68631467833137,91.57359384825287,149.64434350182069,0.0,136.16914388941544,0.0,0.0,0.0,0.0,0.0,0.0,0.0,41.10157388579691,35.87762636402128,197.56577174968754,350.4348454681826
2744,Mic,012_02796,353.8804833634199,0.0,5.126488671488927,5.601864682807922,6.760897208826609,461.47820032389745,166.34895121309953,586.0841618043129,264.43808049372615,175.0150441904208,317.07592550010366,0.0,56.92997372154291,22.14804996345171,64.0258353008663,280.7775409034837,241.32335320010168,40.05186840784024,0.0,223.53099463572278,315.85004614637717,0.0,2346.968911854869,0.0,0.0,614.3986520139206,393.59694243858144,161.34382533208904,64.01694115933208,246.7635227540215,166.7428545757104
2745,Mic,012_02797,658.1175012357036,48.64849107603171,0.0,28.9555843401896,128.13727480242324,56.79389048387735,167.1919357631659,81.60057944859395,231.3693614961735,231.1854131028869,273.1566250085353,0.0,49.04440303714001,19.08024574554117,0.0,349.39097150715037,171.08174796649942,103.51243017566819,142.56006550938935,66.98049780506382,108.84021860449485,517.6047064729428,0.0,324.41101538439995,0.0,0.0,75.35076600738607,0.0,11.029945942993029,115.40243897135466,107.73503695136694
2746,Mic,012_02798,501.3306847648448,11.999961132087824,0.0,19.046339921546938,0.0,112.07327722151798,292.89297481449313,734.6772169688409,488.17748766146474,505.79347771031604,269.51453667508815,58.4720921950935,32.26031844220765,0.0,0.0,843.2685478467961,358.9684878851512,397.18102837774904,140.65926463593084,446.090115381725,375.8615549141889,0.0,0.0,204.8547425147358,26.194602193842456,0.0,235.4292822364107,187.01216118037595,21.765759994172914,653.218296661717,425.1942791680615
2747,Mic,012_02799,0.0,0.0,23.13724975627746,227.5447689742333,244.11027090276608,0.0,1358.5514852548963,0.0,428.9074508008031,0.0,0.0,310.4712859916469,342.587452483621,249.90056374691088,505.6907788143644,366.08753120749213,465.1614413176739,301.2751163421611,746.8633520491902,241.248341651867,285.10358147726083,0.0,0.0,0.0,10153.305983099996,0.0,32.896499613844064,99.29849266214651,57.78520352435286,63.64065567866041,0.0
2748,Mic,012_02800,290.0260159796623,96.69390168417871,151.25259964640884,76.73628687400107,78.36494492049025,208.40072210612846,29.214175316350126,255.76049385024177,39.184232614482276,221.30001455482957,334.1089297625059,0.0,99.98032575064354,140.02692745488065,84.33154959566585,124.9189334873626,190.71525330379936,112.54244015426183,174.37098921809607,122.8898389481336,199.69031843138723,0.0,0.0,1444.3529108089583,0.0,0.0,138.2468599474356,123.64440408619896,40.473520650321525,193.15727932221515,351.4002307174062
2749,Mic,012_02801,6.3379353320460785,175.22067139774254,28.921562195346823,69.5275682976824,45.77067579426864,297.53967403942823,361.9824681106796,447.539461179346,456.87967585302925,315.9563629632375,119.2542197677381,19.40445537447793,85.64686312090525,24.99005637469109,18.06038495765587,330.8868070529255,561.5973498835332,647.7415001356463,373.4316760245951,405.7358473235945,784.0348490624674,0.0,696.8759577584905,1954.5045953424735,34.77159583253423,0.0,296.0684965245966,264.7959804323907,14.446300881088215,620.496392866939,235.17382697348532
2750,Mic,012_02802,75.38807289696915,0.0,0.0,225.54876222884528,0.0,0.0,0.0,0.0,0.0,1487.6278756185766,0.0,0.0,0.0,148.6250721231628,0.0,0.0,168.68819919415003,89.58970564911633,555.2339393523586,260.87141250393273,0.0,0.0,0.0,0.0,0.0,0.0,0.0,0.0,343.66989464483544,331.18262264355513,0.0
2751,Mic,012_02803,269.62322541974845,31.76460299670306,0.0,0.0,0.0,0.0,89.11550957844618,248.64176561395095,148.74642027772097,17.501504419042078,0.0,51.593022525082496,0.0,0.0,0.0,308.8552949938321,158.36845053756673,180.2334078352811,124.11111585523308,116.62486676646405,94.75501384391316,0.0,0.0,0.0,0.0,0.0,109.33248401071705,44.0028614542061,0.0,52.877897733004616,187.5857113976742
2752,Mic,012_02804,236.75593141196921,9.917323249659358,0.0,0.0,0.0,231.55635789569828,467.426805061602,66.53931547323363,238.00793143611457,8.196296835364059,222.7392865083373,0.0,26.66142020017161,0.0,11.244206612755447,376.94836069870814,169.52466960337722,150.0565868723491,0.0,143.37147877282254,44.375626318086056,0.0,867.7353523604344,412.6722602311309,1190.6637360837478,215.80117942637708,20.48101628850898,51.5185017025829,8.99411570007145,193.15727932221515,58.5667051195677
2753,Mic,012_02805,97.11006000287551,0.0,0.0,0.0,94.96768748839072,71.2330151831682,0.0,153.51973421684625,125.00581930119203,163.89120663594488,228.40214972465097,0.0,0.0,0.0,17.295114408602657,208.99684188719766,95.06580717297437,28.850922158190002,0.0,105.01179740624413,68.25573031129338,0.0,0.0,553.3682133607798,0.0,0.0,0.0,15.84848823562508,0.0,53.32601551040295,135.12530058307038
2754,Mic,012_02806,229.9336223357559,0.0,0.0,0.0,13.61075359145357,88.47890306961945,467.77825378721224,127.12511324623057,52.68102384835951,501.09570547152055,0.0,0.0,12.734336227187228,44.587521636948836,10.74117631692165,330.77564687138477,128.20303138755403,143.34352903858613,0.0,91.30499437637646,42.39040093017168,0.0,3149.879329068377,859.1769628496319,0.0,206.14691613624967,39.12952059330926,19.68549065056589,60.1422315628462,23.6559016173968,83.91992352001213
2755,Mic,012_02807,367.99186152309164,35.12183745976923,36.135493318543894,0.0,2.8032988426842036,191.3446196464941,353.080962069616,71.18489573035878,347.7804176005522,239.47180436786843,43.82350189838831,21.39222885186347,70.81533316582166,18.366675579447758,26.54729756377383,95.72307492048309,142.79524634223498,83.03436133332734,0.0,88.65386213548284,78.57732855348895,0.0,0.0,0.0,0.0,127.37533029556889,108.79915482042085,194.6142815535619,79.63082924697407,137.3965537842949,103.70592174830767
2756,Mic,012_02808,0.0,65.21718006569469,23.682148754160806,15.526907544739348,112.4366601033121,121.81877958860649,0.0,142.20970548831048,450.46092855843636,328.7873203359897,195.30038889499139,95.33493292678288,0.0,40.92574449768251,0.0,236.3550072581258,176.51142002634248,74.00888727535697,0.0,143.66831413260064,0.0,0.0,0.0,0.0,0.0,0.0,94.27946084982122,108.41284706108749,35.48765216441235,149.82071024351305,0.0
2757,Mic,012_02809,376.695598014401,35.06482148986701,12.732999460029314,9.275814896857273,16.79248819724791,382.06799052790217,291.8436493337425,53.914668564249574,773.111129203198,241.49803175626246,0.0,56.953336553662496,47.133582139589095,18.33685954766294,26.50420130149498,604.4010052565251,228.93398462063217,132.63930446752286,0.0,249.43711357924735,104.59969060691712,0.0,0.0,0.0,76.54266874824093,254.33710432394437,96.55336250297088,218.58564293810176,31.80062336810977,356.0674022670505,103.53756797923575
2758,Mic,012_02810,281.7783708280158,29.50810114447825,64.29121038834474,17.563223288311722,35.32845877563085,482.2825454204666,335.27884341399016,173.23401702611335,470.67472126813,731.6202666976606,0.0,17.97297915832792,178.48946679090295,0.0,50.18418443151918,619.4750390151997,233.81290560435053,153.47744656283044,172.94171881466906,213.29445407596137,264.0713500568072,0.0,0.0,0.0,32.206478107183344,0.0,91.40912597617326,122.63092536418094,26.761180320704398,302.0974977041329,174.25995047871373
2759,Mic,012_02811,804.5351821498072,760.6274575850942,847.4852728969294,1117.2852946104304,1823.579006994925,441.23337488786603,890.6872978339188,954.8981193479163,293.13325605911325,109.32698298509226,141.4774470735371,3257.4019864589486,3086.321803723015,4209.873433997829,3396.0160082319735,2284.2960217510895,2133.3522808322637,2457.250456780225,3599.54811076201,4149.978034609806,2705.8649622618773,0.0,496.0439888296656,756.1075634156094,2000.690088821038,0.0,117.08045531856312,186.52131561297338,94.26116532909528,113.2503006565138,111.59954833807389
2760,Mic,012_02812,308.8144453990525,222.9350577291545,425.7572357674634,203.13183631925054,332.1523353510687,77.1146402900353,301.1395660066759,13.849639631183377,198.1579796130954,334.3750729601388,370.89156423177263,321.86472767941376,554.9366704508196,259.0712266367058,243.400967915564,197.05946678088537,191.1283724814452,140.54898776145774,193.56779537054703,329.6792391964838,147.78304911435998,0.0,0.0,281.910196121196,0.0,0.0,221.67411895750885,51.47123702212181,14.976440362963011,90.71712730341156,48.76081183119971
2761,Mic,012_02813,437.6696454296264,87.49971658814036,22.69539255607077,64.47979660940368,77.82074391409795,233.48599421149578,385.7546363696628,0.0,589.0031138601305,361.57621976840403,655.0700544186169,15.227107342472264,50.40674756594945,98.05126285903101,14.172385418160511,93.91748764016992,175.83401874334666,508.2971494120003,146.52006732909462,146.28726777564287,167.7953370152629,0.0,0.0,146.70587029050088,0.0,0.0,154.88768568184915,259.73911275052217,102.0269999726855,199.76094699135075,332.183030600048
2762,Mic,012_02814,404.94668128535534,8.41118770940735,36.651998445691866,26.700476525533084,20.1405232272288,39.27801771782172,469.5915403487281,186.93777604987469,371.7212430421629,10.427298193588154,62.97068613903928,51.23138918962631,67.83711821959552,26.39136794710367,57.219350473320944,111.52378961119682,110.82972339578268,159.08452404983274,0.0,57.90370137353648,112.90901182335448,0.0,0.0,448.7180399709458,1432.134792840919,0.0,130.27936178847125,139.82217658345863,38.14093456922823,168.02322644132306,49.67222887477354
2763,Mic,012_02815,525.2035745155517,89.99970849065868,114.38477848259669,77.37575593128442,21.550359853134818,280.1831930537949,136.76755289469864,333.3723672889432,215.11418071413465,158.06046178447374,112.29772361462004,118.77143727128367,141.13889318465846,141.19381851700467,119.04803751254829,404.3976526623787,235.03889087718235,212.77555091665127,351.64816158982705,185.8708814090521,704.7404154641042,1421.8444436900686,0.0,808.2159763276684,0.0,0.0,271.053449943236,46.75304029509399,88.42339997632745,273.4227961944113,177.16428298669226
2764,Mic,012_02816,358.0933462606034,61.36343760726727,7.427583018350434,0.0,127.34303549579664,95.51699763197554,74.60048339710835,120.08267089310132,419.05359879376874,194.40591556379127,0.0,149.50250845336404,219.95671665141577,96.26851262523044,46.38235227761622,27.120557928177405,203.9593681165632,348.17817422724755,119.88005508744105,211.21691069210465,0.0,0.0,0.0,0.0,0.0,0.0,21.121048047524884,63.75414585694634,18.550363631397367,214.5160169395755,60.39691465455419
2765,Mic,012_02817,36.26261734284592,91.13894530699612,0.0,0.0,87.2925968734575,70.9324539376696,285.5205778054858,293.0046122816602,386.7720738233989,43.93837607312251,0.0,55.51147993205079,102.08961532344192,0.0,51.6664177269649,127.55435402507067,216.37642428279156,215.4689123206595,0.0,104.56870965347514,67.96773144922042,0.0,0.0,0.0,0.0,0.0,0.0,157.81616977246912,96.43058225266479,151.71717493013978,224.25858605910415
2766,Mic,012_02818,343.7696124101793,0.0,0.0,40.81358554617201,9.851593075718773,192.12561809403078,213.5377353327339,690.1077576223945,325.11717574987586,340.02922871281754,770.0415333573947,0.0,82.9551045656768,96.81861841166034,69.97109143594675,118.193974361276,205.12485022008644,291.80646982855035,120.56508397365499,184.10068253848968,460.23863867043536,0.0,0.0,1646.1541809219839,0.0,1342.8999108304265,276.14261675849673,106.86409210307197,18.656365709291062,164.37472209574003,60.74203988115163
2767,Mic,012_02819,28.56585098375184,66.66645073382124,7.44874422353092,77.32488429687858,9.823525858978835,383.15650332142894,486.2846325144841,520.4071142326995,216.12727732660306,652.6914326075807,153.5695365670018,24.988073587646795,68.93230436369156,0.0,34.88587179854895,339.9728059372666,113.22774851892235,164.88589700663576,120.2215937059238,169.45493461793922,91.78548349552842,0.0,538.4409109518592,0.0,201.49693995263422,0.0,211.81221973586207,170.49541760034273,46.50803417558314,291.9583071412049,60.56898563647599
2768,Mic,012_02820,443.8340066328606,152.11218336449352,32.22106436129484,40.23874631312733,0.0,651.1299556883966,483.6503712332572,0.0,330.1838818664786,314.2875793560373,0.0,108.09101550149326,85.19450292836527,0.0,172.4639577646575,605.0558275807467,297.9366222386819,95.89883984975832,0.0,331.60063349971733,170.1586516211117,0.0,0.0,0.0,27.670354430115268,0.0,183.24740277852575,171.2083165735836,91.96799997537849,158.26131363751378,149.7162954817118
2769,Mic,012_02821,252.77177383101417,42.35280399560408,3.844866503616695,100.83356429054261,40.565383252959656,197.77637156738464,115.85016245198004,395.1628060650292,278.89953802072677,310.6517034379969,237.8069441250778,0.0,0.0,16.611037472588784,0.0,350.9719261293547,64.10151569377702,140.18153942744084,0.0,72.89054172904004,47.37750692195658,1065.1031606994031,0.0,135.56563842886928,0.0,0.0,43.73299360428682,44.0028614542061,9.602541173899812,148.05811365241289,125.05714093178278
2770,Mic,012_02822,43.91710850365891,101.8864624422551,70.91239636387395,57.27378160370834,48.79326759200336,277.53995538347607,433.52733747753535,576.7852278477266,531.7801463938177,31.57700679379054,0.0,20.68588167279251,159.77987907697184,13.320171558207987,9.626525944410913,382.75806283540936,164.7892738354173,112.40972501257048,0.0,263.02483218262086,151.9655882402381,1215.4388390419533,0.0,1675.919547400919,0.0,0.0,219.1806872856356,123.49859700590864,69.30135847201281,284.0939882919445,275.7745914415493
2771,Mic,012_02823,15.682920274187012,52.554574301114556,28.626013384591456,0.0,0.0,0.0,0.0,11.019056348897724,49.98929270282289,32.57579289675716,0.0,0.0,0.0,20.612236279854695,0.0,284.5349045895401,70.18414127055877,273.3466931483987,0.0,36.179246989596514,0.0,0.0,0.0,0.0,0.0,0.0,54.26721834108584,27.30104542779211,0.0,0.0,0.0
2772,Mic,012_02824,43.66992027568334,0.0,0.0,165.49411212319745,10.512370660065766,307.5181387175798,892.9663866295521,138.07415120112697,443.29154213863484,0.0,164.3381321189562,0.0,177.03833291455416,172.18758355732274,99.5523658641519,232.83991196874263,273.60403040026773,83.03436133332734,0.0,166.22599150403033,294.6649820755836,0.0,0.0,562.101427631897,47.91695523263864,0.0,203.9984152882891,319.2890556738126,179.16936580569163,328.87472980283354,0.0
2773,Mic,012_02825,506.26990333395656,0.0,11.269436303704106,0.0,0.0,144.9223412347215,0.0,0.0,81.74641631641992,436.0288600951,0.0,0.0,0.0,0.0,0.0,274.32288479076,60.78592005444372,0.0,0.0,21.364469127477246,416.59531948617,0.0,0.0,0.0,0.0,0.0,128.18291228842685,96.73042819674619,56.29075860561959,46.496082489366124,91.63669809656497
2774,Mic,012_02826,320.6806085915852,376.118184737081,673.1385684690124,298.4874166809594,578.9648915767563,376.36548320659017,120.59412241461372,642.1478434965845,935.6778862619075,810.4241411951947,603.3907537501973,850.8998491077039,1697.277947892268,842.9481702507741,1309.7822464067144,237.47354205767283,2243.5530492821954,3683.8752099002313,2046.9072092542174,3310.536096738341,3005.289618183813,0.0,0.0,0.0,0.0,1169.1914646533562,305.1518583582699,697.8065715685669,268.0112238088455,214.66848034891422,237.98187266869112
2775,Mic,012_02827,0.0,1643.472937655506,1193.5802972097044,2629.2230109091965,1574.113241446369,1461.8253550632778,907.5144646925825,0.0,0.0,625.2349042454887,0.0,2605.8214999987317,2945.5073360276547,409.2574449768251,1952.0920436840217,2744.0239867040946,5666.9455903194175,7499.5672439028385,5809.8391914840995,7614.420649027833,3034.906965145625,0.0,0.0,222.66819838558234,0.0,3405.905570946734,377.1178433992849,1084.128470610875,1608.7735647866934,755.6174951411962,462.16769474789294
2776,Mic,012_02828,0.0,65.45433344775175,71.30479697616417,415.5565073792058,407.49771358654925,0.0,0.0,0.0,0.0,0.0,0.0,79.73467117512749,263.948059981699,0.0,148.4235272883719,723.2148780847308,361.29945209219767,1547.4585521211,3068.9294102384906,1081.4305827435758,1171.5165347974719,0.0,5727.053325578867,0.0,142.87964833004975,0.0,0.0,68.00442224740944,0.0,0.0,0.0
2777,Mic,012_02829,852.9863978342463,0.0,29.376508117520817,64.20114580296719,19.371109980345903,0.0,0.0,0.0,0.0,0.0,0.0,147.82270498759593,54.371323217203894,0.0,0.0,35.75444341093051,331.3112047094093,497.2731976479041,948.2647054107696,584.7623235340965,180.99272307264312,0.0,0.0,0.0,0.0,0.0,125.3023974055409,0.0,183.41932579359195,121.2032712082353,0.0
2778,Mic,012_02830,410.95949487289306,25.069556682634726,0.0,75.60176709806234,0.0,93.65454921018215,126.59863477717983,4.205043787740914,246.52958235444004,128.45811739324756,0.0,0.0,67.3962084447235,0.0,22.738980503789566,332.39681026178437,139.27348813689713,66.38123036954023,352.6276829313029,117.3558025609614,89.74012453183977,0.0,263.22111384972504,342.3756142307562,0.0,0.0,72.48225959484863,52.09252400567575,18.188657376746164,120.19043050175976,118.43851787411184
2779,Mic,012_02831,109.94763723140062,42.217347266407046,16.723939589292236,36.54947959358687,22.05580539340024,250.91032213772678,639.5795420917907,659.851167502756,179.72204297947803,66.61020338590642,172.3973582143421,56.1032867543541,61.90679445199762,0.0,26.108616207442818,30.532312550272216,151.71147637546372,166.95395039941934,179.94788652784328,121.53604185950812,343.4616706495786,0.0,0.0,0.0,16.75560907921692,501.0820562800099,103.03828983525999,175.44850942295398,69.61330488541442,322.00272052337135,181.31952203328848
2780,Mic,012_02832,256.8393655938121,18.620629342894894,0.0,0.0,77.28404912848347,115.9378729877772,553.7453388288277,0.0,276.121228446574,543.7536372950659,0.0,105.85464966353133,33.37274321607687,0.0,28.149289658139494,175.56664626608637,53.04953022933269,105.65406666206131,72.75479205306766,136.7326024158544,55.546042598155985,0.0,0.0,0.0,0.0,0.0,89.72803860189882,25.794780852465642,146.35597237461093,328.57231625818724,36.65467923862599
2781,Mic,012_02833,373.4841777617755,0.0,37.45715218423141,32.744423933891575,0.0,144.50709097330397,214.14959130789933,588.272372185279,404.5419596378323,323.95334827224013,308.8991824356311,0.0,55.461865516689365,0.0,23.390527223095855,296.33159761064906,214.8961987441808,185.34030796178217,302.27635666747307,92.31409582875557,369.2458992198335,0.0,1353.8163305451476,0.0,0.0,224.45796026296526,74.55911517063224,53.58514647002175,187.09822344561238,273.0257069194106,182.74825752208946
2782,Mic,012_02834,498.21682957997,0.0,0.0,0.0,0.0,243.63755917721298,161.01063083255494,0.0,0.0,0.0,0.0,0.0,140.26225409655498,0.0,0.0,0.0,0.0,345.3748072849992,305.7810100781105,35.91707853315016,233.4543819342788,0.0,0.0,0.0,0.0,0.0,0.0,54.206423530543745,0.0,0.0,0.0
2783,Mic,012_02835,148.74646690825065,20.76916349784431,35.19531645618359,27.470682579154236,0.0,258.63063974196456,423.4129211509251,29.030975380749773,445.76250948611886,349.0203862028199,103.65943718272622,33.73389934332317,18.61172217819672,0.0,31.39728461869406,428.36573548095595,216.95897619432216,117.84492050768378,162.29915150299715,228.76416173421796,185.86560407844507,160.71083193985078,0.0,251.1440352945078,0.0,301.29164666067265,300.2438214755845,43.15665258008676,37.67150768222235,262.7624764270844,245.3043918277278
2784,Mic,012_02836,358.0933462606034,0.0,61.27755990139108,35.07417507874157,107.75179926567408,187.62267391995195,108.21169020239894,0.0,16.462819952612346,116.22092778270131,240.63797917418583,9.788854720160742,75.61012134892417,12.606590939018272,0.0,340.94415681137315,74.40354500170545,37.99563409225915,0.0,105.10555793964255,71.91228729225553,0.0,0.0,0.0,17.541028254805216,174.8567592227118,99.57065508118875,41.743785977762485,21.86292856557547,100.32636846663819,142.36415597144918
2785,Mic,012_02837,82.03019385705453,0.0,0.0,0.0,0.0,148.11446328834975,315.8955067876198,0.0,88.18849807214366,0.0,356.18661234593145,38.63794638442302,0.0,24.87996802061756,17.98082379044153,210.273929310979,90.36337014100724,89.98437395594063,0.0,43.67010429581253,141.92380928163206,0.0,0.0,0.0,0.0,0.0,0.0,65.90736957898712,43.14798236730312,15.840075091825168,0.0
2786,Mic,012_02838,517.5802987968385,30.25200285400291,21.970665734952544,66.02197661880766,101.41345813239916,282.53767366769233,373.4364210906316,82.45772839238168,314.31535237256514,131.26128314281559,0.0,73.70431789297498,40.66426694395922,0.0,51.44933193819614,193.8702068143102,164.29380072774777,100.12967101960061,88.6507970394522,166.60695252352005,135.36430549130452,0.0,0.0,0.0,891.4969654206885,0.0,124.95141029796233,0.0,27.435831925428037,52.877897733004616,0.0
2787,Mic,012_02839,0.0,168.13132355397772,14.365435288238203,0.0,0.0,277.1042568663906,0.0,58.061950761499546,196.83019899387068,0.0,0.0,0.0,53.176349080562055,31.03160846527575,0.0,375.91278827920627,112.70596165938815,18.705542937727586,0.0,0.0,0.0,0.0,0.0,0.0,0.0,0.0,40.84949952048769,0.0,0.0,128.4177516372969,0.0
2788,Mic,012_02840,433.74687011847743,31.69003820093615,0.0,40.23874631312733,91.05785853437247,0.0,0.0,302.9852501005011,137.26745650628885,41.905010580804976,94.89948474474934,46.3247209292114,51.116701757019165,0.0,28.743992960776247,263.3113323731027,99.31220741289397,119.87354981219791,0.0,104.71598952622654,0.0,0.0,0.0,703.286527999533,0.0,0.0,78.53460119079675,13.169870505660278,80.47199997845618,63.30452545500552,0.0
2789,Mic,012_02842,117.06897858519727,34.61527249640718,18.854633815812637,0.0,12.432899915270085,242.46622475809173,75.26261786513004,551.5885322342456,233.01222086774396,607.9248530172068,259.14859295681555,31.625530634365468,46.5293054454918,40.72898611067441,29.434954330025672,99.44204573665048,204.93994200173898,139.12247559934892,0.0,226.38120171615316,232.33200509805627,0.0,0.0,932.5568957626945,0.0,376.6145583258408,142.9732483217069,44.95484643759037,39.24115383564828,112.36553268263478,76.65762244616492
2790,Mic,012_02843,313.7277989362809,0.0,69.41174926883238,44.24481618943425,38.1422298285572,185.96229627464265,382.09260522793954,243.808810940987,83.91667515667886,6.5824242284007815,178.88132965160716,19.40445537447793,117.76443679124473,37.48508456203663,27.09057743648381,246.40506908196585,89.34503293601662,112.97816862831041,46.67895950307439,115.14125397020926,178.18973842328802,0.0,0.0,1087.72429653842,17.385797916267116,0.0,90.46537393807118,33.09949755404884,14.446300881088215,47.730491758995306,23.517382697348534
2791,Mic,012_02844,2062.6176744610757,0.0,0.0,57.13901976464081,1068.8978487154868,672.4396633291078,2322.9442830114967,0.0,0.0,2558.7199460639517,539.0290733501763,175.41627658528049,580.6857319597376,0.0,0.0,4232.253466551845,499.99182241146065,340.44088146664205,843.955587815585,1140.008072642186,1288.668188277219,14763.968427540956,0.0,0.0,0.0,0.0,669.1148021455883,1122.0729670822557,261.1891199300749,539.3545568766469,0.0
2792,Mic,012_02845,180.60360072273912,101.7388009024837,22.73486280399437,18.632289053687217,67.46199606198725,292.36507101265556,43.911990227060436,0.0,183.2383438203809,0.0,0.0,76.2679463414263,168.31470491586597,0.0,17.746291306218378,159.1072731786408,125.41600896608546,162.8195520057853,183.4686060468663,96.97611203950542,0.0,0.0,0.0,601.2041356410723,102.50061728025307,681.1811141893468,0.0,97.57156235497874,0.0,289.2191102092165,184.86707789915715
2793,Mic,012_02846,873.2115823253217,413.9024026843126,300.5986539191235,282.6395362689451,958.81814961541,359.59340284979027,248.44323882475908,96.87341517426661,304.2540414771565,445.4928397574347,576.5016827274612,914.6035811264624,1500.881125386131,1026.8641346691247,1222.3114011983569,255.25230991225797,2252.1227706316304,3859.543682937332,3159.192039951388,3087.908404157514,2067.3821202308327,0.0,0.0,0.0,0.0,2094.5408591383652,198.78633456494006,120.00780396601665,139.67332616581547,221.1257541562011,1023.1947894418591
2794,Mic,012_02847,1114.9284726816627,574.0521946971743,374.5107805144478,301.13807713797183,866.6739313909354,817.832022967834,971.7604756193808,261.1218542355006,153.7716371789953,377.93789272471946,0.0,640.0323605138611,784.7104485942401,824.2666162073784,1014.8960109177862,705.2322378728943,568.2512742583475,625.6751335062611,684.2883144450689,1232.441159613174,261.2165246507876,0.0,1021.5824851032572,0.0,0.0,0.0,341.5901392334835,404.3506187683804,52.94374052636653,456.7507058234668,0.0
2795,Mic,012_02848,311.13028445593415,2028.6819536828796,1507.2717102156378,1518.2430798118355,3052.378838214505,252.62419045833968,269.05092372727603,164.98477812010802,228.86018557074212,249.97025778836738,331.37033197756733,1917.1177768883117,1910.4983667618872,1882.5842468933954,1946.0311518444662,1419.3585981646506,1247.8778669895114,1167.3587602203163,1124.121172295349,1547.2311986145137,968.2616168749596,551.803129702402,0.0,0.0,42.94197080957779,963.145427849691,182.81825195234651,163.5079004855746,66.902950801761,108.06739755269794,14.52166253989281
2796,Mic,012_02849,493.6428050146172,554.235492965073,701.6338308859845,536.687120670708,837.6637050258053,237.44338394389402,171.18233478345596,0.0,258.9406256953264,0.0,152.26809981643396,631.7959114300356,861.1864668894415,638.1641514892866,933.9361780645435,188.7713410594043,383.884783250868,211.57342916006002,238.4055332812387,266.0298867624851,227.51910103764462,0.0,0.0,0.0,44.397630837021104,0.0,252.02064110944946,179.6162000037509,110.67335590257412,325.0347612062656,30.027844574015642
2797,Mic,012_02850,1702.6325142956996,0.0,246.65181343956158,134.76183906754906,0.0,951.5655613147752,1905.6146702309247,0.0,576.509317585821,2020.9284348025947,0.0,0.0,639.1195163078874,0.0,154.0244151105746,390.2631228910057,350.7441424753836,256.9365143144468,0.0,46.75997016579927,303.9311764804762,0.0,0.0,0.0,148.27133317269315,0.0,350.6890996570169,0.0,0.0,271.3733619505142,200.5633392302177
2798,Mic,012_02851,399.0964011759397,75.57227430513322,9.979042833814324,0.0,19.74078765172655,64.16409001231945,0.0,483.9973300118893,378.0165070034957,306.61032550917236,102.86814376911761,0.0,0.0,21.55630817053506,0.0,66.8007635482843,85.6317957741296,25.98785354707191,80.53011334118177,0.0,0.0,0.0,0.0,0.0,0.0,0.0,28.376369895911292,28.55147498937037,37.38393892128935,75.48218989367832,40.5719732030593
2799,Mic,012_02852,55.24305066279282,0.0,3.601252372533544,0.0,0.0,92.62254315827931,278.23024110809644,278.63338354416584,310.5713251666373,331.9500218322444,0.0,24.162021568220453,13.330710100085804,0.0,0.0,276.13658981416995,203.0764271290456,150.0565868723491,0.0,109.23541239834098,133.12687895425816,2455.673318162642,0.0,0.0,21.648431565159054,0.0,102.40508144254488,133.94810442671556,26.98234710021435,212.96828232962184,29.28335255978385
2800,Mic,012_02853,303.0020622205106,69.23054499281436,16.759674502944566,9.156894193051409,0.0,0.0,492.039480236549,261.2787784267479,337.69887082281736,95.36076125760107,691.062914551508,0.0,93.0586108909836,0.0,0.0,438.56491965907395,102.7267879707965,0.0,0.0,174.75040132474984,206.51733786493892,0.0,0.0,0.0,50.374234988158555,0.0,95.31549888113793,95.90367240019278,0.0,11.524670018731772,0.0
2801,Mic,012_02854,188.47018224242285,11.842066906665615,34.40143713762306,65.78505565007987,0.0,0.0,0.0,89.38484525125587,298.06368756308666,724.239886814307,0.0,0.0,159.17920283984037,0.0,0.0,219.81925899680638,21.086024899268754,111.98713206139541,138.80848483808964,16.304463281495796,0.0,0.0,0.0,0.0,0.0,0.0,48.91190074163657,0.0,0.0,70.9677048521904,139.86653920002024
2802,Mic,012_02855,82.92688018666607,413.6828706061855,339.4275130912142,423.5304535186094,199.6243860079857,206.45077382911205,242.74856351836394,0.0,218.11792330197972,161.81215489184518,47.283252048261076,269.2793719510884,118.8538047870808,148.6250721231628,272.1098000286818,209.35167523505368,150.69479128010735,149.31617608186053,148.0623838272956,204.34927312808065,226.08213829424892,0.0,0.0,0.0,27.57326546720258,137.43127742416644,130.43173531103085,111.55111368654003,63.00614735155316,116.70244797915753,111.89323136001617
2803,Mic,012_02856,56.29415050385032,0.0,34.25121252130157,56.14095828403572,37.642549961807546,146.82088718976152,79.38674215721842,0.0,110.42310675638676,305.32100503962056,117.69193741270225,19.150248535510972,147.91849067387787,0.0,0.0,701.7395017922585,195.94349775390353,401.393179021805,184.26977899903602,140.68829451631308,281.3686000605282,0.0,0.0,0.0,0.0,1026.2335563114614,162.32770551809517,114.33057888756608,0.0,518.1572162133726,185.6743577153107
2804,Mic,012_02857,1315.9202643072579,0.0,10.62808627015997,46.45448761352911,0.0,546.6989132756975,0.0,0.0,1079.318537381024,0.0,219.11750949194158,0.0,39.341851758789815,0.0,0.0,142.2910573142316,281.4212884117039,138.3906022222122,171.53568858040347,181.33744527712398,0.0,0.0,0.0,0.0,0.0,0.0,362.6638494014029,30.408481492744055,0.0,58.46661863161485,86.42160145692307
2805,Mic,012_02858,78.12945736594985,0.0,0.0,0.0,0.0,0.0,0.0,0.0,0.0,1541.7234347319793,0.0,0.0,0.0,0.0,0.0,1186.0724000589587,186.47713656371494,495.186736678752,0.0,0.0,0.0,0.0,0.0,0.0,0.0,0.0,67.58735375207962,340.02211123704717,0.0,261.5052396977682,386.5402537891468
2806,Mic,012_02859,171.75517965440707,73.30292999239167,0.0,0.0,0.0,228.2035056546746,171.37597995855035,720.6512712162589,274.13202455028704,10.097021780216583,243.90455807700283,9.921735100977402,21.896143739054963,25.555442265521204,46.17247738043243,100.79193776022493,169.68048271882148,130.9388005640931,0.0,112.13929496775388,72.88847218762551,0.0,0.0,0.0,408.9202604921107,0.0,201.84458586593914,110.00715363551527,0.0,292.86220282894857,24.049450179188998
2807,Mic,012_02860,464.5535302840261,0.0,17.665602854455088,0.0,0.0,227.1755619355094,0.0,0.0,953.9536750919153,301.54619100376556,1092.6265000341411,118.5245112062706,130.78507476570667,152.64196596432936,110.31478379541154,473.0216229635267,450.4430832535682,46.005524522519195,0.0,100.47074670759572,0.0,0.0,0.0,0.0,0.0,0.0,301.4030640295443,404.3506187683804,132.35935131591634,121.47625154879435,0.0
2808,Mic,012_02861,809.6023480674513,0.0,0.0,207.025433929858,0.0,243.63755917721298,0.0,525.0819894953001,732.9533752815236,1207.3501599223232,0.0,0.0,140.26225409655498,0.0,59.15430435406126,184.4722007868299,148.64119581165681,394.7140654685705,0.0,0.0,0.0,0.0,0.0,0.0,0.0,0.0,215.49591051387705,0.0,94.63373910509961,156.33465416714407,0.0
2809,Mic,012_02862,158.05499421157666,0.0,9.015549042963285,0.0,11.88985371207438,0.0,0.0,0.0,21.79904435104531,0.0,185.87209425868144,0.0,33.37274321607687,0.0,0.0,318.2145463572816,145.8862081306649,93.91472592183227,291.01916821227064,153.8241777178362,222.18417039262394,0.0,0.0,0.0,0.0,0.0,102.54632983074148,180.56346596725953,90.06521376899134,99.19164264398104,366.5467923862599
2810,Mic,012_02863,1077.4490064478334,31.858303890498643,161.96074829394223,278.1102731907296,15.25689193142288,1041.388859137999,0.0,1736.72029711388,0.0,0.0,0.0,116.42673224686757,128.4702946813579,49.98011274938218,577.9323186449878,352.00724154566547,884.9412786043551,451.91267451324165,1120.2950280737853,504.42835072663104,997.862535170413,0.0,0.0,0.0,0.0,0.0,131.58599845537626,165.4974877702442,0.0,31.820327839330204,752.5562463151531
2811,Mic,012_02864,222.67989599398868,7.563000713500728,16.477999301214407,69.02297555602618,57.950547504228076,388.489301293077,157.01304068583374,91.97208166842574,316.5288407695551,359.4058943196141,396.34490687512965,27.639119209865623,81.32853388791844,0.0,8.574888656366022,384.3978238559599,168.33381222105308,207.4114613977441,443.25398519726104,203.0522233880401,135.36430549130452,0.0,0.0,484.1629943888188,33.01840612669216,329.14213500745745,109.33248401071705,212.15665343992225,82.30749577628411,253.05851057937917,89.3265292369877
2812,Mic,012_02865,144.15749271304804,19.271886186436546,27.992604094853885,30.58834034509679,3.6917104673464354,287.98272519447875,512.5572992027975,320.0245423128476,412.8748335867148,117.863450530808,173.13567666493887,56.34355778970466,103.61986651672692,0.0,52.44086081923205,286.18867124209476,107.06463006669394,138.50913806994,0.0,74.29528450326137,34.49325985752728,0.0,741.941597853365,386.5701110088027,16.827367576344187,0.0,103.47956730778786,40.04543065960941,13.982286934158186,161.6908735818642,45.52401275889309
2813,Mic,012_02866,216.52155820408578,0.0,30.40127002859712,0.0,0.0,293.21496947490164,0.0,693.3677143262794,361.41632640153614,259.4699783055657,783.4724903345585,0.0,140.6699932073008,0.0,23.730505816454805,471.77156582038833,234.79043538999716,237.51689404649443,245.335926690577,172.90314549679263,187.30642271471206,0.0,0.0,0.0,45.68825964042288,0.0,108.06117605710405,65.23680041175905,18.981767436778696,10.452607691407886,61.80149406512521
2814,Mic,012_02867,500.97788343847964,17.73393270751895,0.0,28.147300376670348,0.0,662.502131358727,805.9905201282127,237.96819228358433,160.89770830533448,762.1344781494187,0.0,43.20597945450259,166.86371608038436,0.0,60.31990641029892,86.21576379138172,802.0583737053872,1073.311153392369,2702.320847685371,1306.2846837943234,3253.411066463422,0.0,0.0,0.0,38.7112347692253,0.0,183.1184461263241,128.9739042623282,48.24922166195965,132.8459499696175,0.0
2815,Mic,012_02868,598.9017637808001,25.087026756978023,13.664682347348533,39.818132240167806,0.0,234.29953426101315,204.10660265818333,241.95851258102246,444.20933001055755,1425.4274069515977,0.0,275.0429423811018,50.582380832729754,39.357161955959484,14.221766552021696,443.50459422617644,158.57866251770616,154.2066710476079,0.0,241.78326036949866,56.126663252492115,0.0,0.0,0.0,1369.0558637896754,272.94713634764764,220.18876570799458,78.193238124199,113.75832749567724,68.90708624440322,37.037829195824166
2816,Mic,012_02869,0.0,0.0,0.0,0.0,44.974664041324836,438.54760651898334,439.11990227060437,0.0,623.010368989295,0.0,234.3604666739897,38.13397317071315,84.15735245793299,98.22178679443802,35.492582612436756,262.8728861212326,518.3861703931533,503.26043347242734,366.9372120937326,1012.8616146348344,280.1452583211346,0.0,0.0,0.0,0.0,0.0,258.5950926166525,65.0477082366525,113.56048692611952,469.00396250143217,184.86707789915715
2817,Mic,012_02870,0.0,0.0,0.0,19.568157453644112,0.0,76.76251864487531,184.4704612278338,227.47558791491602,96.22104812485755,122.27078429741725,0.0,0.0,66.28832556618009,0.0,0.0,297.87206394174757,117.08039396123655,217.6334402069858,0.0,90.53071849451547,0.0,0.0,0.0,0.0,3408.886586869908,0.0,101.84395770861313,68.314944723425,0.0,106.72160181729696,48.538159722381444
2818,Mic,012_02871,208.1649902137764,37.37012117259184,4.523372357196112,54.37103956842983,0.0,0.0,597.5981230554626,444.0031528820553,411.9692522397664,123.5400311932382,0.0,15.174418389730146,184.1852090991094,39.08479405315008,0.0,253.25033101098535,188.53386968757945,58.899806482117995,0.0,128.63036775712945,55.73824343759598,0.0,0.0,571.502201219743,0.0,271.05822882967084,180.07703248823984,284.724397644863,11.297107263411545,105.75579546600923,110.34453611627895
2819,Mic,012_02872,465.7840102949658,0.0,25.569772346790735,31.433446080792617,50.58275173351938,82.20533781529434,498.8144415523785,302.66033991079956,283.3698104312736,210.95945424419912,65.89597473718536,10.722266294943795,47.325650526465985,0.0,9.979577018166813,206.17812905789637,111.27646978626326,49.942427599018394,0.0,96.94976699412659,118.15417374179883,0.0,0.0,798.2573248969684,0.0,191.5301421314789,136.3314592798672,18.28969791495119,87.80807821610098,101.10150617899657,51.97974072959186
2820,Mic,012_02873,46.9630618046693,11.8032404577913,38.57472623300684,121.77168146562794,113.05106808201872,220.47202076364192,433.7928739479773,128.6881269336842,435.2661642552982,180.4663324520896,176.7308437213693,0.0,111.06011266989518,18.517222100590775,0.0,865.9608966444056,195.45708064004137,111.61996113660395,0.0,81.25503012417578,0.0,0.0,1032.7473210060252,730.424696671394,0.0,0.0,146.25460156187722,61.31546268209047,42.81788851312704,335.99136330020633,243.9639306701992
2821,Mic,012_02874,164.72293927987758,8.999970849065868,6.536273056148382,0.0,77.58129547128534,126.08243687420772,444.38934109785157,184.92731317537604,371.4012181309345,371.90696890464415,0.0,10.96351728658003,24.195238831655736,0.0,20.408235002151137,373.90209196980584,189.09947129664218,119.15430851332471,105.49444847694812,210.6536655969257,161.0835235346524,0.0,2598.6504464814107,979.4617376485804,0.0,0.0,83.63935026819854,149.60972894430074,32.648639991259365,188.77409490682643,0.0
2822,Mic,012_02875,322.2840116345431,15.652123215766725,12.788360327246833,31.053815089478697,29.983109360883223,127.90971856803682,329.3399267029533,170.65164658597254,237.06460731761777,375.1409425472932,0.0,19.066986585356574,68.37784887207054,6.138861674652376,13.309718479663783,148.7307118843816,198.5753475296353,255.3306610999815,137.6014545351497,191.2584431890246,262.63617967606365,211.95196676125246,0.0,267.2018380626988,8.541718106687757,340.5905570946734,230.3112543617061,85.3751170606064,28.39012173152988,269.67727843832347,57.77096184348662
2823,Mic,012_02876,0.0,0.0,21.313933878744724,62.10763017895739,37.47888670110403,456.82042345727433,164.66996335147664,73.83965477277658,171.78594733160708,1051.041433860951,146.47529167124355,23.83373323169572,315.59007171724875,0.0,88.7314565310919,216.17836029706626,107.99711883190692,148.01777455071394,0.0,53.87561779972524,87.54539322535456,0.0,0.0,0.0,0.0,0.0,121.21644966405586,40.65481764790781,17.743826082206176,39.08366354178602,0.0
2824,Mic,012_02877,523.367198380882,123.6259732014542,25.139511754416855,86.33643096305616,9.47268564972959,138.5521284331953,163.7048646651676,273.7206250184978,474.7081269852176,420.94964612283894,74.04245513051872,108.4303907463959,79.7645236208431,31.03160846527575,67.27989561148726,813.0206816271206,373.3384979967232,402.1691731611431,405.7478787574928,653.6118906691942,442.5371525677263,0.0,0.0,390.4340044494449,64.76687355620388,215.20831904333758,122.54849856146306,113.0293281859415,107.63287909206385,261.774647568336,29.202903789015213
2825,Mic,012_02878,109.22237140846292,70.58800665934012,2.8480492619382924,3.112147046004401,3.7560540049036715,219.75152396376075,451.07850527361643,342.0468733313611,300.7064977836643,547.7322679292798,58.71776398150068,57.325580583425,21.085175452423297,0.0,17.784954250240638,398.63478029506956,268.1370591112241,155.7572660304898,275.80247967829575,361.753058951532,105.28334871545907,0.0,0.0,0.0,1403.8937123497262,0.0,170.07275290555984,40.74339023537602,14.225986924296018,321.1842677115836,162.111108615274
2826,Mic,012_02879,27.678712754442778,0.0,0.0,62.10763017895739,0.0,324.85007890295066,434.2407922453754,685.523708507753,335.9369636706983,344.9571885492351,0.0,84.74216260158478,23.37704234942583,109.13531866048669,0.0,453.49416026762356,105.2875136999236,164.4641939452377,203.85400671874035,239.44719022100108,233.4543819342788,0.0,0.0,18.55568319879853,0.0,0.0,143.6639403425847,36.13761568702917,0.0,225.81672268587477,51.351966083099214
2827,Mic,012_02880,102.80191758677611,86.12412295756809,18.764420256885305,0.0,0.0,0.0,1096.9593348109213,0.0,161.3198816409095,0.0,0.0,0.0,0.0,0.0,0.0,144.6429756169462,168.68819919415003,244.33556086122638,0.0,142.29349772941785,77.07345623667578,0.0,0.0,0.0,0.0,0.0,195.6476029665463,161.06310532281182,31.24271769498504,86.02146042689745,50.86055970909827
2828,Mic,012_02881,16.401221966134507,27.480827020048444,0.0,0.0,0.0,64.16409001231945,30.838954968622595,0.0,301.6089151623636,17.033906972731796,0.0,33.47638866131307,0.0,0.0,62.31522138061415,206.47508733106056,110.09802313816662,25.98785354707191,80.53011334118177,47.29538967151453,61.48226089108869,0.0,0.0,0.0,0.0,0.0,70.94092473977824,256.96327490433333,37.38393892128935,288.20472504859,40.5719732030593
2829,Mic,012_02882,732.1019523550116,47.999844528351296,52.29018444918706,177.76583926777138,53.63645119002443,373.57759073839327,143.6409991427399,1207.6885758391904,1067.6687499934194,747.1197775328852,0.0,233.888368780374,215.06878961471764,0.0,90.70326667622727,876.8578610733981,205.12485022008644,151.30705842961868,0.0,330.43712250498146,0.0,0.0,0.0,0.0,0.0,0.0,313.9057096485476,16.623303216033413,0.0,111.8661303151564,519.6818967609642
2830,Mic,012_02883,101.62108474963071,0.0,26.49840428168263,0.0,0.0,113.5877809677547,95.53824900752338,413.1029334585068,0.0,65.33500805081587,0.0,0.0,0.0,0.0,13.789347974426443,188.13360004231174,67.13334413875293,69.0082867837788,0.0,0.0,0.0,0.0,0.0,233.57593107676797,0.0,0.0,0.0,12.635956836511888,0.0,18.221437732319156,35.911678983788974
2831,Mic,012_02884,5.695321610506615,53.67775854313638,2.598915728090808,5.679823038234672,37.702418828546,167.10727219908247,174.68765893508535,294.1189871576557,435.6919666186393,449.54162444139894,107.16283764417024,8.718502812389687,115.44447951485839,11.22813666139202,121.71909544026522,262.54281657708117,155.4748491976301,175.97341785552075,0.0,78.83191789383255,160.12278681376978,0.0,0.0,687.2611888541086,31.24604635448404,0.0,177.36641541301216,133.84568195812196,77.88939958153328,235.90060141722134,190.19624813680684
2832,Mic,012_02885,231.54908104069094,37.217924563806214,9.828982039320875,77.86802505519658,12.962622468051018,94.7988247174494,261.9861973321237,221.3339025269193,376.2930274882822,411.05507089460673,50.66062719456544,0.0,72.76763558392703,0.0,15.344537595602358,469.545900170049,160.2537892344425,19.197794067667783,39.65956709659704,116.46045201068425,30.278857807265485,0.0,0.0,0.0,14.771392214572813,147.24779724017836,146.73570222490972,105.45798562803152,24.547849617488243,239.93843069073895,139.86653920002024
2833,Mic,012_02886,117.89081358373774,0.0,0.0,5.878499975786091,0.0,276.72414128769867,162.09487750482802,354.10621822445404,104.06128167577187,661.1679447193674,0.0,72.18776814209073,79.65510726471024,0.0,0.0,405.95271345990653,234.77509863152895,84.05947690534371,0.0,316.1589752362477,132.57903171576328,0.0,0.0,15.806693095272822,0.0,0.0,122.38039362516476,0.0,67.17827158695341,310.7392508754345,262.4656044247293
2834,Mic,012_02887,467.34216376383836,0.0,0.0,0.0,7.305206729876209,71.2330151831682,158.34365967469674,0.0,370.552964357105,283.65785763913533,0.0,37.164465378237395,143.5310778149069,0.0,0.0,215.7386754964621,92.34964125374654,43.276383237285,0.0,126.01415688749294,0.0,0.0,0.0,0.0,998.9466938329748,0.0,267.77193117879006,79.2424411781254,27.66833897564353,167.5960487469807,0.0
2835,Mic,012_02888,168.5145158873428,0.0,23.660716945333508,64.63690018624526,0.0,76.06783521822486,0.0,102.46226604970508,162.09545799495234,0.0,0.0,0.0,131.37686243432978,0.0,73.87596380869189,266.378692652023,159.5286589664134,246.4730363559399,0.0,112.13929496775388,291.55388875050204,0.0,0.0,729.9688223092961,71.11656704210621,0.0,285.9464966434138,0.0,0.0,89.48567308662318,240.49450179188997
2836,Mic,012_02889,152.15687972978023,0.0,4.788478429412734,31.395065804747695,50.52099013189115,307.89361874043396,247.86951260036676,0.0,609.7876753143445,0.0,0.0,32.12752318411731,35.450899387041375,0.0,29.90217582732767,291.40526223194286,281.76490414847035,187.05542937727583,0.0,136.16914388941544,177.01486102709052,0.0,2422.984099283367,0.0,0.0,1434.7221269555837,272.3299968032512,178.1068201717866,11.959208788007095,72.44078297488544,38.93720505202028
2837,Mic,012_02890,312.86050252242194,0.0,3.440143713762306,7.518292074294842,45.36917863817857,309.67616074366805,183.39033813248662,262.19554607035053,127.54353142234407,121.35911616888389,70.9248780723916,57.702722560947535,89.14035359031061,29.72501442463256,32.22352895076495,108.86287112222792,165.31443521026702,313.5639697719071,0.0,110.87035031417142,84.78080186034336,366.53347635404566,0.0,101.079642688192,20.679949100401938,206.14691613624967,195.6476029665463,9.842745325282944,0.0,56.774163881752315,0.0
2838,Mic,012_02891,134.49515352510926,0.0,79.78549270415866,53.65166175083643,0.0,0.0,502.6170524580908,0.0,281.95477552643115,684.4485061531478,126.53264632633245,61.766294572281865,113.59267057115369,26.515271083005565,38.325323947701655,500.4782771346917,159.5014240267691,63.93255989983887,0.0,232.70219894717005,75.62606738716073,0.0,0.0,0.0,0.0,0.0,69.80853439181932,52.67948202264111,0.0,227.89629163801982,0.0
2839,Mic,012_02892,94.59069523864996,5.660359024569727,49.33036268791232,0.0,54.21474176889263,0.0,276.31412718348406,569.6644225656559,192.16977252860698,360.21178120324026,0.0,0.0,30.43426268132797,0.0,0.0,250.16866851987544,72.56775361559662,128.4682571572234,0.0,116.89992541449816,0.0,0.0,0.0,0.0,0.0,1970.7126574031415,81.82745658663728,35.28531343025961,41.0674716871187,113.07223414604759,66.85444641007257
2840,Mic,012_02893,383.3111875465614,0.0,202.53240455671045,140.83561209594563,24.282095609165992,118.38726467061757,277.38771291319165,956.7955266331613,1031.3608894256297,984.7677486489168,569.3969084684961,61.766294572281865,204.46680702807666,0.0,143.71996480388123,89.63790038233284,230.22375354807235,167.82296973707705,0.0,244.33730889452855,340.3173032422234,0.0,0.0,0.0,0.0,0.0,235.6038035723902,263.3974101132056,229.91999993844624,189.91357636501655,0.0
2841,Mic,012_02894,26.7733342998582,0.0,0.0,0.0,0.0,314.22414174257375,0.0,409.1468305997257,0.0,166.83677109741046,0.0,0.0,0.0,0.0,0.0,327.1364495261773,131.7975089030929,0.0,0.0,23.161480549414588,0.0,0.0,0.0,0.0,0.0,0.0,208.446978861554,139.82217658345863,0.0,0.0,0.0
2842,Mic,012_02895,0.0,0.0,0.0,7.251144640182843,0.0,85.33498265597815,0.0,7.662998577659837,80.22490941374544,158.57962125883304,0.0,0.0,0.0,0.0,0.0,177.6832492350303,81.34710113423479,17.28126301861127,0.0,50.320373985530175,0.0,0.0,0.0,0.0,0.0,0.0,56.60869730504131,0.0,16.572913701146884,91.26134634122623,161.87599460713
2843,Mic,012_02896,183.8340173316467,0.0,0.0,22.9167191569415,92.19405284763558,0.0,5.400939974451283,476.2942912734775,191.56735944858002,238.6568784414829,0.0,0.0,25.877260782519503,0.0,0.0,221.21866859062354,164.53864990916026,145.64315784669176,0.0,0.0,0.0,0.0,0.0,0.0,0.0,0.0,119.27180073896405,80.00520264401109,0.0,86.5274690176439,0.0
2844,Mic,012_02897,0.0,0.0,0.0,0.0,0.0,184.7361712442604,0.0,0.0,312.6126689902652,539.4694494001432,0.0,0.0,0.0,62.0632169305515,0.0,262.2647360087485,281.76490414847035,224.46651525273103,0.0,108.93531511153236,354.02972205418104,0.0,0.0,0.0,0.0,0.0,122.54849856146306,164.40629554318764,35.87762636402128,493.9144293742188,0.0
2845,Mic,012_02898,0.0,42.51954731842142,0.0,0.0,0.0,0.0,0.0,356.6009574328319,0.0,0.0,0.0,0.0,0.0,0.0,96.41685827787938,112.753185717147,95.89990536864276,0.0,0.0,97.57001648769138,0.0,0.0,0.0,0.0,0.0,0.0,0.0,294.5073404415369,25.70759054429871,99.09401307444959,0.0
2846,Mic,012_02899,0.0,0.0,0.0,0.0,0.0,75.04906956798078,130.75579232789872,559.3646863540893,70.55494265405292,0.0,0.0,0.0,21.602891813978335,0.0,0.0,71.03003266903606,37.20177250085273,15.198253636903662,0.0,99.57368646913504,0.0,0.0,421.8588387145148,0.0,0.0,349.7135184454236,16.595109180198122,0.0,14.575285710383644,104.33942320530372,189.81887462859888
2847,Mic,012_02900,438.13774130709123,0.0,76.89733007233392,33.61118809684753,101.41345813239916,197.77637156738464,0.0,0.0,285.0973055322985,0.0,317.07592550010366,0.0,0.0,0.0,144.0581294269492,93.5925136344946,339.36096543764296,560.7261577097634,248.22223171046616,408.18703368262413,379.02005537565265,0.0,0.0,0.0,0.0,5529.587868125286,174.93197441714727,0.0,0.0,105.75579546600923,375.1714227953484
2848,Mic,012_02901,0.0,0.0,184.12036777882767,0.0,12.141047804582996,236.77452934123514,7.112505459312606,605.9705002010022,103.87807519394832,0.0,0.0,0.0,68.15560234269222,0.0,114.97597184310499,11.204737547791606,216.68117980995046,215.7723896619562,445.75119074766815,157.07398428933976,0.0,294.25926974902256,0.0,0.0,0.0,0.0,0.0,52.67948202264111,137.95199996306775,88.62633563700771,149.7162954817118
2849,Mic,012_02902,325.43143242257156,74.62662395577004,47.69419808798156,0.0,74.33623299257118,250.91032213772678,147.3928162845279,425.5950619665472,117.06894188524335,399.66122031543847,89.39122277780702,7.2726482829718275,72.22459352733054,84.29481702507739,20.306701494677746,300.7998199397189,283.8325819276693,350.0387172625506,384.88853507344254,419.2112748197526,373.99159692954123,0.0,261.1840239691855,541.4382187112108,26.064280789892987,0.0,197.26988823160886,124.05450161218968,108.28736315508911,187.83492030529996,70.51314745738996
2850,Mic,012_02903,0.0,68.57120646907326,0.0,0.0,0.0,0.0,567.5101975059143,0.0,391.34474858781346,1076.7592242572555,0.0,0.0,0.0,0.0,38.87282857552597,106.07151545242718,103.78340636135326,129.69176436824458,0.0,47.20530321499735,0.0,0.0,0.0,0.0,149.68344110767114,0.0,247.8202970909586,0.0,31.09394284881844,102.73420130983753,101.23673313525273
2851,Mic,012_02904,484.08915327822314,0.0,0.0,6.613312472759352,7.981614760420302,155.6573294743305,121.57115812862102,223.64603256281305,336.5732079200746,55.09732872661395,0.0,0.0,67.20899675459927,0.0,0.0,257.8127111690939,172.12444028884568,47.28345575925584,0.0,34.4205335942689,74.57570534011684,0.0,0.0,0.0,0.0,0.0,34.41948570707759,17.31594085003481,90.69066664238713,141.49733745220678,295.2738049778205
2852,Mic,012_02905,0.0,17.30763624820359,213.68584991254326,41.20602386873134,16.577199887026783,323.2882996774557,0.0,0.0,0.0,1144.3291350912127,777.4457788704465,42.16737417915397,232.646527227459,0.0,274.72624041357295,642.548603221434,351.32561486012395,163.67350070511637,0.0,214.46640162582935,464.66401019611254,0.0,0.0,0.0,10125.221232619871,0.0,428.9197449651206,431.5665258008675,0.0,449.4621307305391,0.0
2853,Mic,012_02906,484.18255269039344,316.90038200936146,313.00462522400704,331.96965708330043,157.83362145957895,355.16179401185275,725.4755568498857,1382.0379829145666,89.03835016624143,0.0,189.7989694894987,185.2988837168456,647.478222255576,198.8645331225418,402.41590145086747,112.04737547791605,573.3022882471605,263.7218095868354,148.5837302492227,593.3906073152837,113.43910108074111,0.0,0.0,0.0,0.0,2758.303807456862,261.7820039693225,184.37818707924387,275.9039999261355,468.45348836704085,748.581477408559
2854,Mic,012_02907,1156.4115402177283,1040.3636027360542,1099.3731440004924,786.3167857519377,838.2892273146022,411.2780815468549,466.3802509436724,461.6546543727792,373.76139244096044,0.0,0.0,1046.0603649580946,754.7138718131147,1519.8845296020072,1085.9427799309778,861.2228548201657,544.9608979470951,395.6193729581773,903.316378395886,515.3606497784116,1182.2643929148799,0.0,0.0,0.0,24.03174513196555,479.1182148732408,1045.8471253379905,1315.376057232002,2116.670237965439,731.2350261426509,2112.968512685321
2855,Mic,012_02908,881.4605446414855,2142.3706832321823,1877.6929870389897,2055.805990832706,1453.9711319094035,329.16626876250035,676.6131417224124,145.68271281976246,256.40554264656095,203.8986458889797,75.38868158743723,1668.2946584334368,1732.582137315767,1382.317104362283,1375.7719260191395,756.5940263040261,1005.9007078100392,1323.672238429741,1121.3395922025254,1428.0429490075421,292.87913369936797,311.6816134591045,440.54256350606676,424.39312916077256,1560.6853894513124,876.4847902855929,3649.7171026122996,2887.572390813077,4625.6045190413615,2366.119524573076,2720.6487093620717
2856,Mic,012_02909,128.41968279690605,682.7564092394796,270.4664712888986,394.0622052733848,499.37385590712404,231.8757459755544,390.05960974106097,0.0,421.44819078687607,297.5255751237153,185.87209425868144,362.93022741782164,300.3546889446919,467.4002268149119,309.64218623953445,351.13329253217273,221.03970928888623,281.74417776549683,0.0,256.37362952972705,111.09208519631197,0.0,0.0,0.0,108.39145735383083,0.0,2486.7484983954814,1676.660755410267,1801.3042753798268,1140.7038904057822,1832.7339619312995
2857,Mic,012_02910,954.9155900282759,1823.0710181441111,1592.1690777797342,1208.7100334827862,6741.394620724225,1293.1531987098228,0.0,0.0,486.2863739848569,1087.1126783366522,1727.65728637877,2192.703457316006,1985.2503656743165,2027.398419731349,2407.125154099878,693.5445241120239,1265.5940278002126,2400.544677008373,1893.4901008682998,1652.1856125249076,1032.5866893246948,0.0,2019.1534160694723,0.0,0.0,0.0,21207.69850105319,21242.663436642702,20175.185225367968,8136.417033224631,32843.53246137911
2858,Mic,012_02911,103.36715149790615,23.195801157386253,6.738425831080805,0.0,39.990358490353266,86.65459578983348,148.37272986514492,147.84847255763285,276.9827027078696,103.52049649923084,0.0,33.907785422412466,37.41531778091093,29.11212752927931,10.51970876399543,4.100702916975278,92.51765151679156,61.41974665635295,54.37858168914851,95.80973268507839,207.5818602250675,0.0,0.0,475.1785264517067,0.0,201.89646425715173,28.742044765703966,67.47861485889854,16.829195871783178,120.47438555663936,54.79307721237905
2859,Mic,012_02912,215.3241036338269,0.0,4.272073892907439,14.004661707019803,22.536324029422033,219.75152396376075,264.0459543065072,74.00052548034255,117.06894188524335,252.79950827505223,88.07664597225103,42.994185437568746,15.813881589317475,55.37012490862927,0.0,83.19334545288407,79.60318942364465,100.12967101960061,0.0,113.38528713406227,0.0,0.0,0.0,0.0,0.0,0.0,72.88832267381136,73.33810242367683,0.0,129.25708334734458,0.0
2860,Mic,012_02913,56.61554881590568,0.0,51.67014273635085,0.0,6.814343036564369,66.44660704833082,802.3918214217406,310.27572106540464,370.6411954548613,64.67947285298159,0.0,17.333624168505978,0.0,156.26193353660594,16.132992096562162,6.288825026823747,134.28380757984908,13.456161322792175,166.78964186078755,107.75123559945048,63.66937689116695,0.0,0.0,0.0,0.0,0.0,58.77161195833011,59.13428021513864,0.0,0.0,0.0
2861,Mic,012_02914,214.67094659550386,4.651147725615435,3.377918892066347,0.0,0.0,86.87850947404493,206.17076548467392,124.82569259319797,193.29988078726225,442.0599630391119,0.0,33.99540243900785,25.00799879240903,29.187352665013883,21.09378294795983,189.11975623300972,115.94589401975169,158.34459603099629,0.0,83.24966264660387,0.0,0.0,81.39223072528105,9.925132873775958,0.0,0.0,67.23806510219808,57.988267032674706,84.36341083012756,153.30491280731567,0.0
2862,Mic,012_02915,0.0,0.0,0.0,0.0,0.0,323.2882996774557,0.0,619.3274747893283,614.6119448975276,190.72152251520214,172.765728637877,0.0,31.019536963661196,0.0,0.0,336.573077877894,131.4902886026195,65.46940028204655,0.0,111.20480084302261,0.0,0.0,0.0,0.0,0.0,0.0,71.48662416085345,119.87959050024098,20.92861537901241,265.0674104308308,136.28021768207097
2863,Mic,012_02916,158.82579628807053,0.0,0.0,0.0,0.0,0.0,6.221616685148192,58.89651678887222,110.3380786967694,106.91370769332687,0.0,0.0,9.936443052014676,0.0,0.0,101.27978374821076,31.59006933574226,34.95286257357721,0.0,86.51074562502082,66.15339775550406,0.0,711.4717170380317,457.4528387777724,0.0,0.0,83.9637556879018,0.0,6.704032852414653,22.150084471320202,21.827221723206442
2864,Mic,012_02917,520.8630491063323,18.181759291042155,0.0,0.0,3.482886440910678,101.88479747410726,471.32202843711536,39.64634213613504,221.3667264739147,132.23358894387349,0.0,0.0,29.327562220188774,0.0,24.737254548061983,122.14295718764342,176.11729564350856,89.40871634477467,42.62401958664571,135.17882284294697,32.542125966596444,956.6893968675292,0.0,0.0,15.87551648111664,0.0,165.21353139397243,120.89675066206122,13.191369693438128,225.18506751752264,150.3212098068904
2865,Mic,012_02918,371.2414820844269,19.438381963425197,8.470332254187966,30.852602464708855,0.0,254.1618597896196,235.58830177973678,0.0,54.61531630067507,0.0,0.0,0.0,52.2575352735545,12.1981700662639,17.63130453749558,199.31364674646147,127.37234219929773,80.88228285384585,45.569956145549945,117.75836979119211,69.58251556572456,0.0,0.0,340.13408921858127,475.2368432576169,0.0,80.28735326920905,72.70451190597768,63.46387903268559,151.4386444794041,160.7105806790729
2866,Mic,012_02919,0.0,613.1848270792128,215.48152932357303,125.58026321899078,208.39908429405097,184.7361712442604,210.87406295852097,0.0,0.0,964.5059852911651,0.0,0.0,106.35269816112411,310.31608465275747,44.85326374099151,139.87452587133257,260.63253633733507,187.05542937727583,0.0,163.40297266729854,0.0,0.0,0.0,0.0,0.0,0.0,204.24749760243841,123.30472165739073,143.51050545608513,0.0,116.81161515606085
2867,Mic,012_02920,47.073303733788244,38.02804584112338,46.03009194470692,43.591975172554605,0.0,157.84968622749008,365.1086135780471,0.0,351.2068256557301,506.35221118472674,63.26632316316623,0.0,68.15560234269222,79.5458132490167,38.325323947701655,362.28651404526187,108.34058990497523,247.73866961187568,148.5837302492227,226.8846439734908,113.43910108074111,0.0,1552.7574157379322,0.0,18.446902953410177,735.5476819884964,322.8644715621644,35.119654681760736,84.30399997743028,295.42111879002573,99.81086365447452
2868,Mic,012_02921,201.941165760078,0.0,12.858242077668947,4.68352621021646,0.0,0.0,13.245583937342822,222.72945046214576,265.9959892671267,131.6916480055789,88.36542186068465,0.0,15.865730381413599,0.0,0.0,73.03284670494986,88.27093964388965,33.48598834098119,0.0,56.87852108692304,105.62854002272287,0.0,826.1978568048202,0.0,0.0,0.0,48.75153385395908,36.789277609254285,21.40894425656352,0.0,174.25995047871373
2869,Mic,012_02922,416.08789848275774,0.0,0.0,0.0,26.591703674819314,172.8636666655804,171.35835774981425,7.761494703336698,560.6669376149315,263.87229670355214,138.56788517999388,0.0,87.07798037099752,0.0,31.477997432623862,155.4261280408316,169.72894900922964,183.7855658303209,0.0,89.19253949363254,0.0,0.0,161.9475233454178,0.0,0.0,0.0,47.7802629352748,115.38025368455071,16.785933157459827,157.1384313093916,54.65222097275854
2870,Mic,012_02923,349.6752386631571,61.84428431546165,4.72786477840751,0.0,43.64629843672875,91.19886934843235,100.44967023007494,420.3979219693384,442.0252272267416,621.414175891304,48.73680590869587,15.860422837728798,8.750538456295022,20.42586886321948,14.761833636275686,158.24412341456133,149.53156463828634,49.25003710186503,38.15350758659969,76.18577417610332,174.77416658370964,0.0,0.0,0.0,0.0,0.0,40.33241724807645,114.98035226279895,29.51956599571371,165.80519831650994,0.0
2871,Mic,012_02924,172.7765561724312,24.51353927761131,25.432969090071524,8.33740560768105,3.354141611382851,196.23725583534275,153.2648063567051,70.48766006843523,141.4393247290586,558.5840077711775,157.30420428507088,34.127680269509824,122.3883676309434,10.987845798988689,0.0,179.5373899681161,148.40623283189618,139.0906325058265,164.1936941275457,106.07417356677422,156.69603456678246,0.0,0.0,0.0,0.0,0.0,28.92843934913914,21.830213367359057,38.11125290808486,97.93727362221865,103.40327800779706
2872,Mic,012_02925,71.6186692521207,0.0,0.0,21.97654606332339,6.630879954810714,64.65765993549114,205.8796772568718,650.2938485287948,0.0,17.164937026368193,0.0,0.0,18.61172217819672,0.0,0.0,6.1195105068708004,71.49784442767437,65.46940028204655,0.0,171.57312130066344,61.95520135948169,2892.794974917314,0.0,0.0,0.0,0.0,0.0,14.38555086002892,12.55716922740745,34.57401005619532,40.8840653046213
2873,Mic,012_02928,18793.429112182992,61026.308359689996,95256.33600863956,50340.853256498296,43204.57686218836,8709.308892515553,292.0411880161128,745.7113194187772,1117.0915900375028,0.0,19807.694864072742,110691.89742354296,70020.43816100851,197331.11985509083,199902.3500813117,1265.190365034975,51775.489302539885,18170.519336111134,93801.08792287677,17377.807707641496,50848.05200732401,0.0,0.0,0.0,284.0378551139543,11325.661898569862,5553.5632842070245,27488.534534946823,16245.648573963997,2447.673290243418,98102.0535670889
2874,Mic,012_02930,149.27172748779034,3.991117893155595,5.797137965541802,69.68173142029367,19.11340120011957,111.82477771548356,629.2753721452142,107.1120688105712,224.27398179345954,98.95529106110264,119.51864154105904,0.0,32.18878780264621,0.0,9.050215078559262,81.14118144365273,98.07105505256351,188.7144575757439,0.0,65.94088919168145,214.301805145879,0.0,0.0,0.0,0.0,1042.161793327382,57.69652149567773,74.6390000276445,0.0,163.44077481110514,70.7085830102098
2875,Mic,012_02931,113.45531762712189,4.4554311133989435,0.0,0.0,0.0,41.61136530501905,329.9920849736522,399.8226411348805,46.94348659754807,88.37393320506396,0.0,0.0,35.9335230173105,13.979585991782638,10.103086634728285,27.568091887388256,72.98687430479559,84.26754491748567,52.224974493538674,79.74658278276162,0.0,0.0,0.0,0.0,0.0,0.0,46.00624327183638,27.774083343620187,0.0,155.75420371850367,0.0
2876,Mic,012_02932,41.261784754308216,66.66645073382124,43.03718884706753,82.29899966100527,92.23199278707905,138.36207064384934,0.0,1062.318654673362,602.6882563721787,391.80322650036584,0.0,18.046942035522683,139.39643771324293,46.483561651688774,117.57830865436868,163.69061026609134,97.60313089175924,84.05947690534371,0.0,112.18544282576532,66.28951585788164,0.0,0.0,0.0,0.0,0.0,137.67794282831036,0.0,13.435654317390686,96.18119669953924,87.4885348082431
2877,Mic,012_02935,49.25066080375061,67.04849343143626,26.22000652896199,24.558317950418683,49.399105680538256,240.84515162217326,648.2366007158033,194.6489466789526,271.70728632391723,409.2042293965139,386.12397804453883,0.0,55.461865516689365,0.0,23.390527223095855,186.91685387748635,157.95788967520983,29.264259151860344,0.0,99.41518012327522,46.15573740247919,0.0,0.0,0.0,0.0,448.9159205259305,191.7234390101972,160.75543941006526,0.0,108.1799970812759,152.2902146017412
2878,Mic,012_02936,153.66457770569954,0.0,55.09502192922008,229.8696197428078,13.210948568971537,193.229788312962,564.9672918868541,983.2713500606435,504.6075081260489,51.297512952364706,0.0,84.01162671708836,111.24247738692291,64.91669816873777,15.638494254521945,292.6110771101439,157.1837932720969,156.52454320305378,242.51597351022556,161.42043340760588,246.87130043624887,0.0,0.0,0.0,0.0,0.0,56.97018323930084,71.6521690346268,50.03622987166187,227.31418105912323,162.9096855050044
2879,Mic,012_02937,141.6916118297352,6.474799171989832,21.160596224940807,0.0,3.100771201889902,60.471192745423366,176.20080970606443,29.866399132713788,185.71008406975653,160.53538226099747,96.94767506298135,47.32453504998574,8.703323320739473,10.157828670288104,14.68218345478499,40.06298245505344,69.17429751127014,55.10733692805357,0.0,49.03068814147657,28.97185675083676,0.0,0.0,145.07473896614604,0.0,0.0,93.6011913473045,60.54350541810732,0.0,161.67702544263997,0.0
2880,Mic,012_02938,90.65654335711478,35.80458565631991,7.091797167611265,23.248244931363796,3.117592745480625,121.59849246457647,0.0,101.0046955380878,316.27667120534096,231.34900054827773,194.94722363478348,31.720845675457596,26.251615368885066,10.21293443160974,14.761833636275686,161.1212892948261,100.84686917465822,36.93752782639878,76.30701517319937,116.51941932815804,116.51611105580643,0.0,1708.7952960587943,0.0,0.0,0.0,80.6648344961529,94.68970186348149,64.94304519057017,136.5454574371258,19.222164519351786
2881,Mic,012_02939,317.3771931872404,0.0,110.52590007481228,37.48186427709674,90.47381396068262,343.0814608821978,662.5205522595853,607.3652458666483,116.72763301677324,117.10190274548563,0.0,115.06898609821607,98.75607686390094,49.39725429166344,23.799690964607738,352.5408968389708,147.63905946963217,327.5378742973524,61.51279794574235,173.40723629999027,140.88937918482713,0.0,0.0,0.0,2382.716001305786,1141.9216928830156,173.40195714819262,119.94949113610117,142.7783089996765,141.52160384518436,92.97251002217088
2882,Mic,012_02940,367.19741438587295,68.64384545897695,5.5392144543630355,0.0,7.305206729876209,213.6990455495046,205.41880174014713,697.2354595681767,582.6164078144843,255.29207187522184,0.0,27.873349033678046,82.01775875137537,71.79346704254475,43.23778602150664,222.48050910572653,138.5244618806198,57.701844316380004,44.70103749023225,152.26710623905396,68.25573031129338,1121.3439403712753,0.0,447.5772313947484,0.0,331.9314751346393,157.51290069340592,79.2424411781254,89.92210167084147,209.49506093372588,0.0
2883,Mic,012_02941,114.5898708033931,0.0,23.240081977416466,6.348779973848978,0.0,149.43103629535727,412.96787253537724,6.709380976884391,154.53100328852122,0.0,0.0,77.96278959345798,0.0,0.0,36.281306670490906,183.8572934508738,162.3905064242351,60.522823371847466,93.77284309062054,143.18941975215864,143.18535425302431,0.0,0.0,0.0,0.0,0.0,49.56405941819173,166.23303216033418,0.0,199.76094699135075,141.73142638935386
2884,Mic,012_02942,147.63497608989792,27.63148944888643,34.40143713762306,0.0,68.05376795726784,110.59862883702432,274.64253536749203,46.34769753768823,415.9028198554698,404.530387229613,59.10406506032634,0.0,42.44778742395743,0.0,35.8039210564055,108.16503220477773,139.16776433517376,97.05551445320935,0.0,92.39195859514284,0.0,0.0,759.8393118366698,0.0,0.0,0.0,97.82380148327314,114.83202879496767,7.159789471767404,51.254453504359724,0.0
2885,Mic,012_02943,102.3123846458867,89.99970849065868,9.337532937354831,122.44075663851602,110.83042210183619,360.2355339263078,815.1947328580719,927.3322993050925,797.7412182751582,0.0,0.0,125.2973404180575,207.38776141419203,0.0,29.15462143164448,363.6737672654647,306.7715393916471,48.63441163809172,150.70635496706876,88.50994352812003,345.17897900282657,0.0,0.0,0.0,0.0,2797.7081475633886,212.41739750653596,267.1602302576799,116.60228568306916,243.9937281108641,0.0
2886,Mic,012_02944,586.2737575987553,167.44131812215562,91.20381008579137,0.0,360.84323475016436,547.3346096864831,526.1269154646868,1144.4955689638841,1318.2507362984843,339.0407716526059,125.35559845352937,101.98620731702353,22.50719891316813,0.0,94.92202326581922,362.6165760815535,327.96124308444047,269.1858132526937,0.0,253.5912800619625,374.6128454294241,0.0,0.0,1447.0843729965347,0.0,0.0,449.53449239755287,52.18944032940723,91.11248369653775,292.67301535942084,0.0
2887,Mic,012_02945,154.38755048361347,0.0,15.655743847061991,94.09120021123485,72.26467974703891,0.0,423.34313931477425,397.74174653386507,889.5837560022383,463.21347025249094,0.0,26.259921644503063,0.0,0.0,97.76400001030483,447.7869364907855,118.99083751539445,163.08545219958899,0.0,222.59985797491268,0.0,0.0,2074.7708155540204,2553.0175620287055,0.0,0.0,66.77792436582718,0.0,0.0,236.84232038495475,63.65183819881159
2888,Mic,012_02946,142.55848855872364,328.4349551554842,294.2871755137897,243.7209373847238,245.12257652854768,298.7735470952789,423.6154317875901,366.6708501881428,582.9866857152581,421.2595524559713,95.79900592716402,368.91456272378304,504.545264735949,548.7153136679801,275.6562547683921,311.05094874971246,301.52016268281363,229.91860478197387,424.97763604457776,299.5075814174299,477.1431384320272,0.0,858.3794380162637,259.4058128704074,856.6007352488764,1299.409471380152,330.329187473138,629.2826276685636,862.6358670676349,400.46862832863206,1095.731702832386
2889,Mic,012_02947,199.70590464533652,0.0,0.0,27.470682579154236,74.59739949162052,161.64414983872786,262.205249336582,7.257743845187443,136.76804268324102,379.05902599896416,388.72288943522324,0.0,69.7939581682377,27.152657407116283,39.24660577336757,152.98776267176999,175.66280743006197,65.46940028204655,0.0,95.31840072259082,77.44400169935211,0.0,151.43650620521043,0.0,0.0,0.0,53.61496812064008,17.98193857503615,0.0,207.4440603371719,0.0
2890,Mic,012_02948,85.60000309018409,28.685166052799573,36.45729991477186,0.0,0.0,334.88031042286246,225.33324068706713,0.0,197.29148373489218,0.0,0.0,0.0,115.6744485975573,0.0,0.0,171.15125003280085,165.9999410396616,149.19719904912597,0.0,59.24171519013612,128.3534052068943,0.0,0.0,0.0,62.61657894942419,312.09493279591584,88.85986748281385,14.90136742473115,26.014852582676784,78.79017431132957,0.0
2891,Mic,012_02949,0.0,0.0,0.0,0.0,0.0,0.0,0.0,687.9238723134629,0.0,0.0,0.0,55.51147993205079,0.0,0.0,0.0,0.0,0.0,0.0,0.0,31.370612896042548,0.0,0.0,0.0,0.0,0.0,0.0,47.054486789422526,0.0,0.0,113.78788119760485,0.0
2892,Mic,012_02950,150.7761457939383,31.578845084441635,11.46714571254102,37.59146037147421,15.12305954605952,147.46483844936574,779.630422978687,582.6567690452234,452.87195939817826,352.3329179096629,472.83252048261073,115.40544512189507,297.134511967702,99.08338141544186,35.8039210564055,209.35167523505368,337.37639838830006,328.4955873800932,740.311919136478,347.82855000524364,282.6026728678112,1832.667381770228,0.0,0.0,4273.856147416401,0.0,293.47140444981943,32.80915108427648,28.639157887069615,110.3942075478517,0.0
2893,Mic,012_02951,410.97632988558706,170.88552245061774,137.8960560368857,24.10929103993283,10.911574609182187,283.7298157506784,487.9418829660914,445.8765839068741,237.84259712128554,502.15286940711445,170.57882068043554,0.0,122.50753838813031,0.0,25.83320886348245,248.3953209961903,194.73878185451244,129.2813473923957,178.04970207079853,73.19809675743261,67.96773144922042,0.0,0.0,0.0,16.578862148001555,0.0,313.6965785961501,244.6150631473272,530.3682023896563,125.16666931736533,627.9240409654916
2894,Mic,012_02952,531.2442017315018,21.83701765804543,47.5777241522066,0.0,8.9637545316332,670.108849938019,309.8192586037487,494.4825408007084,458.3340376408401,265.55575595964194,46.709625073672115,30.4014344168597,109.02533962271215,29.36439899833719,35.36955806265362,344.6864670247851,202.19195591451327,177.00565760830605,146.266133070292,184.6897261834602,390.8439045901444,3789.841802301969,0.0,585.806456064669,13.619377223834897,135.76400022837933,141.73431202775797,84.26891145042936,79.21680413823763,193.18303019267537,18.422629080071985
2895,Mic,012_02953,0.0,52.42701465475261,0.0,0.0,0.0,163.21351051677377,0.0,703.507908255839,0.0,0.0,0.0,0.0,0.0,109.66510176078033,79.25528156175199,15.447308075596194,118.24551438657895,66.10502552750332,0.0,120.30477761103694,0.0,0.0,0.0,0.0,0.0,0.0,0.0,72.62608201179648,0.0,261.8226004255568,0.0
2896,Mic,012_02954,182.85617681392517,255.31832195931534,46.35654649750625,172.22754184377547,24.45430905320263,238.45378132237863,530.0582082727437,588.8552453116621,0.0,0.0,0.0,217.71523689662473,377.51436474923844,0.0,144.73925533440521,372.37872446064864,159.11723753774433,48.28948673285702,149.63751557013916,140.61154149148146,228.48726742503882,0.0,0.0,1062.4115635737626,2452.2606309129105,0.0,263.6386139265517,26.526547685159706,115.77531911794101,204.0111799060603,452.3343395404909
2897,Mic,012_02955,37.694036448484574,236.8413381333123,0.0,37.59146037147421,22.684589319089284,0.0,39.86746481141013,0.0,318.85882855586016,0.0,354.6243903619581,0.0,63.67168113593615,148.6250721231628,0.0,1256.110051410322,193.9914290732725,0.0,0.0,130.43570625196637,423.9040093017168,733.0669527080913,0.0,0.0,0.0,0.0,0.0,393.7098130113178,0.0,283.8708194087616,0.0
2898,Mic,012_02956,244.24864080203008,31.213771730864277,83.12023539610658,45.41396079559601,9.965484325149049,194.3467235055225,116.76020522802197,401.39938214308347,191.84419089286988,369.75721763929937,155.78874952317233,25.34917291694805,69.92843592964086,48.96895439896115,23.59333526260247,432.25675372231893,259.3702947147047,39.35732733718405,0.0,71.62654389558847,0.0,0.0,0.0,532.8591568302376,22.71208282703103,0.0,236.3603989595848,216.19903026633057,150.97636990177742,327.35392180374527,153.61064998846152
2899,Mic,012_02957,101.00068740683687,51.92290874461076,54.46894213456985,9.156894193051409,66.30879954810713,161.64414983872786,560.0186189534405,362.88719225937206,0.0,9.536076125760106,0.0,98.39053975135926,77.548842409153,0.0,0.0,418.16655130283795,197.23543290392928,316.43543469655833,0.0,230.35280174626112,154.88800339870423,0.0,0.0,0.0,1032.6718172572505,251.07637221722715,214.4598724825603,119.87959050024098,31.392923068518623,213.2063953465378,102.21016326155325
2900,Mic,012_02958,1785.2769726615593,0.0,0.0,144.9178037509006,224.8733202066242,974.5502367088519,351.2959218164835,1334.5833899672211,564.9848934461744,1013.3117413633782,1171.8023333699484,127.11324390237716,631.1801434344975,0.0,177.4629130621838,1360.4824808028704,232.2518684557138,444.0533236521418,0.0,359.17078533150163,466.9087638685576,0.0,0.0,0.0,0.0,1135.3018569822445,646.4877315416312,271.03211765271874,283.9012173152988,651.3943923631002,0.0
2901,Mic,012_02959,305.63381145809467,120.38177568814217,170.69248108412972,232.01353566852558,142.75397609719877,428.3055180440177,331.2977861398286,0.0,818.7369311464789,331.6367875582814,171.66530998413256,195.52769683072665,138.6988213279628,197.85121066077085,51.99550319019397,283.7581942039453,304.1759821137826,411.99851897236937,268.77566490942195,307.8116507411054,205.20194080847435,0.0,0.0,0.0,0.0,748.431478966002,177.57823836135572,131.02762885249268,20.795312096343544,286.2816119302797,236.97133393124446
2902,Mic,012_02960,282.4398224027295,69.71808404205953,142.69328502859145,150.89529867422746,60.70523902291498,355.16179401185275,714.8067986609169,108.96837942211003,68.63372825314443,356.1925899368423,142.34922711712403,108.09101550149326,178.90845614956703,79.5458132490167,129.3479683234931,277.31725430784223,284.39404850056,329.65226198354424,260.02152793613976,231.24781020375022,226.87820216148222,0.0,499.10059791576384,378.6927458459024,622.5829746775935,137.91519037284309,130.89100198466124,158.03844606792333,17.24399999538347,145.60040854651268,18.714536935213975
2903,Mic,012_02961,430.236694408344,26.373540949643566,0.0,0.0,0.0,369.4723424885208,403.2504010961191,492.1441540736628,1161.6841156304915,359.6462996000954,197.4465470147166,0.0,35.450899387041375,0.0,44.85326374099151,192.32747307308225,234.80408679039198,286.81832504515626,77.28531023952245,145.2470868153765,177.01486102709052,0.0,0.0,703.4846927017026,28.78527713609061,0.0,13.616499840162563,68.50262314299484,0.0,342.4473376994584,77.87441010404056
2904,Mic,012_02962,178.5276972661559,36.521620836789026,0.0,20.7025433929858,49.97184893480537,438.54760651898334,263.4719413623626,109.39208114485422,409.2323011988506,301.8375399805808,156.2403111159931,0.0,84.15735245793299,0.0,47.32344348324901,295.1555212589278,215.5297339269024,138.14992291399966,61.15620201562209,129.30148271934058,93.38175277371151,0.0,0.0,0.0,22.77791495116735,0.0,32.32438657708156,75.88899294276125,28.39012173152988,62.53386166685762,0.0
2905,Mic,012_02963,161.39418423013112,50.70406112149784,23.01504597235346,155.9251419633684,0.0,295.96816167654396,558.3316785560396,361.4560878391943,385.83285072037944,125.71503174241494,189.7989694894987,77.20786821535233,51.116701757019165,0.0,28.743992960776247,330.5397576598523,223.4524666790114,179.81032471829684,0.0,191.9793141314153,170.1586516211117,0.0,443.6449759251235,0.0,27.670354430115268,0.0,209.425603175458,158.03844606792333,34.48799999076694,234.22674418352042,336.8616648338515
2906,Mic,012_02964,120.66188841389898,73.36932757390652,0.0,15.526907544739348,9.369721675276008,45.68204234572743,315.6174297569969,53.32863955811643,334.9825972966338,80.849341066227,0.0,11.91686661584786,170.9446221801764,46.04146255989282,44.36572826554595,233.47262912083158,118.44845291241404,111.01333091303545,57.33393938964572,208.7680189739353,131.31808983803182,0.0,6419.59102391653,20.875143598648346,0.0,0.0,40.40548322135195,50.818522059884764,17.743826082206176,151.4491962244208,115.54192368697323
2907,Mic,012_02965,124.72914307953602,0.0,22.032381088140617,0.0,72.64166242629713,47.22188646974072,0.0,614.869534749588,171.65726871937366,137.8980895938568,0.0,12.318558748966327,13.592830804300974,0.0,22.93060112601251,169.83360620191993,158.4531848610218,47.814730543067704,59.2665440881731,55.691649860390136,90.49636153632156,0.0,0.0,0.0,22.074102972339144,0.0,167.06986320738784,42.02520475963504,0.0,95.95258970651959,59.71829763596369
2908,Mic,012_02966,0.0,119.9996113208782,15.37946601446678,112.03729365615843,0.0,65.92545718912822,63.371029033561726,284.1620178445154,334.67944562487213,245.0210618665891,422.7679006668049,34.395348350054995,189.76657907180967,0.0,16.006458825216576,443.0045645366077,253.89227784594033,146.85685082874755,0.0,252.6872113273388,126.34001845855089,0.0,1235.2467957130889,0.0,0.0,0.0,189.50963895190955,249.34954824050124,51.21355292746567,204.4612045676178,250.11428186356557
2909,Mic,012_02967,159.15259833804598,52.94100499450511,29.90451725035207,0.0,28.17040503677754,54.93788099094019,458.7798456075563,508.13694163168554,285.7859463669176,14.584587015868397,0.0,0.0,15.813881589317475,36.91341660575285,0.0,98.79209772529983,129.87888800699918,77.8786330152449,0.0,80.98949081004449,157.92502307318858,1593.103018140133,0.0,0.0,0.0,511.9988766782672,0.0,73.33810242367683,10.669490193222016,182.1349810803492,69.476189406546
2910,Mic,012_02968,21.11606955836482,70.76144156513703,22.483494542033746,10.52930339643258,0.0,247.82788574782842,34.74118145728123,144.65557265887108,248.5198176630227,43.861264146002256,0.0,0.0,95.11641801142304,0.0,10.028616708673777,304.92302967896757,209.47178347106492,75.28176740048595,103.68004764319225,249.6545827279651,0.0,0.0,232.17783752346756,0.0,0.0,0.0,191.8019498369827,64.32850753133324,16.04355773526259,150.18882009669122,287.2934318703118
2911,Mic,012_02969,473.7850427447984,0.0,23.463544304122397,14.651030708882256,0.0,603.4714927312506,214.94356241912405,212.89381945883167,572.7372849154982,461.5460844867892,0.0,33.73389934332317,111.67033306918033,43.444251851386056,62.79456923738812,403.8876934534727,238.32614809224785,122.20954719315355,0.0,222.40960168604522,123.91040271896338,0.0,0.0,512.1368562868394,20.149693995263423,0.0,381.2619955245517,76.72293792015422,16.742892303209928,184.39472029970835,0.0
2912,Mic,012_02970,97.57311887209903,39.23693013216727,0.0,0.0,0.0,0.0,140.3508570472531,127.51480194487365,462.2149776341079,210.78106139554765,0.0,23.898675284098157,26.370832514066194,0.0,44.486615808503835,112.71904911838313,144.9707303156265,194.80268421796958,0.0,202.58406693084694,0.0,0.0,0.0,73.26208434620999,0.0,426.89824594972686,40.515579905878795,50.9569921472414,0.0,151.86186433402415,202.74931567959334
2913,Mic,012_02971,121.70492814085868,8.823500832417515,4.272073892907439,25.675213129536306,0.0,54.93788099094019,94.06637122169319,106.06741985515767,117.06894188524335,58.33834806347359,220.19161493062757,14.33139514585625,23.72082238397621,36.91341660575285,6.669357843840241,181.9854431781839,133.02111916845882,133.50622802613412,0.0,145.78108345808008,78.96251153659429,1615.8616326849922,0.0,382.84740482226965,0.0,0.0,6.074026889484281,48.89206828245123,26.673725483055037,76.37918561433999,156.3214261647285
2914,Mic,012_02972,0.0,0.0,34.80855473688488,38.036329724982785,25.50338444157967,0.0,173.3094525529545,13.3989117141922,152.743796956782,145.24177483850008,318.9521144083883,0.0,0.0,0.0,0.0,513.0974194222439,168.78801469663176,110.79436970807876,62.422750578075814,124.6471394064649,47.65784719960129,1607.1083193985075,0.0,0.0,2813.207277031009,0.0,54.9897108929642,110.658083538684,19.31872188831915,292.54931586011423,125.79712401421938
2915,Mic,012_02973,234.70743062716426,16.538996966124106,0.0,10.937790919724502,13.200832988137714,25.744244384728475,119.09362127430938,0.0,148.44270119599003,63.78802529451783,82.54656559727047,6.7157839427749035,22.231459875947078,0.0,0.0,56.04084660197148,132.5222759365987,62.561877145477865,0.0,49.337855197910706,123.3411359377124,0.0,0.0,382.33800526773996,0.0,359.8889500694099,56.926561353206424,34.366706495628044,9.999583458272392,74.33676894165119,48.83548382481564
2916,Mic,012_02974,0.0,0.0,54.959653324971384,0.0,0.0,151.4503746236729,0.0,344.53577989406335,69.60856003987442,232.30225084734533,161.87059259765056,0.0,0.0,0.0,36.77159459847051,71.66994287326162,111.64828559276476,20.44689978778631,0.0,44.653665203375866,0.0,1045.6660736827127,189.18194168578842,0.0,0.0,0.0,55.815382227693384,22.463923264910026,9.804396393771581,80.98416769919625,0.0
2917,Mic,012_02975,83.19340367670584,27.272638936563233,69.32410817127072,46.89439753411177,4.353608051138347,42.45199894754469,12.752219384121087,0.0,353.8674834258492,371.90696890464415,408.3553585986184,22.14851977086875,73.31890555047192,0.0,30.921568185077476,269.196649064872,137.59163722149106,206.32780694948002,0.0,100.13246136514591,0.0,0.0,0.0,0.0,0.0,0.0,131.4198545179326,207.7912902004177,41.22303029199415,145.28068872098237,134.2153658990093
2918,Mic,012_02976,279.22215353991356,0.0,9.928516034655772,0.0,4.3646298436728745,85.11894472520352,0.0,275.16954892538513,85.35659560240526,67.79063736996045,0.0,0.0,0.0,0.0,0.0,229.5978372451272,126.58020820543308,137.90010388522208,0.0,87.83771610891912,0.0,0.0,0.0,0.0,0.0,0.0,131.75256301038308,85.22073167713333,24.79643543639952,131.99394218922163,0.0
2919,Mic,012_02977,184.53890236742754,160.1221807502516,64.15973552047492,100.78201338855357,137.49922851079882,103.13491768851347,365.57405360810435,324.1495410611324,54.94339910565101,333.1191255219513,165.34634151845898,53.808673799165796,207.81186726575478,86.6219745503096,37.56116871561559,161.0595096593603,285.1141035459407,156.64457736195186,64.72052053800499,159.6437018237257,296.4727427018142,0.0,0.0,1083.9706467420833,1084.7457963707764,0.0,250.86103693256547,22.946277445444903,100.14920242717596,551.4872769699866,195.64153949450682
2920,Mic,012_02978,123.14522314844282,24.434309997463888,2.9575896181666885,0.0,0.0,190.16958804556216,54.84031358673611,0.0,498.20515766095644,249.0598705786757,243.90455807700283,49.60867550488702,87.58457495621985,0.0,64.6414683326054,140.38877045174186,194.33491183181266,123.23651817796996,0.0,134.56715396130465,72.88847218762551,0.0,285.05695285686664,0.0,0.0,0.0,134.56305724395943,160.77968608267616,14.773140267538173,223.71418271655796,0.0
2921,Mic,012_02979,92.7102514590559,163.10626781478592,4.230597447345231,0.0,5.579381191750114,163.21351051677377,715.8080737013056,307.7847098619296,207.996275388345,279.23112228439305,87.22153290455927,28.38451077431723,15.660348758353226,0.0,13.20921359362533,329.5425722793854,126.54344522072485,66.10502552750332,0.0,104.26414059623202,260.652950703321,0.0,0.0,584.2337923660547,25.431652615381022,253.5140068989478,96.2408920741587,181.56520502949118,21.13180581958535,145.45700023642044,34.40083164790141
2922,Mic,012_02980,168.73508462541525,0.0,23.9549274309103,0.0,22.565821835743265,88.01566273941201,351.6407803784761,154.122560398326,250.99335969637252,736.0253101882487,0.0,34.44036843951842,25.3353286195348,0.0,0.0,174.93469825923853,219.8245695257798,71.29651967887791,0.0,168.67863583369473,0.0,0.0,0.0,0.0,1728.0208777089783,0.0,9.731163498336072,88.12091364520332,0.0,56.47691695043424,0.0
2923,Mic,012_02981,219.73909884173392,0.0,7.427583018350434,0.0,68.56932680542897,191.03399526395108,418.91040676837764,669.0320235472788,508.8507985352907,152.14376000644535,612.5330378979277,99.66833896890937,54.989179162853944,0.0,0.0,822.6569238213813,203.9593681165632,0.0,0.0,98.5678916563155,274.57418784315746,0.0,0.0,0.0,0.0,0.0,232.3315285227737,425.0276390463089,0.0,153.2257263854111,0.0
2924,Mic,012_02982,429.41172759133156,7.54714536609297,35.62748416349223,29.947075348344235,32.52884506133557,211.4590136255056,408.6484792828538,455.73153805252474,300.4033225734546,598.7936103118799,169.50599790886048,45.96862593953891,40.57901690843729,11.840152496184876,51.34147170352487,250.16866851987544,260.70637410047675,135.60538255484693,0.0,150.67101497868654,168.85065360026454,0.0,0.0,1779.595050933829,2388.8159233378337,0.0,210.41345979421015,101.93534990963887,20.53373584355935,177.14650016214122,44.56963094004837
2925,Mic,012_02983,91.81880673348806,0.0,0.0,0.0,0.0,323.2882996774557,304.28757330418165,0.0,202.61932249369042,324.2265882758436,172.765728637877,168.66949671661587,0.0,144.81417283795346,52.328807697823414,0.0,373.92550821369923,305.52386798288387,270.4985858383285,397.1600030107951,309.77600679740846,0.0,0.0,2486.8183887005184,100.74846997631711,502.1527444344543,166.8021230419914,143.8555086002892,167.42892303209928,322.6907605244897,476.9807618872485
2926,Mic,012_02984,379.5177344984173,46.15369666187623,33.51934900588913,33.57527870785517,51.573510759638886,395.1301440502236,267.6004190760179,183.86284407808188,301.67765793505015,225.6871349763225,115.17715242525134,9.370527595367546,62.03907392732239,60.33923868248062,17.442935899274474,227.78177997796863,197.23543290392928,87.29253370939539,225.4154881986071,127.0912009634544,172.09778155411578,0.0,605.7460248208417,927.4273198784113,0.0,0.0,174.7450812820862,39.959863500080324,41.85723075802482,230.49340037463546,45.426739227357
2927,Mic,012_02985,306.06268911162687,76.92282776979373,0.0,0.0,0.0,0.0,535.2008381520358,0.0,135.07954832912694,292.43966785664327,0.0,0.0,0.0,0.0,69.7717435970979,95.19238566243467,104.09647847707376,261.8776011281862,0.0,148.27306779069684,0.0,0.0,0.0,0.0,0.0,0.0,95.31549888113793,95.90367240019278,27.904820505349882,414.8881206743438,90.853478454714
2928,Mic,012_02986,98.94684567727201,41.44723417332965,4.300179642202883,51.68825801077704,0.0,276.49657209256077,289.0391198827234,819.3610814698455,426.30039035185655,112.5507932211423,354.6243903619581,72.12840320118441,159.17920283984037,18.57813401539535,120.83823356536857,643.7564013477901,229.8376714020294,33.59613961841862,0.0,163.04463281495796,52.9880011627146,0.0,0.0,543.3030794490319,620.398473012058,0.0,122.27975185409143,295.2823597584883,139.61589469946438,455.37610613488835,69.93326960001012
2929,Mic,012_02987,568.85685863113,226.28498134794177,164.34057969744504,228.55607905856323,167.47708228721916,288.1884271410462,268.36499170194935,750.4921864143541,367.26199482856345,293.2752097648051,154.00830667147892,213.00547871069773,290.3428659798688,129.0914912155471,104.95663715392011,545.510650898197,269.22636591386345,145.90323491427517,120.56508397365499,269.0702283254849,276.14318320226124,0.0,629.9758658136753,0.0,0.0,0.0,74.3460891272876,149.60972894430074,74.62546283716425,277.38234353656134,30.371019940575817
2930,Mic,012_02988,465.8124829406223,0.0,10.62808627015997,29.034054758455692,56.06597685368408,136.67472831892437,16.42237032881935,18.40988682681693,12.849030206916954,701.4830632998165,0.0,106.96114425931738,59.01277763818473,0.0,16.592060977358646,58.20997799218566,106.83585948962836,166.06872266665468,85.76784429020174,90.66872263856199,261.9244285116299,0.0,0.0,499.64571345057504,0.0,0.0,166.220930975643,30.408481492744055,132.71804874495675,321.5664024738817,43.210800728461535
2931,Mic,012_02989,145.75027426747366,0.0,0.0,190.46339921546934,0.0,176.9578061392389,226.80157759379983,31.781278311557642,399.266707061251,52.19746931995005,189.1330081930443,30.774785365838678,186.7702646654127,19.81667628308837,28.6431368451244,267.9701443008687,238.41265486106536,226.960587644428,0.0,191.30570250288403,113.04106914712446,0.0,0.0,0.0,27.57326546720258,0.0,130.43173531103085,196.8549065056589,11.455663154827846,296.4873002713732,0.0
2932,Mic,012_02990,265.9258605142034,0.0,5.515842241475428,36.16393655989924,72.74383072788123,141.8649078753392,519.9031416756607,605.118221016472,253.40239319464064,571.1988889505927,0.0,0.0,61.25376919406516,23.83018034042273,17.222139242321635,302.10241742779897,132.53055987320985,43.093782464131905,0.0,62.741225792085096,67.96773144922042,0.0,0.0,0.0,0.0,0.0,62.739315719230035,126.25293581797533,55.103189858665594,60.68686997205592,0.0
2933,Mic,012_02991,448.2256851153131,0.0,17.78577702353301,0.0,105.55278295412971,571.8024348036631,0.0,0.0,0.0,263.11785555158497,366.68644445590223,0.0,230.4308460157689,76.84017334258756,27.766306125375696,346.35596882425205,178.78654037039848,46.31848727437307,0.0,0.0,0.0,0.0,0.0,0.0,0.0,0.0,151.72671250466854,254.43831453112372,310.93942848818443,244.60524121389886,0.0
2934,Mic,012_02992,663.3138494491715,0.0,61.41464616515258,111.84931161982259,3.8568876694648444,225.65089373459992,370.55039627846077,432.2822642824843,417.20542376553163,342.7867364400747,301.470398965423,156.97205958414364,75.77927150854146,63.17396801655689,146.0992214919097,427.13361927151885,357.0755572203686,350.3418466994526,141.60328654623908,288.30084513857446,216.21949467738574,0.0,0.0,2560.684281434197,17.580269928753324,350.4958753099547,357.5930461379604,217.553297122585,0.0,345.8947941192516,190.24352535483737
2935,Mic,012_02993,0.0,0.0,14.365435288238203,0.0,0.0,0.0,0.0,0.0,0.0,0.0,0.0,0.0,53.176349080562055,0.0,0.0,0.0,140.88245207423518,74.82217175091034,0.0,81.70148633364927,0.0,0.0,0.0,0.0,0.0,0.0,40.84949952048769,41.10157388579691,0.0,98.78288587484377,0.0
2936,Mic,012_02994,206.4977648916981,185.35409071302698,20.94000521420534,143.82819620390134,19.725729842686334,269.2836180379722,203.381849472701,601.0806985011989,135.0177270255438,98.72130067034033,0.0,80.28204878044873,155.02670189619232,38.7717579451729,84.06137987156073,320.3990855771257,305.1056124555061,334.98759503582625,675.9369696463494,402.64935408215706,1142.697764204628,0.0,0.0,0.0,0.0,179.25818794456492,246.686108088254,188.295997527152,119.53735465907317,222.15977171120468,24.324615513046993
2937,Mic,012_02995,474.1986974372496,288.7362661475056,165.0799338412902,190.13837634991395,194.1738908268803,286.87698947487536,568.7576891184108,360.65785114651595,510.6283540250546,264.01586871046413,0.0,179.6071091316865,165.15521386795723,366.2365258461554,236.81910923997904,103.17536485986945,577.5699707562161,790.1017044277016,864.1183492992338,558.2470158360609,769.6823650119909,0.0,0.0,0.0,0.0,802.0733255813128,164.9315970400578,127.65335234155354,122.57168597401127,208.62406068038678,145.11750142254658
2938,Mic,012_02996,240.87960829542095,124.32392163874769,0.0,0.0,0.0,302.9007492473458,163.77985544146867,308.2688556946883,379.6830547629514,553.9515212513619,0.0,0.0,58.12669989586964,0.0,0.0,262.78979053529264,171.32236927165624,61.340699363358915,0.0,126.51871807623165,0.0,0.0,0.0,0.0,0.0,0.0,100.46768800984809,101.0876546920951,29.41318918131474,253.7503921241482,0.0
2939,Mic,012_02997,762.6923219057007,0.0,0.0,74.20651917485819,0.0,0.0,0.0,0.0,602.0688439812515,0.0,350.01887879881576,0.0,0.0,0.0,0.0,268.6226690029,291.37052588080456,0.0,0.0,64.37086802045093,418.3987624276685,0.0,9408.730463450995,0.0,0.0,1017.3484172957775,96.55336250297088,48.574587319578164,0.0,210.13813904284947,1656.601087667772
2940,Mic,012_02998,918.6946538547895,248.27505790526524,27.046647128889852,19.70311026366924,107.00868340866943,695.6272379266632,0.0,406.0332280838658,494.1116719570271,677.1271709712141,0.0,30.244185618151803,166.86371608038436,38.95001890124266,56.29857931627899,405.9978694903248,296.1932104471075,234.78681480458067,0.0,188.0073283217998,111.09208519631197,0.0,0.0,3099.3109751151837,0.0,0.0,358.91215440759527,51.589561704931285,0.0,24.79791066099526,146.61871695450395
2941,Mic,012_02999,306.3525117396836,32.32642590684883,28.81295877812348,66.46783931805155,32.36952010593311,192.12561809403078,343.8039985859075,245.23472101224377,163.41868622348252,489.39921132594804,132.0071200041248,28.639392095555998,63.20388919289662,32.27287280388678,43.31543755558608,200.02057199600554,170.0652457181839,239.00339433576502,51.670750274423575,149.7082473389916,131.49675390583866,0.0,25.713300645456137,0.0,712.0655126979213,127.89522960289776,221.52100025681605,177.0890669136621,71.96026773583696,249.49734603817683,60.74203988115163
2942,Mic,012_03000,0.0,0.0,6.990666370212173,0.0,36.877621139054234,269.6950521373427,577.9005772662873,944.5157979490995,462.0153963171635,970.5379723286972,0.0,93.80549550014999,129.3863039125975,30.201886313797786,152.7889251497946,170.16820660817194,339.36096543764296,291.28631569338353,0.0,251.803689609411,0.0,0.0,0.0,0.0,0.0,0.0,238.5436014779281,60.003901983008326,0.0,288.4248967254797,56.84415496899218
2943,Mic,012_03001,800.4439504648783,137.64661298571323,115.34599510850086,25.208391072635653,60.848074879439494,98.88818578369232,0.0,586.0841618043129,278.89953802072677,227.51955744754702,0.0,361.15115767557745,455.43978977234326,365.44282439695326,216.08719414042383,730.0216063490577,271.48877235011446,260.33714465096153,620.5555792761655,116.62486676646405,189.51002768782632,0.0,23716.738477691306,0.0,0.0,1382.3969670313215,349.86394883429455,154.01001508972135,96.02541173899814,370.14528413103227,125.05714093178278
2944,Mic,012_03002,7.460278047095906,14.062454451665415,6.808617766821231,85.55973011632413,0.0,87.55724782931092,21.041161983799793,117.93833748429594,310.0497757741992,356.41084520028403,140.37215451827507,11.4203305068542,25.203373782974726,29.415378857709303,21.258578127240767,720.954831590716,166.9310304525443,310.2976784201164,54.94502524841049,96.80775073388129,167.7953370152629,2103.7494319904076,0.0,100.02672974352333,409.2906592787884,203.99955242649708,77.44384284092457,68.18151709701206,17.00449999544759,9.363794390219565,83.045757650012
2945,Mic,012_03003,235.70701272849848,22.78473632674903,0.0,9.04098413997481,109.11574609182185,212.79736181300882,102.27602787062179,726.1418652197664,533.4787225150329,517.8451465760868,0.0,166.53443979615236,91.88065379109773,71.49054102126819,0.0,191.331531037606,223.13818754162884,323.2033684809893,267.0745531061978,62.741225792085096,203.90319434766124,0.0,0.0,0.0,0.0,991.5927611617074,117.6362169735563,47.344850931740744,41.3273923939992,398.25758419161696,672.7757581773125
2946,Mic,012_03004,161.80514164368006,16.66661268345531,65.36273056148383,100.52234958594215,63.85291808336242,124.5258635794644,158.97766832204286,75.4805359899494,464.37346947813194,206.61498272480233,99.82019876855117,89.33236307583728,143.37919307647843,20.91760274325995,120.93768890163635,400.7146139313917,264.71551851319026,195.43828380492414,195.36008977212614,192.75498812790588,119.32112854418695,0.0,0.0,0.0,14.552556774356917,145.06634839217568,199.63301710105,103.89564510020885,60.460444428258086,166.46745582612562,39.3698406637094
2947,Mic,012_03005,13.262716528170497,149.99951415109777,0.0,0.0,0.0,51.8857764914435,227.5562703433163,288.8761253936335,84.54979136156464,110.1946574532279,83.18349897379264,0.0,44.80599783639951,0.0,12.597675927253787,68.75005631175837,122.66339422883254,105.07434613167965,65.12002992404206,45.894044792358535,49.71713689341123,0.0,680.5294846752666,0.0,0.0,0.0,68.83897141415518,34.63188170006962,40.30696295217206,110.97830388408374,0.0
2948,Mic,012_03006,27.651995850239647,20.849353318299304,80.75704162036611,110.30698796262703,186.38149062170652,389.4438204608732,0.0,437.1459613317533,85.42868732166407,132.1059503445068,0.0,67.72829211786892,74.73432843754668,109.02997568880669,31.51850965583187,509.88045072691835,205.42184565959428,223.45540482366462,81.46289457679393,181.80420832803037,124.38882126227983,0.0,0.0,0.0,0.0,0.0,100.46768800984809,86.64656116465294,0.0,69.41500088502535,82.08383767723195
2949,Mic,012_03007,232.06049254877095,0.0,14.606196773515936,0.0,9.631445744417794,0.0,5.642322766605531,75.90221496196028,306.07969163292677,0.0,0.0,24.49947997001124,0.0,0.0,45.60499441821482,186.6621640643272,118.17597865333192,38.038087314708605,0.0,27.690261662428615,89.99079527075551,0.0,0.0,2489.156787539387,0.0,0.0,207.67064002035642,41.79042707941362,72.9578547290712,120.5261579612619,0.0
2950,Mic,012_03008,18.246794713916096,68.7895861075098,0.0,9.098570026216688,0.0,535.3818975550221,6.432966721161719,951.9201354146486,268.43833808081274,596.9462176049066,171.66530998413256,0.0,0.0,71.94589478573485,0.0,445.90573374905694,159.23306446224865,455.36678412735563,268.77566490942195,94.71127715110934,0.0,0.0,0.0,0.0,0.0,0.0,260.44808292998835,190.5856419672621,187.1578088670919,80.15885134047832,0.0
2951,Mic,012_03009,183.88577240409367,0.0,132.49202140841317,96.51861446729865,0.0,113.5877809677547,95.53824900752338,0.0,441.38155116193093,593.0408423074056,0.0,0.0,32.69626869142667,0.0,55.15739189770577,301.0137600676988,138.59787177032868,230.02762261259593,0.0,16.745124451265955,0.0,0.0,2128.296843965119,0.0,0.0,0.0,25.116922002462022,75.81574101907133,22.059891885986058,48.59050061951775,0.0
2952,Mic,012_03010,0.0,27.799137757732407,10.094630202545764,165.46048194394055,6.656481807918091,324.5365170507277,393.8515571330555,186.51561016821475,504.4360584707783,63.18110668650325,0.0,33.86414605893446,130.78507476570667,43.61199027552268,15.759254827915935,626.6000719776587,277.19574354065736,236.59984040152727,244.38868373038173,114.82371052296654,497.55528504911933,0.0,0.0,163.13239630758397,60.68247612473156,0.0,186.58284916114647,144.41093527442158,50.42261002511099,284.60150362860395,533.5449449020076
2953,Mic,012_03011,811.51529664519,0.0,40.154578501935454,9.750685966662253,111.79708865790076,459.0031831598006,937.588432970956,762.5337424240623,967.3170931883077,177.7029885551201,0.0,179.6071091316865,33.03104277359145,19.275606623481863,0.0,727.6578363801319,207.83767887060804,116.19142712172082,576.0788995328226,228.37377920566126,439.81849429256624,0.0,0.0,1245.3839935302835,5337.261948711243,267.3577751937709,164.9315970400578,89.35734663908748,55.71440271545966,190.21605532623502,36.279375355636645
2954,Mic,012_03012,29.083723554160684,0.0,9.953715313931546,43.50686784109706,35.00566067514285,213.33745663994537,246.085468074491,84.29298435425821,155.1014915332412,302.05642144539627,0.0,33.39142320785796,24.56369424533577,0.0,41.43804061350484,298.83091916800555,139.9170139508838,233.29705075125216,53.55048146037976,119.51088821563417,204.42071514549795,0.0,0.0,243.71995064411777,19.945128573991717,0.0,28.304348652520655,284.79009316808515,0.0,123.2028175606554,242.81399191069502
2955,Mic,012_03013,266.421449617889,25.199918377384428,0.0,37.14036284701652,155.1625909425707,403.46379799746467,620.1251259865475,709.5170383055244,410.91198601720413,145.7875318106205,53.90290733501762,43.85406914632012,77.42476426129835,33.88651644408112,24.48988200258136,582.3326198338253,205.12485022008644,211.07334650931807,42.197779390779246,203.21883034056358,161.0835235346524,612.8439724639643,0.0,0.0,675.8207366011353,156.67165626354975,170.99600499276147,119.68778315544058,39.17836798951124,341.5912193552098,361.4151372928523
2956,Mic,012_03014,702.6737360585425,0.0,12.33259067197808,0.0,16.264422530667787,317.1885204382584,152.44917361847396,0.0,536.7500543040402,14.034225241684686,254.25899686329072,124.11529003675507,0.0,53.28068623283195,154.0244151105746,330.2226424462356,151.18282003249297,289.05357860375267,597.1383876053668,163.65989558029742,455.89676472071426,0.0,0.0,3877.262520473478,0.0,0.0,175.34454982850846,35.28531343025961,92.40181129601707,305.2950321943285,0.0
2957,Mic,012_03015,634.2349814366905,0.0,65.03754284724758,0.0,257.31772958966945,83.63677404590894,0.0,0.0,435.0771123794865,754.915638373606,0.0,43.63588969783097,144.44918705466108,0.0,40.61340298935549,1155.704571347341,242.3738901854255,220.18564472966898,314.9088014237257,345.2328145574433,160.28211296980336,0.0,0.0,0.0,0.0,0.0,258.91672830398664,93.04087620914225,0.0,44.72260007269046,687.5031877095521
2958,Mic,012_03016,271.4578592620703,293.9506607961029,202.94073601751023,178.5594367645025,368.44163619875656,271.1450255359306,242.3127363940815,73.04567999027361,314.3867552240809,401.89946639695415,0.0,185.67247017595213,185.36674911349152,0.0,82.29127016996425,160.3903963494363,616.4601408453958,885.4208409112262,638.071260949283,669.5348953981983,779.4364041999308,0.0,0.0,689.2164346198898,1394.2288264464532,157.93513736244935,149.89130872437013,203.60194967218345,98.73580642517952,173.98534092795063,107.15581632259614
2959,Mic,012_03017,238.72889750706898,280.9514709496752,103.75036597060924,166.27757074366372,95.77937712504364,133.42056812085474,339.33048532604107,499.2098941134219,585.3447094262167,70.83942264850364,213.90042593260964,394.45459020499584,320.04284168856793,164.35259298275673,172.76812700233765,290.4339113578364,335.7698441102605,252.17843071603113,334.9030110379305,308.1457293201216,340.91751012624843,0.0,0.0,0.0,62.36810046152965,0.0,147.51208160176108,29.6844700286311,112.28368250962214,137.9301776845041,56.24262951958485
2960,Mic,012_03018,94.54609802260156,314.8504653468587,198.46109609427432,193.29206356025352,250.3540154555596,443.85456325353647,43.332293986439176,0.0,389.4570739944729,211.11550710098615,177.89738394395255,260.51922265140666,814.4931883923712,298.2311678246963,431.0650297484068,609.1235540832453,327.91204397806723,247.18479842462457,69.63329932471824,466.21079165306793,318.9772743260443,0.0,0.0,0.0,0.0,2068.2726899478516,245.36663078312733,37.03211112482692,53.87564354993294,183.93829772470912,0.0
2961,Mic,012_03019,95.67916520911999,130.84436990783382,30.81936215079787,67.35444373042138,118.54814850447444,132.10995350277167,353.1938860306197,47.45338215478155,347.7568568378938,230.8891987698773,0.0,120.62022947907303,342.25092256958993,122.05359557462091,96.2274341948187,162.54574077189238,166.23575779132742,220.7180567465459,165.80659878498724,204.49448642253273,31.64705766889045,383.0958927708296,0.0,83.00842955533253,0.0,153.90143051429249,124.15358695126612,102.87505919549167,38.48562670875367,60.04602139425671,20.8838054601209
2962,Mic,012_03020,13.449515352510925,33.80270741433189,6.137345592627588,26.825830875418216,48.564191218331985,0.0,37.93336244966723,935.5334038190912,9.893150018471268,391.1134320875131,0.0,0.0,113.59267057115369,0.0,38.325323947701655,141.92667560536034,144.4541198733003,31.966279949919436,0.0,104.71598952622654,0.0,0.0,0.0,0.0,0.0,0.0,157.0692023815935,87.79913670440185,0.0,135.04965430401174,0.0
2963,Mic,012_03021,0.0,137.14241293814652,49.80017566589243,0.0,0.0,266.8411362417095,673.3171834815934,0.0,244.17236450350757,0.0,0.0,111.37541370493997,92.17233840630756,17.929373779937098,0.0,212.14303090485436,156.69259391812156,108.07647030687049,133.9612044151722,110.1457075016605,102.2752530378745,0.0,0.0,524.3305909603356,24.947240184611857,0.0,118.00966528140887,23.747576022904877,31.09394284881844,325.3249708144855,67.49115542350181
2964,Mic,012_03022,72.01877354961856,0.0,0.0,0.0,0.0,93.9161540962441,186.19665129798253,236.14022432609866,347.28272704505144,0.0,301.13356053082475,0.0,243.30407763676158,31.55169128871612,250.82746930018152,346.6583046908934,168.31124232444242,0.0,117.87089215301467,41.535392493642924,89.99079527075551,0.0,0.0,0.0,0.0,437.63032475851884,41.53412800407128,0.0,18.2394636822678,291.2715484063829,59.3846758614611
2965,Mic,012_03023,524.8649519658962,29.787137561920126,24.72349146533667,84.42526560969385,16.302872702135087,278.1960782094418,451.26577190787634,78.51403270822159,276.48196913323426,383.3367339064417,63.71502049056458,31.102176699517813,91.51863387860327,0.0,28.94785106688104,541.6417810336707,236.40275291322018,72.43423009928553,49.879171856713064,99.5998418897994,266.5684786625453,0.0,0.0,190.68925500041894,37.15546410474107,185.19108305384134,193.33498354613792,123.79055586407863,23.1550638235882,119.00652161186852,25.129685530027277
2966,Mic,012_03024,643.3939467239694,35.4097213733739,72.86337177345737,65.56936694303043,62.178087445110286,385.8260363363733,655.6564048984696,188.0826470569231,307.4499096723932,126.81417956092784,0.0,14.378383326662336,47.59719114424079,74.0688884023631,40.14734754521535,432.9804483222028,199.66045871832185,122.78195725026433,0.0,243.7650903725273,105.62854002272287,0.0,0.0,0.0,0.0,0.0,231.5697858063056,12.263092536418094,139.15813766766286,218.09965687908127,69.7039801914855
2967,Mic,012_03025,779.0100866020146,0.0,0.0,35.08536301337593,0.0,353.9156122784778,893.031211775587,5.29687971859294,547.1432652320847,443.67848921957545,0.0,46.16217804875802,84.89557484791486,99.08338141544186,57.2862736902488,457.7823298473173,254.15688678585272,179.17941129823265,0.0,147.82713375222855,339.12320744137344,0.0,0.0,0.0,0.0,0.0,273.9066441531648,91.86562303597414,45.822652619311384,378.4944258783488,298.38195029337646
2968,Mic,012_03026,0.0,98.59122995846802,18.412036777882765,31.296802687987917,24.282095609165992,157.84968622749008,226.01961792926724,51.97407798994951,84.09177515700577,360.8487022235984,126.53264632633245,48.040451333997005,7.572844704743579,0.0,51.10043193026888,171.8059757328046,134.42258377098779,250.40252627436897,0.0,50.41880977188684,100.83475651621431,0.0,0.0,246.45083459812696,0.0,245.18256066283217,157.0692023815935,87.79913670440185,5.1093333319654715,225.08275717335295,66.54057576964968
2969,Mic,012_03027,109.76041264692826,82.75835263508841,45.077745214816424,38.31160329046797,158.5313828276584,128.81985887530803,96.74097463815997,63.62344029804164,230.1010237054783,267.88701208457127,206.52454917631277,33.60465068683535,92.70206448910244,0.0,0.0,658.374923497824,98.23987079506055,156.52454320305378,80.83865783674186,56.971917673272664,61.71782510906222,0.0,0.0,765.2619691642428,0.0,0.0,56.97018323930084,14.33043380692536,37.52717240374639,123.9895533049763,81.4548427525022
2970,Mic,012_03028,236.45528895938256,34.28560323453663,0.0,86.16201393080756,0.0,53.36822724834188,0.0,0.0,100.34480733020858,132.23358894387349,0.0,13.921926713117497,0.0,0.0,25.915219050350643,171.73483454202497,79.3637813351525,0.0,0.0,141.61590964499206,0.0,0.0,0.0,0.0,0.0,0.0,11.800966528140886,35.62136403435732,0.0,34.24473376994584,0.0
2971,Mic,012_03029,339.52554312116473,0.0,9.683367490590195,10.581299956414963,63.85291808336242,62.2629317897322,486.2846325144841,0.0,156.0919225136578,275.4866436330697,99.82019876855117,0.0,0.0,0.0,30.234422225409087,106.07151545242718,147.19607307459904,37.82676460740467,0.0,82.60928062624536,0.0,1599.171982018762,0.0,0.0,0.0,290.13269678435137,68.83897141415518,69.26376340013924,36.27626665695485,173.12615405917063,0.0
2972,Mic,012_03030,529.7819369334956,106.8489689843436,59.69199138035052,202.2042936876558,15.744555143842788,76.76251864487531,4.611761530695845,0.0,144.33157218728633,455.11903044038644,123.0659984817754,0.0,176.76886817648025,0.0,37.27531507242216,152.56861811650487,193.18265003604031,124.36196583256329,192.68392415880933,158.4287573654021,367.77060167728854,0.0,0.0,17.5389334344808,35.88301670389377,357.6978453505702,288.55788017440386,85.39368090428125,14.90805479052939,369.4209293675664,97.07631944476289
2973,Mic,012_03031,14.181914703390236,0.0,0.0,0.0,170.69591962879065,249.6681918301143,179.99568271290119,22.419961185133484,57.37537250811432,132.56089980759594,0.0,0.0,0.0,0.0,0.0,346.5702980128809,142.80040624851316,168.53508983497133,104.44994898707735,159.49316556552324,0.0,0.0,0.0,0.0,0.0,0.0,73.60998923493821,74.06422224965384,48.48807919493965,97.90264233734517,0.0
2974,Mic,012_03032,187.7484996594622,45.06612796292187,6.738425831080805,23.141723763293406,27.929774183738793,259.96378736950044,305.67013521090007,143.40190195439575,370.8619941018534,254.14555754308523,198.46431272097803,41.98106766584401,46.323726776365916,41.58875361325616,39.07320398055446,355.0037096695741,250.17528216275267,135.3741354874718,46.61021287641302,135.04609940372953,142.34184701147487,789.7473871958301,0.0,0.0,40.50711679460173,57.68470407347192,213.51233254522944,126.6945421840544,24.041708388261686,226.3859332987399,140.8964842604033
2975,Mic,012_03033,419.91402167367175,52.7685587241647,25.548950056606053,27.918087832886386,61.773018471526505,328.5535814311602,29.608410348539124,0.0,545.6861753673721,48.45693405923703,87.78975135996356,14.284713076977239,126.09896459494846,36.79317746371457,93.06686971665013,533.812675485342,171.21577481725456,121.98207479260789,0.0,80.72568139372513,104.94040621149992,0.0,0.0,913.3385303486795,0.0,0.0,169.5187699970727,24.366405365521295,31.904208460514038,292.80920568764765,207.74964780198445
2976,Mic,012_03034,237.14791143086322,35.76147357244715,25.971945918470393,0.0,57.08704596856905,166.99660513140097,535.0865034290808,49.98710992711881,579.1423813793165,197.03680471769226,0.0,188.7757943384641,96.14002184763869,18.701168015497306,67.57693709321568,605.8720667398572,195.27614052408893,259.27616800439625,0.0,41.03109964879737,53.33891507769946,0.0,0.0,76.31178322154892,182.14789604989787,0.0,196.94328245639096,185.77367004673104,64.86484766475371,244.0787729794981,35.19820191788588
2977,Mic,012_03035,6.481327534128568,4.072384999577315,2.9575896181666885,48.477675139683946,0.0,76.06783521822486,217.07624128083043,0.0,188.31678208237108,30.291065340649748,0.0,49.60867550488702,54.74035934763741,25.555442265521204,101.57945023695136,212.38301170904538,113.12032181254766,92.42738863347748,47.73504455970503,117.7462597161416,109.33270828143826,0.0,0.0,530.0964066769887,0.0,0.0,193.4343947881917,67.69670992954785,73.86570133769087,105.75579546600923,0.0
2978,Mic,012_03036,104.69174242834917,17.94014122737382,8.68607715102775,23.728828805913952,48.685198339307895,167.55141112851524,60.39722243854824,265.81185431676533,203.02321483088716,437.39224914366787,89.53971318109241,36.42364547036554,40.19142663065736,65.67154349628123,54.2411561518967,692.4602254618587,139.4900092339666,147.034267743068,0.0,111.15202210508097,187.30642271471206,601.553280129231,418.58861515858825,0.0,0.0,130.12596035178552,74.09909215344278,68.3433147170809,32.54017274876349,182.1740197645375,88.28784866446458
2979,Mic,012_03037,266.8146501549594,44.11750416208758,0.0,0.0,50.70672906619958,412.0341074320513,0.0,0.0,123.95535023143415,0.0,396.34490687512965,0.0,0.0,0.0,20.00807353152072,366.57067840177046,207.38725665633737,83.44139251633382,0.0,182.2263543226001,0.0,0.0,0.0,1543.9419932176777,0.0,767.9983150174007,109.33248401071705,36.669051211838415,48.01270586949907,132.19474433251153,0.0
2980,Mic,012_03038,412.12146517009796,9.473653525332491,20.64086228257384,112.77438111442264,27.22150718290714,324.42264458860467,395.1308734641982,0.0,251.3901488904173,446.28836268557296,236.41626024130537,38.46848170729835,67.91645987833188,0.0,28.6431368451244,337.75403604588655,272.15029469989537,149.31617608186053,37.0155959568239,230.43641437847393,226.08213829424892,0.0,0.0,0.0,13.78663273360129,0.0,195.6476029665463,131.23660433710592,51.550484196725314,78.85300539132265,37.29774378667206
2981,Mic,012_03039,382.2888426295631,0.0,75.07881213143412,0.0,11.648843163856657,113.5877809677547,272.96642573578106,351.90249887206147,153.05973145131478,120.61847640150623,182.10441667235685,0.0,32.69626869142667,0.0,41.36804392327933,349.39097150715037,210.0623994019044,34.5041433918894,0.0,83.72562225632976,54.420109302247425,0.0,0.0,77.858643692256,716.8117492233915,0.0,113.0261490110791,25.271913673023775,44.119783771972116,327.9858791817448,71.82335796757795
2982,Mic,012_03040,206.89837783945973,0.0,43.57515370765588,0.0,12.770583616672484,62.2629317897322,261.84557135395295,184.50797686432074,183.4080089535479,0.0,0.0,16.242247831970413,53.76719740367941,0.0,0.0,35.35717181747573,163.81498455076348,50.435686143206226,0.0,64.25166270930194,59.660564272093474,0.0,0.0,0.0,29.105113548713835,870.3980903530542,27.53558856566207,96.96926876019491,36.27626665695485,106.53917172872039,39.3698406637094
2983,Mic,012_03041,304.1038879013125,0.0,16.089287522826783,0.0,5.30470396384857,0.0,205.10277281439306,157.92850607127875,168.57927631475042,0.0,0.0,121.4420376359634,29.778755485114747,0.0,25.11782769495524,195.82433621986561,102.56242511004322,31.42531213538234,0.0,45.75283234684359,0.0,0.0,0.0,0.0,24.179632794316106,0.0,11.43785986573655,57.54220344011568,50.2286769096298,71.91394091688626,65.41450448739407
2984,Mic,012_03042,395.39473649608294,28.12490890333083,47.66032436774862,111.59964797781407,0.0,0.0,126.24697190279875,0.0,120.72734631915719,255.68604112194285,280.74430903655013,91.3626440548336,176.42361648082309,0.0,63.775734381722295,331.473485788835,233.70344263356202,230.5068468263722,0.0,232.3386017613151,83.89766850763145,0.0,0.0,0.0,491.14879113454595,0.0,329.1363320739294,19.480433456289163,17.00449999544759,309.00521487724563,0.0
2985,Mic,012_03043,357.3728365095761,0.0,0.0,2.8741961652233803,0.0,135.29973105213438,91.44649876259065,24.299568930366004,135.67748596760597,152.65396711578953,54.228276996999625,17.647512734937674,58.41908772230761,22.727375214004773,0.0,272.11505473208183,112.20989668729578,47.94941992487916,0.0,39.89180553380058,32.4111717373546,0.0,190.1335611107672,208.6674313844768,0.0,0.0,59.835886621559425,15.05128057789746,6.569142855384178,141.078656728298,64.16412663501933
2986,Mic,012_03044,52.725400676407865,44.17163606903493,4.009983470029683,0.0,0.0,51.567458844256734,46.47127800103022,333.4109565200219,190.68591454314176,264.6699901407283,0.0,0.0,14.84370480469677,0.0,0.0,0.0,114.04564141837626,52.214859120650615,0.0,129.23537766682554,148.2363713509071,0.0,0.0,0.0,0.0,0.0,45.61109762410282,57.36569361361225,70.10444169902317,165.44618309099602,423.8900022380981
2987,Mic,012_03045,507.3924530087547,11.285229904784785,20.489884188552924,0.0,0.0,52.69903317626237,402.0906691324249,0.0,313.7741232347432,624.8969759651701,84.48731557212794,27.494714198319826,45.50828620374119,0.0,25.59026332558136,164.593730874456,164.77505601535154,138.73766329361587,0.0,186.45354874889236,100.99280472391999,0.0,1184.9075846025241,469.592571987149,172.44095488109454,0.0,163.14188836708877,175.87350581226576,10.234683382839926,90.17422058543733,99.96730701443451
2988,Mic,012_03046,643.0159158859133,5.572737367842643,0.0,53.07029699502242,0.0,104.09282714072877,143.83555931959737,327.1602179130934,251.1726833636955,87.5075220952104,166.88206605268618,40.73133357243355,29.963144063969956,17.485302602725035,12.636678019907825,128.07396602615046,170.67276624349296,168.6394459277484,65.3216399238069,168.7991492672506,49.87105991784904,0.0,585.1169032325158,0.0,0.0,0.0,149.61287285677068,46.31880153074327,70.75556654452494,311.7012918998166,65.81954785883306
2989,Mic,012_03047,0.0,0.0,0.0,14.429045395111315,0.0,0.0,336.6585917407967,0.0,255.42314593144002,195.34507457617673,0.0,44.2970395417375,0.0,0.0,0.0,48.21432520564872,58.27410517616092,68.77593564982668,0.0,25.03311534128648,0.0,0.0,0.0,0.0,0.0,0.0,0.0,0.0,0.0,18.160086090122796,0.0
2990,Mic,012_03048,471.7397375888189,10.77840820247409,15.655743847061991,21.384363684371557,5.161762839074207,150.99693038827272,263.07752228846687,131.07398465320554,372.2371744973905,8.907951351009439,0.0,787.797649335092,956.2190196941787,287.46046883701547,171.08700001803348,357.27681102988197,598.792601690372,642.1489680358816,758.0439411517231,727.1595360513813,1109.2577967955106,792.3268560707213,0.0,0.0,0.0,0.0,122.42619467068315,111.9833300481293,19.550083827101414,193.78008031496302,63.65183819881159
2991,Mic,012_03049,402.7252705771424,88.69536488934476,41.680581807323016,82.8101735719432,44.974664041324836,438.54760651898334,29.274660151373624,100.64071465326586,287.07340531859677,43.11964856865439,156.2403111159931,457.6076780485578,308.57695901242096,98.22178679443802,212.95549567462052,359.72079153431827,289.8503318327308,138.14992291399966,61.15620201562209,409.45469527791187,280.1452583211346,0.0,0.0,0.0,45.5558299023347,0.0,204.72111498818322,75.88899294276125,85.17036519458964,171.96811958385845,92.43353894957858
2992,Mic,012_03050,65.7576603911687,107.78408202474091,54.79510346471697,54.173721333741284,30.970577034445245,436.21335445501,342.7063508738649,117.51460693046016,239.74597679492948,47.50907387205035,161.38595010484318,428.9120535268834,502.2564547888615,112.729595622359,162.94000001717473,416.0289977325737,483.6401782883774,258.2186326493493,84.22710457241368,242.38651201712713,450.1335986996274,0.0,0.0,1027.3404003358755,266.651639098995,0.0,185.49423434951993,119.44888538467126,104.2671137445409,279.90456045494653,190.9555145964348
2993,Mic,012_03051,439.59045265094767,186.20629342894898,4.507774521481642,0.0,142.67824454489258,0.0,254.2352813490844,603.8442879195952,497.7448460155346,984.9122486854023,0.0,0.0,166.86371608038436,19.47500945062133,14.074644829069747,405.9978694903248,347.0323435835514,70.43604444137421,0.0,153.8241777178362,111.09208519631197,0.0,217.2330571771294,993.3689022805074,0.0,0.0,230.72924211916836,193.46085639349238,33.774455163371755,111.59059797447868,0.0
2994,Mic,012_03052,364.52616086408733,37.72442870865932,15.655743847061991,0.0,56.779391229816284,100.66462025884846,411.2476210486379,171.75211782144174,214.5095581849369,191.52095404670297,0.0,26.259921644503063,0.0,16.90943934335385,0.0,276.2940671964421,188.0822915565912,326.17090439917797,0.0,118.71992425328675,192.91439944269743,0.0,0.0,0.0,1764.6064352139376,0.0,100.16688654874078,22.396666009625857,58.650251481304245,242.2251003937037,31.825919099405795
2995,Mic,012_03053,173.93105389800738,77.14260727770744,9.337532937354831,61.22037831925801,135.45940479113312,480.314045235077,541.0584510119947,0.0,406.3964696873448,435.66244928829747,0.0,0.0,276.5170152189227,161.3643640194339,29.15462143164448,602.3346770334258,265.5634221599333,97.26882327618344,0.0,283.2318192899841,115.05965966760884,0.0,0.0,1097.436120614656,0.0,0.0,0.0,26.716023025767992,0.0,179.78485229221567,227.78264955431868
2996,Mic,012_03054,376.9403644848457,39.00916157489849,4.04722789854389,22.11262374792601,0.0,208.18565428145754,84.42521960063323,0.0,355.5561361901663,414.5093151878387,0.0,122.19400071730067,224.72358047977463,34.97060520545007,101.0934241592626,290.62938444395684,254.02458231589654,179.17941129823265,0.0,92.07226323668215,49.87105991784904,0.0,877.6753548487738,0.0,0.0,242.52578368970552,138.1041903293268,81.05790267880072,101.07938077789277,139.15236245527527,296.1879653647487
2997,Mic,012_03055,135.9428444137476,0.0,6.052104681618872,79.35974967311223,19.954036901050756,155.6573294743305,301.5899884344637,6.988938517587908,260.96618295252165,788.5805173996621,0.0,375.6019811143159,873.7169578097904,156.88202057444963,283.4477083632102,371.9869118296926,271.541142869472,220.65612687652722,48.840022443031536,189.31293476847895,111.86355801017527,0.0,583.3109868645142,0.0,0.0,362.66587098043925,206.51691424246553,216.4492606254351,30.230222214129043,233.05443815657583,123.03075207409186
2998,Mic,012_03056,0.0,169.33743060960168,86.54298819987405,59.727198360251705,78.09189633191711,468.5990685220263,295.6026659187483,99.9393856312919,201.9133318229807,222.88501272334074,0.0,626.4867020902875,522.6846019382075,177.10722880181766,142.21766552021697,110.87614855654411,254.61926094392263,35.58615485714028,0.0,259.0534932530343,56.126663252492115,3833.914620260784,0.0,0.0,0.0,0.0,142.47508369340827,117.28985718629848,11.375832749567723,131.54989192113342,0.0
2999,Mic,012_03057,0.0,0.0,4.951722012233622,16.23267606950023,6.53041207670752,63.67799842131703,153.02663260945303,68.61866908177218,0.0,185.95348445232207,0.0,66.44555931260625,18.32972638761798,0.0,30.921568185077476,96.42865041129744,92.26733319558812,64.4774396717125,0.0,46.93709126491214,0.0,0.0,0.0,407.38159022816774,0.0,0.0,28.161397396699844,85.00552780926179,0.0,6.810032283796048,0.0
3000,Mic,012_03058,568.1747760668242,11.999961132087824,43.57515370765588,52.37743478425407,120.68201517755497,168.10991583227695,323.19224807116484,0.0,287.9895970376987,337.1956518068774,89.83817889169606,73.09011524386686,32.26031844220765,75.30336987573583,27.210980002868183,238.6609097679612,211.53500178946413,238.30861702664942,140.65926463593084,214.78412962823796,214.77803137953654,0.0,0.0,0.0,0.0,0.0,173.47420796367103,249.34954824050124,54.41439998543227,185.77768070195617,177.16428298669226
3001,Mic,012_03059,0.0,47.78745583574796,104.11762390324857,37.92412816237221,15.25689193142288,74.38491850985706,201.10137117259978,521.016089134164,251.7500254700366,631.912725926475,0.0,19.40445537447793,85.64686312090525,0.0,198.6642345342146,119.68246212552627,275.12597443789247,180.76506980529666,186.71583801229755,241.248341651867,356.37947684657604,0.0,0.0,0.0,34.77159583253423,346.6187085476764,148.0342482622983,82.7487438851221,72.23150440544107,175.01180311631614,1034.7648386833355
3002,Mic,012_03060,259.25310136514275,122.17154998731947,0.0,12.92738003724905,0.0,76.06783521822486,260.4914895369965,0.0,505.3564278666161,0.0,365.8568371155042,59.53041060586442,87.58457495621985,0.0,18.468990952172973,151.18790664033742,142.1255325337137,92.42738863347748,0.0,89.71143597420311,72.88847218762551,0.0,0.0,712.5886122543127,0.0,0.0,134.56305724395943,84.6208874119348,0.0,162.70122379386032,48.098900358377996
3003,Mic,012_03061,0.0,11.21491694587647,0.0,8.90015884184436,0.0,209.4827611617158,314.63419788859505,536.1234331996405,164.11533909146263,245.62080189340986,0.0,0.0,45.224745479730345,0.0,0.0,69.39258020252245,137.7883047623244,243.92960354307684,0.0,169.85085736237363,150.54534909780597,0.0,0.0,0.0,2594.979282754486,0.0,104.223489430777,34.95554414586466,10.170915885127528,134.41858115305843,264.9185539987922
3004,Mic,012_03062,594.1697004620382,159.99948176117095,174.30061483062352,0.0,0.0,0.0,0.0,357.83365210050084,608.7584978032653,0.0,0.0,32.48449566394083,179.22399134559805,0.0,60.468844450818175,471.42895756634306,256.40606277510807,201.7427445728249,0.0,128.50332541860388,596.6056427209347,0.0,0.0,0.0,0.0,3481.5923614122166,302.89147422228274,360.171569680724,169.2892443991226,186.44355052526066,0.0
3005,Mic,012_03063,42.28408516730373,0.0,33.76672427530529,0.0,38.17037907566315,62.03317927390293,0.0,116.98090448626846,182.7312266326861,164.68205265150297,198.90371710338607,48.546940014376524,0.0,62.52124805181018,15.061428045867997,369.88037676215384,127.72995747099479,62.81197075030296,0.0,91.4493881471351,416.0829021190283,1284.8959503186102,0.0,807.8911662827447,0.0,0.0,68.58495306945349,41.40490653440058,0.0,152.58492998970334,0.0
3006,Mic,012_03064,1238.5816917719694,158.8230149835153,7.68973300723339,92.43076726633072,212.9682620780382,197.77637156738464,0.0,0.0,0.0,726.3124333902463,0.0,180.57557883778873,56.92997372154291,66.44414989035513,0.0,0.0,98.0376122375413,60.07780261176037,0.0,14.578108345808007,94.75501384391316,0.0,0.0,0.0,3004.6749575289873,0.0,393.59694243858144,110.00715363551527,153.640658782397,31.726738639802768,0.0
3007,Mic,012_03065,0.0,0.0,67.47120574088652,0.0,0.0,325.37403064311667,208.51112778784824,0.0,163.14123514330683,902.1743245686852,0.0,0.0,0.0,0.0,0.0,225.8296780600063,86.8472148109237,153.74749485590286,0.0,95.93335814660752,0.0,0.0,0.0,322.15060314817316,0.0,0.0,23.98260939589922,144.78360865577488,42.127277408076594,115.99022728530042,411.4783346787691
3008,Mic,012_03066,0.0,0.0,7.60031750714928,0.0,110.25765506255021,586.4299389498033,1027.5916317669667,298.41142135561387,392.0448286389544,0.0,156.69449806691168,0.0,84.40199592438047,0.0,0.0,166.5076114660194,186.34161538888665,336.4822665658671,0.0,172.90314549679263,374.6128454294241,0.0,0.0,0.0,45.68825964042288,0.0,129.67341126852486,65.23680041175905,94.9088371838935,62.71564614844733,61.80149406512521
3009,Mic,012_03067,57.04141798841471,63.716607780997286,17.352937317208095,18.962064081186107,15.25689193142288,297.53967403942823,178.75677437564426,0.0,1053.6204769671901,256.71454490763045,0.0,0.0,0.0,24.99005637469109,0.0,302.7262277292723,121.96306083329254,45.191267451324165,0.0,120.6241708259335,71.27589536931521,0.0,0.0,0.0,0.0,0.0,180.93074787614236,16.54974877702442,28.89260176217643,103.41606547782318,235.17382697348532
3010,Mic,012_03068,128.63547389944006,34.95134310316842,12.691792342035695,34.671735294078154,37.660823044313275,122.41013288758029,463.31412989570805,128.24362910913732,138.0958877578356,371.90696890464415,65.41614967841946,21.288383080737926,35.23578470629476,0.0,9.906910195218998,84.96019441577904,144.69516892041898,181.78882020063406,0.0,132.3352553721406,39.097942605498154,1352.259427325605,382.2669088675214,46.614398327078824,1163.4981071536818,0.0,144.36133811123804,9.07826025147456,79.24427182344505,100.36533016313011,103.20249494370425
3011,Mic,012_03069,245.26941524698864,143.83515055584718,86.55338750150825,55.44311278532498,0.0,690.8626678038778,214.44691117735678,472.18417491429534,432.9947165618589,669.0929029608667,307.6649962044385,230.28392474095045,265.15330226472037,141.83853914950237,326.15900688369396,283.3417193592233,414.1718936378743,279.8144231232674,240.85490519851172,441.33725266076294,183.88530083864427,0.0,0.0,429.7038691447797,71.76603340778755,0.0,475.2718026401947,273.2597788937,81.99430134791164,262.69932755026946,364.0361979178609
3012,Mic,012_03070,349.02769192489194,17.08855224506177,37.23193512995914,40.684428629886646,76.3810222642753,425.59472362601764,632.8329224494722,664.0376267470232,156.70937473879093,169.47659342490113,85.28941034021777,235.92378971121585,260.3285190747769,107.23581153190227,154.9992531808947,10.070080580926632,271.8228830052569,204.69546670462654,333.8431913827472,258.80755639235093,152.92739576074592,0.0,0.0,0.0,0.0,0.0,117.6362169735563,106.52591459641667,10.3318480984998,233.2651564550899,67.27757581773125
3013,Mic,012_03071,410.5825989698124,0.0,4.2581583427676755,0.0,5.615728951956956,492.83037214674033,618.4867939472616,334.3763157860951,387.8147032485097,460.34087356275177,0.0,199.98598307768134,283.7226703386341,202.3624760504301,332.3816775594648,259.1323667404573,235.94368968719223,88.71423621280574,137.45205013283143,306.75758929615546,157.41060931724988,0.0,0.0,775.7121764605222,0.0,0.0,169.5187699970727,73.09921609656388,0.0,29.280920568764767,69.24988260066148
3014,Mic,012_03072,411.0657347606927,31.952559227452777,228.18941438624532,287.3856023665366,102.01353776631868,447.62995339955404,842.6425106885029,0.0,137.1576952264981,140.8405089343031,0.0,285.44068675119604,300.6508967247162,150.38394871633633,217.36581659095884,442.487682804504,381.1954039777864,211.51652398815034,62.422750578075814,234.62990947099277,285.94708319760775,4368.037996313893,0.0,0.0,2045.9689287498247,0.0,164.96913267889258,154.92131695415756,28.978082832478723,132.9769617545974,31.449281003554844
3015,Mic,012_03073,327.8927026000706,0.0,0.0,51.63164436563928,0.0,303.81310090170535,754.4397357082913,518.3603074008573,31.73555653515633,0.0,0.0,0.0,87.45267047586411,0.0,98.35293976940306,153.35640788302726,189.21531740934174,205.08486835339883,0.0,283.65837323469793,0.0,0.0,0.0,0.0,0.0,0.0,134.36040203726674,0.0,0.0,0.0,128.07056601447636
3016,Mic,012_03074,86.3882780862156,24.51353927761131,2.5432969090071524,0.0,60.374549004891314,261.6496744471237,548.2164227374452,205.5890085329361,155.7882417305573,205.48945363602905,0.0,8.531920067377456,18.828979635529755,10.987845798988689,87.35042218819552,136.20077859650186,81.06222801742229,39.74018071595043,82.09684706377286,57.858640127331384,0.0,1463.2815048219875,490.2535920728991,0.0,107.02074826278046,152.40433488672156,21.696329511854355,36.38368894559843,0.0,122.4215920277733,20.680655601559412
3017,Mic,012_03075,37.77049494026649,91.27759481811223,84.85222628671326,86.92548645736431,20.982094786013615,204.59624644901862,2.048632404102211,780.8331309305111,299.20256952415133,168.98004266661317,109.3365260345185,44.476743556105596,29.44653813183254,0.0,99.35043408755118,455.0532559470253,217.13900853672942,179.5428583799735,42.79693650180451,246.31976170503182,98.02242811439294,0.0,0.0,1059.5934957658746,0.0,635.5848124281937,120.64274097734292,91.04040300870228,13.244884377792845,160.45706898291053,150.9310321590482
3018,Mic,012_03076,403.06320834914436,276.27817490155684,152.00635014298564,166.10180164139769,240.56215650010958,273.66730484324154,439.22202317810917,77.23589729204124,622.3711654643402,404.7731661566824,313.38899613382335,122.38344878042824,180.05759130534503,78.80585219553748,142.38303489872885,185.00845718446604,245.9709323133304,229.59966424494462,49.06718533811541,155.6128309471134,112.38385362882724,0.0,0.0,0.0,36.55060771233831,0.0,259.3468225370497,295.740161866641,60.74165579769184,137.9744215265841,74.16179287815025
3019,Mic,012_03077,268.9903070502185,0.0,6.137345592627588,53.65166175083643,8.094031869721997,0.0,398.30030572150594,0.0,9.893150018471268,181.58837918348823,253.0652926526649,0.0,45.43706822846147,0.0,38.325323947701655,291.3231762425817,144.4541198733003,287.69651954927497,99.05582016614846,127.98620942094352,0.0,0.0,0.0,1785.2658018449683,2693.2478311978857,0.0,226.87773677341283,35.119654681760736,76.63999997948207,185.6932746680162,0.0
3020,Mic,012_03078,175.39265939294862,9.183643723536598,0.0,0.0,8.796065246177475,171.5407304410989,649.2701412143936,169.4461012019272,0.0,60.71950512728883,0.0,0.0,0.0,0.0,0.0,97.41261623182089,150.44233275070113,208.43319273467878,0.0,227.59699764373724,0.0,0.0,0.0,0.0,2165.064058878815,0.0,56.897517189250706,19.082873589834275,99.94481629977356,155.93584127386052,271.1698208979984
3021,Mic,012_03079,412.52353489221514,21.599930037758078,15.687055334756117,0.0,0.0,67.24396633291077,513.0676938129742,295.8837010806016,0.0,238.02046009897228,0.0,0.0,0.0,0.0,16.326588001720907,216.38589152295148,238.45763838085048,285.9703404319793,0.0,198.2622735029889,128.8668188277219,0.0,629.9758658136753,0.0,0.0,0.0,133.82296042911767,119.68778315544058,26.11891199300749,323.6127341259882,0.0
3022,Mic,012_03080,179.0466731303017,60.81061384503963,52.99680856336526,19.30372289345973,11.648843163856657,283.9694524193867,617.5865382272046,341.70242644098715,121.02397370569075,206.05656385257313,0.0,148.15563900783823,163.48134345713333,76.32098298216468,41.36804392327933,365.5167086536342,365.9850051435241,437.0524829639324,0.0,276.29455344588825,54.420109302247425,0.0,0.0,0.0,0.0,0.0,238.61075902338925,151.63148203814265,22.059891885986058,188.28818990063124,0.0
3023,Mic,012_03081,288.73929896111895,35.57300730856073,72.33819983089118,67.75377837704443,0.0,265.7864281933233,247.50394491615882,363.97728817287856,528.8924923906449,611.5150160645532,0.0,0.0,286.9000651974988,89.29253344948911,0.0,421.351276797191,235.63007745143327,201.84241984188262,83.39482093039378,176.3202037081917,127.3387537823339,4404.196711922129,0.0,1548.5561069542773,0.0,0.0,132.23612690624276,192.18641069920054,38.71380236117711,227.39586060675498,0.0
3024,Mic,012_03082,0.0,0.0,43.21502847040252,29.513956490000417,135.35763213539224,69.46690736870949,200.32577359782942,180.90376394285397,191.56735944858002,0.0,334.1089297625059,54.364548528496016,0.0,0.0,0.0,203.81510200569684,60.92292813871369,98.4746351349791,87.18549460904804,71.68573938641127,0.0,0.0,0.0,2095.105321173434,0.0,0.0,30.721524432763466,0.0,26.98234710021435,74.29126127777506,0.0
3025,Mic,012_03083,434.6713530984107,76.98549402459601,69.22325843578734,26.18386852758489,38.62386287323552,102.71481619080059,777.5373585215142,350.5002485887671,467.79890830722496,106.04272025794334,274.4547216650592,53.589493865156975,98.55494432446328,34.50765422004187,33.2517067244825,301.3640815807249,206.27371648913987,235.7431765756788,42.97126210873651,100.94820443125707,131.22893974309767,0.0,0.0,289.4459829319714,48.01454577282731,159.54343815025433,128.70504227738178,251.3809091222976,66.49417513494778,274.62044647487113,64.94820964888923
3026,Mic,012_03084,0.0,103.59678675183731,366.78366789897393,226.08964655073697,49.61233923023843,241.88477098169346,494.0888684541189,651.6305265319372,424.48019215944345,438.7967115133931,0.0,94.64907009997148,104.43987984887367,81.26262936230484,88.09310072870993,423.5229573819935,470.38522307663703,244.92149745801586,0.0,356.5868228471023,231.77485400669408,0.0,0.0,0.0,0.0,0.0,53.486395055602586,107.63289852107968,234.8823020953911,530.3006434518592,229.42137365183174
3027,Mic,012_03085,1101.8256808018568,2298.454093761437,3660.312911443094,4428.274031759662,7718.34426739967,387.94595961294687,1856.8016175242399,836.0920909655933,534.9150113833426,102.98962215820914,0.0,5566.093391648323,5509.069764746229,5647.7527406801855,4081.647000430227,2717.062665050635,2504.889997879902,3561.5353753433324,3732.8804845689333,4346.519072950142,3593.401678849938,0.0,484.59681985667345,0.0,0.0,0.0,228.7571973147311,172.62661032034703,75.3430153644447,359.56970458443135,81.7681306092426
3028,Mic,012_03086,488.9502145877824,59.08077143806914,5.721026744987643,31.25766945549278,0.0,478.21201440253844,165.75094779360887,293.99421020155347,246.69013355686945,332.0307293503169,176.92420350662238,0.0,52.94362982856835,111.22488986022249,26.79418162208026,327.26660128648217,246.86798166531187,372.4736121079235,277.0094927184633,227.7630056653592,599.216608334593,0.0,0.0,0.0,0.0,0.0,138.2804721185874,229.16151041796613,64.29710282742545,153.42689801742694,46.52016183458003
3029,Mic,012_03087,499.1604220602351,0.0,0.0,16.23267606950023,0.0,0.0,22.953994891417956,251.6017866331647,0.0,39.444678520189534,408.3553585986184,0.0,36.65945277523596,64.1790084168203,15.460784092538738,204.91088212400706,104.40777177395498,12.895487934342501,0.0,112.64901903578914,0.0,0.0,0.0,0.0,0.0,0.0,197.1297817768989,99.17311577747209,37.100727262794734,108.96051654073676,40.264609769702794
3030,Mic,012_03088,156.52740083968644,0.0,0.0,47.124964754342926,7.1093970649516915,103.98551494780017,0.0,208.54416129181897,362.79303021344487,226.97827380572096,222.28003024749535,18.084152225286648,39.90967229963832,11.644851011711724,16.831534022392688,91.85574534024622,99.12605519656239,91.2521950322958,87.00573070263762,86.8674909678044,0.0,2096.4203369198403,1233.9733454082302,0.0,502.28824825306145,0.0,76.6454527085439,38.55920849079916,67.31678348713271,92.67260427433797,65.75169265485486
3031,Mic,012_03089,0.0,185.04612960696173,152.71666019038278,100.12678697074907,64.44967432713216,157.11207087128687,698.487919312681,162.24788109989123,201.86186708249903,104.27298193588155,629.7068613903929,348.37344648945896,271.3484728783821,131.95683973551837,95.36558412220157,223.04757922239364,188.7100695657921,127.26761923986618,197.18588500364135,277.9377665929751,451.6360472934179,0.0,0.0,0.0,0.0,0.0,277.92930514873865,157.29994865639097,106.79461679383904,218.43019437371996,198.68891549909415
3032,Mic,012_03090,291.0859394150579,7.243437303071119,94.69047485768279,0.0,27.750966410475417,202.94959657820155,310.91809579280823,634.8262383058118,154.75713243180056,212.51826794551096,54.228276996999625,61.766294572281865,77.89211696307682,22.727375214004773,41.062847086823204,448.1895019116642,238.6072515764335,102.74875698188391,84.90498871384155,259.2967359697038,64.8223434747092,0.0,0.0,533.2612135381074,0.0,0.0,164.54868820928843,225.76920866846189,32.84571427692089,289.39211636573947,106.94021105836556
3033,Mic,012_03091,130.21576227658306,90.1182851816872,87.83924265179644,62.10763017895739,0.0,332.233035241654,157.01863172100397,310.27572106540464,266.5285001023722,286.15766777379736,213.054969703627,98.22387028820053,102.00891207022181,66.96940008711682,37.64364822531171,371.04067658260107,195.0915695027996,215.2985811646748,194.58791550425212,208.97209328378275,233.4543819342788,1229.5049154115943,498.004637006858,182.18307140638555,20.70719541015214,206.4185194513172,142.03139556596446,93.62927700730283,64.52300393529518,251.08292941995862,70.02540829513529
3034,Mic,012_03092,233.75537880900498,18.74993926888722,65.81663841260523,42.15986701384087,59.862110703152275,437.7862391465546,759.2352615821092,209.66815552763723,128.0441551869849,0.0,46.79071817275836,91.3626440548336,193.22586566947288,49.02563142951551,56.689541672642044,182.31041718385922,175.83401874334666,242.32771076618616,0.0,172.10266797134452,195.76122651780668,0.0,546.8540501854822,0.0,13.643021975959611,543.9988064706589,96.80480355115571,103.89564510020885,68.01799998179035,199.76094699135075,147.63690248891024
3035,Mic,012_03093,80.92505000239626,0.0,22.156857817452142,44.38765659682549,53.5715160190922,0.0,139.79890673982234,123.6686747857928,247.03530957140336,701.7905514923792,0.0,37.164465378237395,123.02663812706307,15.954103787232164,69.18045763441063,166.29856236185617,291.5351419971214,259.65829942371005,0.0,210.02359481248826,91.00764041505784,0.0,0.0,1193.5392837193292,0.0,0.0,168.01376073963297,200.747517651251,0.0,325.0347612062656,90.08353372204692
3036,Mic,012_03094,112.90733019654267,13.910310431322822,82.83993672398258,44.15689317205626,79.93951104717708,233.84686900934972,295.0315633957214,282.32287031789417,675.8152982092487,282.8102452876119,124.96810046758338,33.89031618726439,52.35445805922416,8.729138702751445,6.308573416430026,292.63934324974116,158.51997698615642,126.28409822564775,0.0,210.67281767125942,174.2789280900412,0.0,0.0,0.0,0.0,121.07546851897197,172.36342146975485,86.7135214128482,55.50773414279026,186.1759675978122,16.4294543727999
3037,Mic,012_03095,171.88480620508966,287.99906717010776,156.87055334756116,257.12558894088363,229.8705051001047,1120.7327722151797,377.0576227496923,996.343075067332,962.3067022967005,1348.7826072275095,539.0290733501763,116.944184390187,193.5619106532459,37.65168493786791,190.47686002007725,1251.6438823386409,645.2885913173551,748.9699392266124,562.6370585437234,462.6119715069741,644.3340941386095,0.0,0.0,0.0,0.0,1044.477708423665,446.07653476372553,224.4145934164511,370.01791990093943,635.2398114324953,212.59713958403074
3038,Mic,012_03096,19.48807326588318,28.57133602878053,35.57155404706602,0.0,3.909362331634434,114.36048696073262,68.70583504914218,109.5409139083166,121.8472660438247,199.0250445838912,366.68644445590223,9.9442333665125,98.75607686390094,12.806695557097928,27.766306125375696,104.62836558232614,148.2620090876475,38.598739395310886,0.0,106.77390012916068,146.10750433982076,0.0,0.0,0.0,1603.751154725048,0.0,202.30228333955807,169.62554302074915,14.806639451818306,163.0701608092659,216.9358567183987
3039,Mic,012_03097,48.331617286707214,22.085818034517466,108.26955369080142,30.672786683472822,121.63393291339897,206.26983537702694,390.3587352086538,666.8219130400438,145.43840939731152,689.05462950431,165.34634151845898,80.71301069874869,44.53111441409031,103.94636946037153,100.16311657497491,200.10423927375066,133.70868304223424,135.7586337136916,64.72052053800499,106.42913454915048,197.6484951345428,0.0,0.0,0.0,0.0,0.0,79.81942084217992,149.15080339539185,100.14920242717596,275.7436384849933,163.03461624542234
3040,Mic,012_03098,0.0,74.43584912761243,78.631856314567,85.92333799194105,58.331801106229584,315.996082391498,110.11014090770418,323.48801138549743,558.4980723773451,391.48101989962544,101.32125438913089,280.2703667246023,163.72718006383582,191.08937844406645,260.85713912524005,149.5369108821812,154.22921069179432,268.76911694734895,237.95740257958224,177.01988705624007,302.78857807265484,0.0,0.0,1140.7559674810238,0.0,0.0,41.9244863499742,112.48851800323365,0.0,0.0,0.0
3041,Mic,012_03099,171.54172275957052,123.95169432845206,78.27871923530996,94.09120021123485,0.0,301.99386077654543,24.19103653227281,397.74174653386507,258.67329075242395,574.5628621401089,242.0789251572648,131.29960822251533,43.46450089518994,50.72831803006155,85.54350000901674,314.40359370629614,266.76978088128755,193.66397448701193,126.34065685862049,289.3798153673864,192.91439944269743,0.0,0.0,0.0,0.0,0.0,122.42619467068315,55.99166502406465,39.10016765420283,102.27282016623046,0.0
3042,Mic,012_03100,285.20708994207354,151.32694347986856,497.45086975996537,366.5999055695981,61.02756772569152,297.53967403942823,218.9770486101642,447.539461179346,424.24541329209876,796.4733316364947,0.0,504.51583973642624,535.2928945056578,249.90056374691088,487.63039385670857,598.4123106276313,431.12523829442944,497.10394196456576,186.71583801229755,241.248341651867,356.37947684657604,0.0,0.0,0.0,0.0,0.0,98.6894988415322,82.7487438851221,101.12410616761751,175.01180311631614,188.13906157878827
3043,Mic,012_03101,456.47063918934066,0.0,0.0,0.0,0.0,369.4723424885208,0.0,0.0,474.7081269852176,0.0,0.0,0.0,0.0,0.0,0.0,104.90589440349943,169.05894248908223,0.0,0.0,27.23382877788309,177.01486102709052,0.0,0.0,0.0,0.0,860.8332761733503,0.0,0.0,35.87762636402128,0.0,0.0
3044,Mic,012_03102,389.6898179894802,754.4093211716977,778.5854669823808,420.13985121059414,88.73677586584925,370.8306966888462,0.0,0.0,635.2711699360999,962.5827430473142,0.0,935.1235332671201,782.787138671215,1245.8278104441588,810.3269780265891,105.29157783880639,1366.8705552349509,2002.593420392012,3413.05568601891,1785.8182723614807,1895.1002768782635,0.0,0.0,0.0,0.0,0.0,273.33121002679263,275.01788408878815,0.0,118.97526989926035,0.0
3045,Mic,012_03103,861.4999344820314,156.52123215766724,369.44152056490856,569.3199433071094,587.1692249839631,365.45633876581945,753.8224988978708,787.6229842429503,320.6671016856666,765.3737620936155,0.0,476.6746646339144,280.52450819310997,736.6634009582851,354.9258261243676,23.059025098353736,659.5953064142271,888.1066473042836,1681.7955554296077,987.7196596616294,700.3631458028365,0.0,0.0,2198.8484590576254,0.0,567.6509284911223,296.30687695658094,81.30963529581562,94.63373910509961,234.50198125071609,0.0
3046,Mic,012_03104,253.44181166754436,57.25627577934547,31.1869887370897,5.679823038234672,0.0,66.84290887963299,271.0670569682359,195.07892005354717,198.99392706139776,79.85278855209059,107.16283764417024,0.0,67.34261305033405,11.22813666139202,0.0,202.4426537461831,123.61524895221412,60.91387541152641,0.0,54.19694355200988,96.07367208826186,0.0,0.0,381.8117715856159,15.62302317724202,467.21169859905496,140.41507886863462,74.35871219895664,71.39861628307216,128.6730553184844,147.9304152175164
3047,Mic,012_03105,537.1400193909052,207.69163497844303,0.0,123.61807160619405,99.46319932216068,161.64414983872786,592.3896373900557,827.3827983513684,344.4528482392737,0.0,0.0,0.0,93.0586108909836,108.61062962846513,117.73981732010269,0.0,271.1987202429027,65.46940028204655,202.8739393787464,142.97760108388619,154.88800339870423,0.0,0.0,0.0,0.0,0.0,0.0,143.8555086002892,94.17876920555585,0.0,0.0
3048,Mic,012_03106,110.55230824152859,157.04647119175337,74.57492748625671,19.1741677062553,11.570663008394531,169.23817030094995,708.3387148371796,724.4105131921318,346.4926400764585,284.5462715109358,180.88223937925378,0.0,0.0,0.0,0.0,624.6829181845964,221.55893008251786,297.02895698431854,0.0,133.0619285254959,0.0,607.6091856338877,0.0,128.89350409903676,0.0,262.871906482466,212.06099247716259,163.16497284193872,32.86775838046245,180.9914620391433,142.682644016128
3049,Mic,012_03107,285.63457531637573,52.785752780444966,3.8335912352776433,0.0,35.39062028667301,295.7945733119243,94.77778535811285,115.1022836210372,432.5714568193742,226.85234466910845,158.07304203817486,12.860430834697983,0.0,0.0,0.0,531.9128780752213,144.74535801820613,109.81963918278775,123.74715363864883,58.141429179762135,188.95427980604384,0.0,1200.8337618149237,416.7682628140702,0.0,918.8953446542507,98.1106748014059,109.6845520119507,134.04133720751645,115.99022728530042,62.34520222405594
3050,Mic,012_03108,173.42637397374514,88.78895008047041,14.655320753695925,67.2600568978395,50.25196019565069,37.69280624042084,210.6003298109468,20.308664391914636,238.60015285579863,380.245690180533,60.429268312800026,29.498252789004564,97.64894595735498,37.989368210853264,18.303349777714022,371.0124755735121,104.91952120281887,68.69883258295467,0.0,122.24691751865905,144.46952783376895,0.0,0.0,0.0,0.0,175.6408702506163,91.68239690584791,117.40673796077414,14.640645735990747,253.9561814890042,71.50128012915832
3051,Mic,012_03109,1563.2501410361367,0.0,92.90134293002777,0.0,8.751415168785712,85.33498265597815,410.1424467908183,0.0,0.0,521.0473269933086,0.0,89.04379522095456,98.25477698134308,114.67518255188195,124.31412184051453,96.91813594638018,296.1034481286146,103.68757811166762,107.10096292075951,301.92224391318103,408.8414302909959,0.0,0.0,136.48317236070594,0.0,0.0,132.08696037842972,170.87405590085112,33.14582740229377,127.76588487771672,269.7933243452167
3052,Mic,012_03110,0.0,0.0,9.206018388941382,0.0,97.12838243666397,118.38726467061757,128.02509826762687,350.8250264321592,103.87807519394832,0.0,0.0,0.0,204.46680702807666,39.77290662450835,0.0,515.4179271984137,81.25544242873141,23.97470996243958,0.0,139.62131936830204,0.0,0.0,1996.4023916630554,2867.2450756904036,0.0,0.0,235.6038035723902,26.339741011320555,0.0,202.57448145601765,0.0
3053,Mic,012_03111,266.6881377556446,0.0,0.0,0.0,36.24084539866516,252.41729103945488,988.7450532207183,784.2722358114863,227.80983285777083,254.63900573651313,0.0,65.84695067015033,116.25339979173928,0.0,12.257198199490173,439.5756496226712,248.32118692183886,153.35174840839733,0.0,171.1723832796075,386.98744392709284,0.0,0.0,0.0,1675.5105907773102,0.0,111.63076445538677,146.01550122191517,9.804396393771581,183.5641134515115,31.92149243003465
3054,Mic,012_03112,710.0654387389743,7.692282776979373,11.17311633529638,109.88273031661694,29.4705775769365,359.2092218638396,565.4137886928764,774.1593434866605,364.71478048864276,292.43966785664327,0.0,0.0,103.39845654553733,0.0,104.65761539564683,550.755945618372,238.32614809224785,480.1089354016747,180.33239055888566,264.77333534053,137.67822524329262,0.0,0.0,0.0,33.582823325439044,334.76849628963623,190.63099776227585,207.7912902004177,69.76205126337472,284.27519379538376,45.426739227357
3055,Mic,012_03113,227.45843453463223,154.50593732301917,22.442139248578137,0.0,118.38824297001102,288.6007138751536,0.0,317.4717822753236,257.75264887180185,83.00069692292487,115.671474967849,319.9653113680009,186.91600814154646,193.914257190736,87.58899142554135,546.2910667077795,352.1456656138823,263.0015393304531,0.0,138.2730448250459,207.40367837079705,0.0,0.0,247.2763791084525,1753.8016919482502,1344.8210838072941,223.3573493094477,32.10509204813321,14.012291841742217,61.728704649687785,45.62170377339716
3056,Mic,012_03114,114.71388581508509,393.5052189418409,594.2066414680347,658.5828576768664,417.9463729092813,436.64913203188814,330.1003074861058,166.6453391985896,148.2366471923536,573.1553287015295,58.33647979980263,332.22779656303123,398.016915845419,452.3092021756859,362.2240844537647,234.1838652845795,306.63279152218,250.5409084386543,45.66859241426326,305.761623097142,278.93250828511236,0.0,0.0,0.0,0.0,0.0,329.89065521848386,283.351759364206,141.33610385826563,404.7104900084508,161.05843907881118
3057,Mic,012_03115,26.30889890894229,161.63212953424414,58.69306417765895,198.2374155099783,73.88694806789081,308.77331479397805,554.4560888465774,0.0,124.71426053897353,160.90668858731544,0.0,35.799240119444995,227.13897678697222,80.68218200971695,66.63913470090166,347.4383312268278,252.48148018161146,69.47773091155959,430.5895856201964,146.6736207037418,460.23863867043536,795.9012629402133,578.549264522763,0.0,48.112534641751445,159.8690370036222,250.34907563270312,312.9591268732822,113.27079180641003,245.8282674199684,108.46792835919935
3058,Mic,012_03116,373.6626221849775,109.56486251036708,34.102294205991555,43.47534112527018,37.47888670110403,0.0,35.12959218164835,0.0,22.90479297754761,12.935894570596318,0.0,152.5358926828526,84.15735245793299,73.66634009582852,17.746291306218378,380.4739141228367,278.7022421468566,103.61244218549976,183.4686060468663,118.52635915939553,70.03631458028364,0.0,0.0,0.0,717.5043209617716,1021.77167128402,290.91947919373405,97.57156235497874,70.9753043288247,187.60158500057284,92.43353894957858
3059,Mic,012_03117,147.9446688776202,8.450676853582973,0.0,60.35811946969099,0.0,0.0,0.0,248.05809949748627,79.14520014777014,146.66753703281742,506.1305853053298,0.0,45.43706822846147,0.0,0.0,22.40947509558321,93.29328575150645,127.86511979967774,0.0,139.62131936830204,0.0,0.0,0.0,0.0,0.0,0.0,69.80853439181932,52.67948202264111,15.327999995896414,236.3368950320206,0.0
3060,Mic,012_03118,244.69711994474565,71.24976922177144,111.66133137586819,65.47179348031759,61.059352917215314,210.1373947903462,397.6779614938161,757.9503822324085,177.79845548821334,356.41084520028403,0.0,27.40879321645008,40.32539805275955,117.66151543083721,93.53774375985937,271.80825834684464,193.63999532495137,99.29525709443726,0.0,98.09852074366637,201.35440441831548,0.0,0.0,0.0,16.37162637115153,163.19964194119765,247.8202970909586,171.4278144153446,34.00899999089518,295.8959027309383,221.45535373336537
3061,Mic,012_03119,0.0,13.533790750474987,0.0,257.7700139758232,38.887867404153056,631.992164782996,531.5661974854685,1589.0639155778822,1536.8599438468787,78.2962039799251,810.5700351130471,32.97298432054145,145.53527116785406,0.0,0.0,83.74067009402147,481.9662834118572,51.19411751378076,0.0,242.2377401822233,121.11543122906194,942.5146534818316,0.0,0.0,177.25670657487373,0.0,139.74828783324736,140.61064750404205,24.547849617488243,527.1886646162715,159.84747337145168
3062,Mic,012_03120,253.55677933980616,50.310396050678754,81.19593858569418,57.671370880460444,42.83301337269032,417.66438716093654,197.60395602177198,1143.928619971904,251.95272275302372,226.37815498543557,0.0,40.85782839719266,30.05619730640464,52.61881435416323,0.0,256.9434225245131,216.98960281433833,211.45396364387702,65.5245021595951,169.32337022770793,150.07781695775068,0.0,0.0,691.861902126631,536.9079952775162,0.0,219.34405177305345,46.46264874046607,10.1393291898321,256.8355032745938,132.04791278511226
3063,Mic,012_03121,183.91501167463016,111.48000145368596,69.11466977800404,69.05017494216412,104.17092376137677,457.096447882324,442.4365178466663,476.5991547401639,396.3013576508011,292.1323622815936,162.8486626435578,39.74689046494271,255.84089399031745,59.7194398561349,166.4720075704171,853.2187610032852,235.2971044348612,354.8401936736903,127.4857383407228,299.489839128382,486.657170799554,0.0,47.58125874725645,0.0,344.24930375593556,709.992399985875,303.2242305795717,231.64648363732366,133.15910570453215,306.8835091997035,16.057185769186614
3064,Mic,012_03122,31.308707869779536,0.0,7.143467820927193,0.0,0.0,183.72668396970158,0.0,0.0,11.514977890351805,97.54936889302142,0.0,0.0,0.0,0.0,44.60816393912816,147.80457071239852,150.6210478050498,409.27319083421446,0.0,67.71252510347982,0.0,0.0,0.0,0.0,0.0,0.0,121.87883463489769,40.87697512139365,0.0,117.89170642112502,0.0
3065,Mic,012_03123,695.0746131498335,0.0,136.35762384708642,0.0,11.728086994903302,228.72097392146523,151.1528371081128,595.6287193764715,255.64034248410283,421.6632300506169,366.68644445590223,39.77693346605,32.918692287966984,25.613391114195856,74.04348300100185,259.766976618189,190.4149332400179,239.31218425092752,0.0,146.11165280832515,328.74188476459665,0.0,0.0,243.87469346992353,0.0,532.896790012074,261.3071159802625,169.62554302074915,81.4365169850007,236.45173317343557,72.31195223946624
3066,Mic,012_03124,0.0,0.0,32.681365280741915,11.903962450966834,431.0071970626963,140.09159652689746,50.498788761119506,75.4805359899494,131.70255962089877,123.9689896348814,0.0,73.09011524386686,201.6269902637978,47.06460617233488,0.0,0.0,96.15227354066552,255.3306610999815,0.0,227.17552172217478,134.2362696122103,0.0,0.0,0.0,0.0,0.0,0.0,62.33738706012531,54.41439998543227,749.1035512175653,0.0
3067,Mic,012_03125,141.9469120312302,56.756572922036995,17.665602854455088,90.08404016947874,23.297686327713315,227.1755619355094,0.0,244.80173834578187,4.746038184536892,777.31907014304,0.0,0.0,130.78507476570667,25.440327660721557,36.77159459847051,351.1827200789819,205.00935199361115,260.6979722942755,380.1601746917049,66.98049780506382,72.56014573632989,0.0,0.0,1747.4940028706344,0.0,0.0,284.6584493612363,33.695884897365026,102.9461621346016,153.86991862847287,143.6467159351559
3068,Mic,012_03126,0.0,0.0,14.92299784508763,32.61359575607352,39.36138785960697,191.9062966121883,103.76463444065651,410.14537821022736,240.55262031214386,329.45183546804094,184.5989977226631,50.06172276977183,33.144162783090046,38.683237949864285,93.18828768105541,72.65172291262137,74.6387511502883,31.09049145814082,0.0,79.21437868270105,36.77706016772885,0.0,0.0,298.16186838617364,17.941508351946887,0.0,25.460989427153283,51.23620854256875,59.63221916211756,135.4543407681077,48.538159722381444
3069,Mic,012_03127,291.77976361975095,0.0,12.104209363237745,0.0,159.63229520840605,311.314658948661,710.7236936750153,0.0,0.0,0.0,0.0,0.0,0.0,0.0,37.79302778176136,324.1074083268609,219.6070445064583,0.0,390.7201795442523,22.947022396179268,447.4542320407011,0.0,0.0,0.0,0.0,0.0,0.0,0.0,0.0,0.0,0.0
3070,Mic,012_03128,257.962979296738,136.49244889578566,43.36863639150585,6.77002603846455,106.21978316237067,239.01883767622314,67.01261067826285,0.0,394.48349611567784,549.9287881433601,0.0,0.0,22.933875669815865,0.0,0.0,0.0,88.10160924737124,274.2888618451618,0.0,176.180930245547,0.0,0.0,0.0,0.0,37.243510228212024,371.2598489657577,105.70533999140414,35.452542403862736,61.89315638153434,289.7007098547551,151.13540728722563
3071,Mic,012_03129,1076.9325820874444,293.3323832288134,363.12628089713235,481.4491480168809,798.1614760420302,62.2629317897322,673.3171834815934,44.729206512562605,362.91371984425433,705.2458077006585,0.0,584.7209219509349,430.1375792294353,418.35205486519897,377.9302778176136,324.1074083268609,441.5882192237971,126.08921535801557,0.0,413.0464031312269,178.98169281628043,0.0,0.0,0.0,0.0,580.2653935687027,275.3558856566207,221.64404288044554,60.460444428258086,273.006627554846,118.10952199112819
3072,Mic,012_03130,490.0224738302994,0.0,6.880287427524612,52.628044520063895,81.66452154872141,0.0,520.934873535759,0.0,0.0,407.14026069561044,283.6995122895664,0.0,25.468672454374456,29.72501442463256,0.0,16.748134018804294,296.89123058170406,143.34352903858613,0.0,143.47927687716302,0.0,0.0,0.0,0.0,0.0,0.0,234.77712355985554,59.05647195169767,68.73397892896708,94.6236064695872,111.89323136001617
3073,Mic,012_03131,182.3020671872163,0.0,0.0,0.0,0.0,305.65439242232173,0.0,0.0,0.0,0.0,0.0,0.0,0.0,0.0,0.0,0.0,582.7410517616091,309.49171042422006,0.0,225.29803807157828,0.0,0.0,0.0,0.0,0.0,0.0,0.0,136.00884449481887,0.0,0.0,966.350634472867
3074,Mic,012_03132,323.86383522098697,16.544064060782844,28.836498777125215,39.3881110509932,3.1691705666374737,339.9281386314424,490.13530268145394,310.8022070174387,408.66529529425935,98.44596235711168,148.6293400781736,8.061409769544142,106.74370072789294,0.0,37.515137871601354,157.93736675820958,161.4321259199899,81.35535770342548,38.784723704760346,177.6706954645351,118.44376730489147,0.0,0.0,889.6495021894544,43.33665804128347,0.0,184.498566768085,48.12812971553792,60.01588233687384,198.29211649876726,58.62053481177318
3075,Mic,012_03133,194.96193296410632,74.99975707554889,18.156314044856618,51.58383728752294,14.366906568756544,46.69719884229916,210.41161983799793,146.76770886934602,102.43532414958791,318.1870733961955,0.0,0.0,40.32539805275955,78.44101028722481,34.01372500358522,274.0180815854369,211.89112132109625,189.13382303702335,0.0,123.91392093936807,134.2362696122103,0.0,1399.9463684748341,0.0,0.0,0.0,134.23599425760258,10.389564510020886,9.069066664238713,169.79680494264812,236.21904398225638
3076,Mic,012_03134,41.90454051985785,0.0,34.767409873129694,7.598273904872446,0.0,89.42016799589199,179.96908760611737,240.89532762749806,566.0407881579054,51.43394250808909,286.7175922075405,34.98994878695755,12.869807889178581,0.0,0.0,351.2208423890209,138.09103114882814,108.65134514892831,0.0,85.68515809637152,42.841362642194774,592.692429849095,0.0,0.0,0.0,0.0,59.31868813347414,9.947455381934889,26.049446801536728,19.126048116193154,28.27089622128068
3077,Mic,012_03135,79.37585509051159,45.33990352174241,0.0,0.0,4.342641784007016,211.7253348013564,287.47421309856446,0.0,217.62438063302162,168.62280706004017,0.0,44.18546009704798,36.56711158436635,0.0,10.281226701335584,140.27089574943142,129.17182003783782,154.3560671637168,106.29163574503589,131.09281308446998,40.575194845000595,0.0,0.0,0.0,673.0099304211411,0.0,121.72533484316607,28.263802697286035,115.13374304222445,140.3861567017301,0.0
3078,Mic,012_03136,260.8627025739495,29.801227977039293,0.0,0.0,5.708704596856905,222.66214017520127,622.0380602363065,529.8633652274593,847.780714910686,265.99968636888457,0.0,0.0,0.0,0.0,27.03077483728627,247.61727945020257,104.00577049652561,22.545753739512715,0.0,123.0932989463921,53.33891507769946,0.0,0.0,0.0,1222.9930163350286,0.0,0.0,61.92455668224369,64.86484766475371,71.43768965253602,140.79280767154353
3079,Mic,012_03137,193.5639709516775,54.72955246053567,4.416400713613772,0.0,11.648843163856657,0.0,648.2952611224802,0.0,49.83340093763737,236.21118295294966,91.05220833617842,44.44669170235148,0.0,0.0,41.36804392327933,607.4027658508921,147.2602387559742,80.50966791440858,142.56006550938935,83.72562225632976,0.0,0.0,0.0,0.0,0.0,264.64806801275296,150.70153201477214,151.63148203814265,66.17967565795817,145.77150185855325,179.55839491894486
3080,Mic,012_03138,689.6612594648658,138.88843902879424,0.0,26.45324989103741,5.321076506946868,415.086211931548,897.7562446421244,1001.7478541876001,445.5123621743983,1294.7872250754278,249.5504969213779,13.535206526642012,149.3533261213317,0.0,0.0,216.07160555124057,369.9686245288982,325.73047300820684,130.24005984808412,183.57617916943414,397.73709514728984,0.0,0.0,248.95541625054693,24.254261290594865,483.5544946405857,149.15110473066954,69.26376340013924,70.5371851663011,177.56528621453398,65.61640110618232
3081,Mic,012_03139,687.0959371189915,100.96679095663835,20.22831119891182,16.578052156085338,3.3346785072549037,357.68067198356795,609.5018217976512,724.1459545650852,228.2504708323507,489.16197070630176,312.7828278627715,84.82411827141222,56.15916169823382,54.6204326951662,94.73842167342887,458.5490078069144,210.77867829675222,217.30269029785663,81.62046303825772,215.71088751534094,155.78677324434463,0.0,365.5565952497149,430.9081866243233,1656.7959221250449,151.51997704405196,165.37331237210975,65.110617045392,113.67031331579662,250.37735715743764,82.24260718918016
3082,Mic,012_03140,466.35412536264636,17.94014122737382,91.20381008579137,80.67801794010745,91.64272628575603,279.25235188085867,231.52268601443495,421.28671250204314,269.53081968928115,360.78682697726276,0.0,0.0,96.45942391357768,0.0,13.560289037974176,227.29610454091542,244.90612308253677,305.37886377406426,140.19195810890116,107.03528054563354,53.51612077563202,5876.71281357018,0.0,0.0,0.0,0.0,111.14863823016417,111.83451499158694,43.38689699835132,262.80842195539833,141.26055786314336
3083,Mic,012_03141,214.2920812268178,14.173182439473804,27.448915721358034,29.994236096924308,0.0,44.1233374887866,283.6414906792539,499.24134040596454,254.41754299470207,695.0072489766578,70.73872353676855,0.0,101.60730218018156,0.0,10.712984253097709,221.33032751884414,195.1647196975888,214.45094895536505,0.0,104.07468425353747,0.0,475.2428801020959,0.0,514.1531431226143,0.0,0.0,107.32375070868288,29.450734044153688,68.55357478479657,70.78143791032113,83.6996612535554
3084,Mic,012_03142,332.5152500991317,80.35688258094524,116.71916171693539,293.3476461131113,30.786228361621166,0.0,0.0,0.0,0.0,79.69435047956661,0.0,78.31083776128594,259.23470176774003,0.0,182.21638394777798,284.12013067614424,223.21063500511636,30.396507273807323,188.38294370883594,66.38245764609003,143.82457458451105,0.0,0.0,0.0,0.0,0.0,33.190218360396244,267.1602302576799,0.0,256.8355032745938,0.0
3085,Mic,012_03143,42.82844008432466,0.0,13.029115726541626,0.0,103.09806707147554,55.85047037617174,50.3310186987902,336.0263064004392,206.52361508659206,24.711426505291968,0.0,0.0,0.0,0.0,0.0,0.0,51.110843078094625,135.72393945513969,0.0,65.86786495115909,0.0,1665.8398526655628,0.0,0.0,0.0,0.0,98.79878953792371,111.83451499158694,21.69344849917566,65.70210548884958,0.0
3086,Mic,012_03144,0.0,0.0,13.981332740424346,38.194531928235826,0.0,449.49175356223776,334.8582784159796,524.7309988606108,28.171670507144118,167.05981490903798,0.0,0.0,25.877260782519503,60.40377262759557,43.65397861422703,501.9962094941073,71.9856593352576,18.20539473083647,0.0,106.02260615133095,258.4227650288541,0.0,0.0,0.0,0.0,0.0,0.0,20.001300661002773,17.459165770726933,57.68497934509594,113.68830993798436
3087,Mic,012_03145,579.044559910763,6.382958048982883,125.16267554326689,136.76893028770405,134.49869979261447,178.84033599178397,465.59166942876135,578.1487863059954,227.91081239361208,258.48853157911435,0.0,93.30653009855344,274.55590163580973,60.08247596468282,28.94785106688104,101.55783394381326,261.40689024057997,205.23031861464236,74.81875778506958,158.18798417791666,57.121816856259706,0.0,0.0,0.0,0.0,0.0,263.6386139265517,79.57964305547911,115.77531911794101,159.38373430160965,226.16716977024544
3088,Mic,012_03146,90.52173808818227,0.0,4.85968256962705,0.0,51.272231620841204,124.98878500541038,0.0,392.83550329341693,297.6771607788344,110.60430301996851,0.0,0.0,17.989025153647386,20.99536334825348,45.520226770597326,218.84643522712673,90.55232700236157,164.52533305079353,0.0,73.70344739888063,0.0,569.5575952267326,0.0,0.0,613.4795309338567,0.0,0.0,41.71274970566006,72.82224533366401,13.366903516149863,434.67816643575054
3089,Mic,012_03147,172.53588501647255,0.0,14.855166036700869,48.69802820850068,23.509483476147075,114.62039715837066,43.61259029369412,17.154667270443046,138.88633560022052,0.0,0.0,9.966833896890936,65.98701499542474,25.671603366728117,9.276470455523244,296.5181000147397,119.46191561112988,92.84751312726601,0.0,152.07617569831532,36.609891712420996,886.3445882743284,0.0,0.0,0.0,534.1079190802833,135.17470750415924,42.502763904630896,29.680581810235786,130.7526198488841,24.158765861821674
3090,Mic,012_03148,188.8610833611479,10.666632117411396,23.240081977416466,4.232519982565985,206.88345459009423,249.0517271589288,43.391551824369344,221.4095722371849,444.86197916392473,110.1946574532279,199.64039753710233,58.4720921950935,93.19647549971097,33.468164389215914,108.84392001147273,181.50014866304207,184.23250436433688,176.52490150122176,93.77284309062054,190.91922633621152,214.77803137953654,0.0,0.0,0.0,11.642045419485534,0.0,165.21353139397243,49.869909648100254,19.347342217042584,202.42442628456874,110.23555385838631
3091,Mic,012_03149,161.0563375526159,77.51171066181129,6.254806752295103,0.0,103.11176963222401,241.3060992807803,461.49610781692945,54.17263348560962,234.41795300944662,0.0,644.7716188399238,41.96561640796184,81.03668508210055,40.534110579044395,78.11764594124837,700.3765135136341,331.2422820539673,358.3588225964653,50.47581266839623,177.86687216177233,231.22036871002732,0.0,979.6275425332273,0.0,37.59990745527625,187.4062873965906,97.82380148327314,125.27130413996473,54.67475596622381,180.64506689648465,76.2908395636474
3092,Mic,012_03150,261.56383552948427,62.6084928630669,56.83715700998593,0.0,7.495777340220806,0.0,96.60637849953295,682.6065863438902,316.086143090157,601.5190975327289,0.0,38.13397317071315,0.0,24.555446698609504,0.0,408.14474424086114,231.32286098189093,148.01777455071394,0.0,172.40197695912076,70.03631458028364,0.0,0.0,0.0,0.0,0.0,48.48657986562234,162.61927059163125,113.56048692611952,187.60158500057284,46.21676947478929
3093,Mic,012_03151,218.12792665620512,114.2128280338308,53.08648167430158,10.876716960274265,21.878537921964284,0.0,361.4380312344086,210.7324608856455,294.15800118373323,343.5891793941382,68.40470473987008,33.39142320785796,36.84554136800366,0.0,0.0,157.4919709128678,78.09321708886539,77.76568358375073,53.55048146037976,88.0606544746778,81.76828605819918,0.0,0.0,0.0,0.0,0.0,75.47826307338842,66.45102173921987,16.572913701146884,205.33802926775903,53.95866486904333
3094,Mic,012_03152,244.31786835171607,36.12028434407706,0.0,0.0,63.425808263406815,112.44810423563675,449.2534384768491,0.0,137.42875786528566,437.8302777740292,0.0,0.0,16.18410624191019,0.0,68.25496656237839,159.63940452706436,261.5513349378192,307.4215317591751,0.0,157.48257510688916,53.874088138679724,0.0,316.0414042543522,0.0,0.0,0.0,261.0815838918126,75.05504796536826,10.919277589049953,228.48910993659516,35.5513611344533
3095,Mic,012_03153,238.0675986220078,244.32053828489057,68.80287427524613,0.0,76.41124823272177,651.9498120919327,948.4260049872305,0.0,466.9786047500012,782.9620397992509,74.65776639199116,60.73970795889214,107.23651559736612,78.22372217008568,67.8390083173999,312.92566193029074,271.6767839653153,245.19287861863418,0.0,247.14133816162052,89.2429493266772,3433.8399363694803,0.0,414.9585331409988,21.7683674741073,216.9967538276312,360.4034791489011,155.4117682939412,63.30761217141705,288.8510092229503,88.33676160001279
3096,Mic,012_03154,196.45398857352552,12.49995951259148,30.63877995069554,76.87975749582746,28.434502583997325,204.30024493505877,277.0419661200306,476.99505382537467,244.1984959637498,311.2138177292334,0.0,26.647437849326458,71.40955905176173,29.415378857709303,28.344770836321022,448.87034533904733,204.76873068845433,132.98471932290704,36.630016832273654,94.65646738423948,153.81239226399097,0.0,0.0,0.0,238.7528845792932,339.99925404416183,177.4754731771188,129.86955637526108,36.84308332346977,202.8822117880906,64.59114483889822
3097,Mic,012_03155,241.09254995763396,17.821724453595774,0.0,37.71552459712264,34.139183925758125,221.92728162676823,36.665787219294685,528.114641249811,31.295657731698718,201.29618118931234,266.84607591592885,0.0,47.911364023080665,0.0,0.0,220.54473509910605,99.43139398044619,191.00643514630082,0.0,147.22446052202145,106.32575810868143,0.0,0.0,152.1198583030216,103.74099878749486,0.0,24.536663078312735,61.72018520804486,53.87564354993294,118.66986949981231,210.49221740993144
3098,Mic,012_03156,102.3123846458867,45.91821861768299,100.0449957573732,160.33908607424715,35.1842609847099,428.85182610274734,190.65869226136957,323.48801138549743,413.92233023711043,0.0,137.50741667096332,22.37452507465312,49.37803843195047,57.63013000694067,41.64945918806354,389.65046492728356,160.2537892344425,173.694327278899,0.0,252.8855529374858,82.18547119114916,0.0,0.0,0.0,0.0,0.0,322.4192640724207,190.82873589834279,16.65746938329559,174.28123436490293,216.9358567183987
3099,Mic,012_03157,217.6741100742881,78.15442799731552,94.00881193374877,81.40565909480712,152.05138566662288,296.53038070822254,587.896346771242,200.73521104518431,464.6223270208098,50.46227529235334,365.6913659092105,160.65941206928676,177.27854774890227,160.92646886605687,149.53116555171798,503.0121390857979,275.7147961319852,120.1012607616376,343.5368742804281,299.27649833388756,437.133035372191,0.0,0.0,234.52671505672768,1055.6033719906661,425.1605326012205,221.92862426055996,96.42418079856563,66.44906375425923,380.5486697094388,72.11571899051246
3100,Mic,012_03158,376.1788687990177,0.0,36.312628089713236,54.108920231667426,26.12164830683008,84.90399789508938,260.1452754360701,83.86726221105489,21.285262160953337,308.0441560624325,0.0,22.14851977086875,73.31890555047192,14.26200187040451,0.0,124.55367344792586,220.14661955438567,163.34284716833835,0.0,137.6821343770756,122.03297237473664,0.0,0.0,0.0,19.8443956013958,197.81774780751232,56.32279479339969,170.01105561852359,8.24460605839883,63.560301315429776,0.0
3101,Mic,012_03159,790.9192169582024,0.0,62.52087271098452,0.0,0.0,73.09126775316389,70.2591843632967,98.45287303036879,151.17163365181423,614.454992103325,117.18023333699485,19.066986585356574,21.039338114483247,0.0,0.0,117.60102800160405,178.3694349739882,148.01777455071394,0.0,107.75123559945048,210.10894374085092,0.0,0.0,0.0,1469.1755143502942,0.0,64.64877315416312,130.095416473305,42.58518259729482,125.06772333371524,92.43353894957858
3102,Mic,012_03160,949.002799997141,22.29094947137057,4.04722789854389,17.690098998340808,5.337550428021008,416.3713085629151,118.82067943792826,1761.9914593319459,267.4825978678316,354.63574743848426,417.2051651317154,67.88555595405592,164.79729235183476,0.0,12.636678019907825,797.9993267783224,246.08631411852474,453.21851093082375,0.0,253.19872390087593,249.35529958924516,0.0,1170.2338064650316,214.05100804558307,0.0,242.52578368970552,310.73442824098527,185.2752061229731,90.9714427001035,233.77596892486247,164.54886964708263
3103,Mic,012_03161,689.6612594648658,0.0,169.4589310853284,0.0,0.0,0.0,0.0,0.0,0.0,0.0,0.0,0.0,268.8359870183971,0.0,0.0,854.4649855889969,427.34343795851345,0.0,390.7201795442523,183.57617916943414,0.0,0.0,0.0,0.0,0.0,1450.663483921757,0.0,0.0,120.92088885651617,266.34792932180096,393.69840663709397
3104,Mic,012_03162,299.62912646295393,0.0,0.0,0.0,17.59213049235495,343.0814608821978,417.3879479235388,77.0209550917851,43.00491742723224,614.7849894137996,137.50741667096332,44.74905014930624,24.689019215975236,0.0,0.0,267.88469463750744,130.8194197832184,191.06376000678887,107.6473964050491,113.79849882186862,0.0,0.0,0.0,1019.0478262850376,0.0,0.0,170.6925515677521,95.41436794917139,83.28734691647797,165.10853781938172,54.233964179599674
3105,Mic,012_03163,21.01281249450974,0.0,0.0,3.492605120088068,4.215229311126614,164.41067563058868,27.163162658792885,103.34743314027301,275.64154287405705,156.40097469828555,395.37584842311225,10.722266294943795,11.831412631616496,41.426059222593054,19.959154036333626,116.70460135352624,128.51648623202237,24.971213799509197,51.586527372590766,96.94976699412659,39.3847245805996,0.0,231.04249357469757,0.0,1633.1597944816197,0.0,36.35505580796459,64.01394270232917,0.0,167.0372710783422,0.0
3106,Mic,012_03164,256.2824929120005,136.7642629024715,41.65272045584753,73.52447396185397,114.09014039894902,206.01705371602566,611.4314129410058,462.50328425214093,152.3617846594711,492.22981178555847,462.4023913543179,21.497092718784373,59.30205595994052,0.0,40.01614706304144,386.0691187422901,158.68267365371267,275.35659530390166,51.71296493968045,97.18738897205337,118.44376730489147,0.0,0.0,150.62848714318804,19.260736907237096,191.99957875435018,136.66560501339632,64.17083962071723,8.00211764491651,229.13755684301995,26.053571027454744
3107,Mic,012_03165,459.32648634271493,106.3287695248288,126.86437155393484,72.32787311979848,58.195064582304994,496.5271775636872,319.612587095693,503.2035732663294,346.7611696347715,495.8759585395256,113.71921378695703,0.0,81.67169225875354,95.32072136169091,34.44427848464327,617.6316089635002,281.28935156762907,114.91675323768509,0.0,271.8786450990354,339.83865724610206,0.0,0.0,0.0,33.15772429600311,0.0,266.64209180672765,142.03455279522223,13.775797464666399,379.2929373253495,89.70343442364167
3108,Mic,012_03166,354.8865401746876,1.7910389749384807,40.323276565293504,38.376953573266206,3.430903061195593,250.91032213772678,296.4605509359254,465.65106779869285,230.64328849033018,236.83627870544504,107.26946733336841,26.18153381869858,81.85453933097463,22.478617873353976,89.34948657658208,251.7219545811332,228.34171759574298,382.7842746838861,83.97568037966019,165.21856125249073,128.22569037584267,0.0,1128.3149835468814,672.6573634812219,0.0,0.0,136.85598496067865,100.48414630587362,58.47517610374812,296.95806448266467,179.80852601634442
3109,Mic,012_03167,0.0,0.0,22.93429142508204,25.060973580982807,5.041019848686506,49.15494614978858,180.14187803674207,388.43784603014893,172.52265119930598,4.349789109995838,315.2216803217405,51.291308943064465,70.74631237326238,0.0,11.934640352135165,274.4833075304037,127.45330605780222,159.27058782065123,61.69265992803984,137.6821343770756,94.20089095593706,0.0,92.10173476808119,0.0,0.0,0.0,21.738622551838475,109.36383694758825,28.639157887069615,57.82553728696994,31.081453155560048
3110,Mic,012_03168,128.41968279690605,99.3100231621061,0.0,0.0,7.926569141382921,193.229788312962,280.9357903492166,142.2851483028931,157.43754253532725,170.9917098412157,123.91472950578765,10.081395206050603,55.62123869346146,25.96667926749511,46.91548276356583,230.43122322423838,272.615641456293,187.82945184366454,48.503194702045114,136.7326024158544,148.1227802617493,0.0,0.0,300.2181571336645,0.0,180.08236352132155,247.8202970909586,103.17912340986257,15.010868961498558,388.5006003555925,195.49162260600528
3111,Mic,012_03169,323.4391514611902,74.65413607520073,12.048429596586878,138.23956394671163,3.972416562789828,387.3500364799008,621.3445437428068,24.34855999675787,470.973208598237,500.4462438716871,248.40049463141762,30.313872681788098,55.749398229621505,52.05302065143029,0.0,700.2186446341103,255.5198667056088,368.68021725650175,97.22990643036692,251.25403324111497,222.6961154856945,0.0,0.0,0.0,54.32060362778388,0.0,248.39131160038482,258.54215831388376,82.75000919443619,637.9462500691524,171.44930611615382
3112,Mic,012_03170,270.98955933234856,0.0,13.249202140841316,120.6482680841233,40.7709510734983,397.5572333871414,412.8617189253689,402.90286102743255,391.54815022429364,663.4016202082842,182.10441667235685,0.0,81.74067172856667,95.40122872770584,27.578695948852886,725.6581715917739,175.4129314593222,437.0524829639324,71.28003275469467,108.8433089332287,163.26032790674228,0.0,0.0,363.34033723052795,0.0,264.64806801275296,238.61075902338925,75.81574101907133,66.17967565795817,163.9929395908724,35.911678983788974
3113,Mic,012_03171,165.80527929751412,190.99616592872897,0.0,45.9316879136984,5.5435009268514,432.4370825267575,704.7097852837898,165.03782788799225,179.555901219489,382.6695499983477,0.0,0.0,108.91747384025089,18.159976658135648,26.248533764824614,557.642854548934,185.50277853504602,98.51986923471955,0.0,135.4685952391805,466.15810669192007,0.0,810.2583483134089,2099.5964365457244,0.0,755.6510752261242,203.19670661798855,36.07951662643909,104.97954981112336,196.5493562037084,0.0
3114,Mic,012_03172,126.07031666103641,26.96620479120859,0.0,20.06285806342725,9.685554990172951,78.70314411623454,133.33949841419192,559.7433005996248,195.33413337032175,61.28803981949192,25.235443508903384,8.212372499310884,81.55698482580586,0.0,22.93060112601251,218.9959658919494,125.44210468164226,140.25654292633192,98.77757348028851,162.43397875947122,45.24818076816078,0.0,294.9325214483499,553.8558698607674,7.358034324113049,0.0,73.09306515323217,66.5399075360888,42.797842685171446,101.00272600686274,59.71829763596369
3115,Mic,012_03173,759.9408634469397,57.87762603900879,67.2542565262856,0.0,5.5435009268514,594.6009884742914,243.56328984462783,631.0269889834998,230.37360911179718,191.33477499917385,173.32124545021748,28.20197372753706,311.19278240071685,18.159976658135648,26.248533764824614,245.56749558118193,133.97422894197766,186.09308633224805,0.0,135.4685952391805,362.5674163159378,0.0,0.0,0.0,0.0,755.6510752261242,191.24395916987163,96.21204433717091,115.47750479223569,271.70058063453814,34.17960443473163
3116,Mic,012_03174,351.9673325609664,75.58295891906016,0.0,64.42579989014709,53.624534626774036,209.1569714865032,224.61358609144912,143.21345864344988,368.6852368858752,138.81442074201337,251.49101400474785,95.48319876337196,105.36029351265329,0.0,44.43472628773187,197.95617191743798,225.30237242291764,232.96110084809098,131.2528130350832,146.46124403408976,100.2074796483063,0.0,0.0,752.673917871016,696.6216135531974,0.0,179.21685559455017,116.3372697856149,15.232646963262534,95.06508519339553,82.65829688337121
3117,Mic,012_03175,0.0,0.0,0.0,0.0,0.0,0.0,0.0,0.0,1200.637287706798,0.0,0.0,305.9586219510706,337.6079836975219,525.3723479702498,189.84404653163844,629.0287544271845,163.98062154222023,316.68919206199257,0.0,230.53752732905681,374.6128454294241,0.0,0.0,0.0,0.0,0.0,259.3468225370497,0.0,0.0,752.5877537813678,0.0
3118,Mic,012_03176,281.218260916584,46.23838234382463,33.580852398560495,18.34739166754521,53.77704477112542,339.30441727615533,352.1016464078057,315.77178359098093,481.3788968162024,333.01027674397494,148.35662569270906,168.97898203169223,310.764535452459,155.44273598202346,209.69929543494743,227.71316161346755,209.35907877967537,187.3986503486103,270.9949135187658,186.43929389042532,354.67931787446395,0.0,751.3473628970439,63.4297941272691,0.0,0.0,211.44300577485458,253.9247693091343,119.81152290370409,237.51393330347756,156.03459785983907
3119,Mic,012_03177,251.93919223078026,64.03141315540933,28.418578504992965,0.0,0.0,166.116517620827,267.46394047391357,167.07154211214095,245.70596103187438,473.3361422422744,0.0,17.333624168505978,66.94334854608306,11.16156668118614,32.265984193124325,44.021775187766224,188.75742763582556,255.66706513305132,0.0,112.64901903578914,222.8428191190843,0.0,0.0,0.0,0.0,0.0,36.73225747395632,44.35071016135397,25.809201574118074,195.41831770893006,0.0
3120,Mic,012_03178,372.29087981278593,103.08336655317733,109.41778684301255,0.0,30.379361907502826,962.7440113742733,351.4893667073516,1024.1411931675955,236.71649482522776,399.7590326552122,474.9154831279086,0.0,42.63478208221275,49.75993604123512,35.96164758088306,574.748740116676,316.2717954935253,284.9505175271453,0.0,163.762891109297,780.5809510489762,0.0,0.0,0.0,0.0,0.0,573.1526694834946,296.583163105442,230.12257262561667,237.60112637737754,0.0
3121,Mic,012_03179,0.0,186.58476150502406,35.8697911617899,21.77554106884177,247.04071051154546,307.5181387175798,304.8402492287092,87.4469624273804,141.33933227608648,258.52069789713073,575.1834624163466,133.7014303241467,250.80430496228507,0.0,174.2166402622658,174.62993397655694,144.6192732115701,186.82731299998648,128.6517664353026,128.44735707129615,0.0,0.0,0.0,0.0,0.0,716.4862329125751,45.33298117517536,159.6445278369063,39.81541462348704,175.39985589484456,32.408100546346155
3122,Mic,012_03180,75.38807289696915,5.921033453332807,0.0,0.0,28.3557366488616,221.19725767404864,541.533063688321,412.1634531030132,370.84668103779387,151.69889521110485,88.65609759048952,0.0,79.58960141992019,37.1562680307907,13.426470396152064,355.8978478995912,265.6839137307863,156.78198488595356,0.0,65.21785312598318,211.9520046508584,0.0,0.0,2122.672496452032,0.0,0.0,85.595826297864,172.24804319245152,64.43810524590664,35.4838524260952,209.79980880003035
3123,Mic,012_03181,171.2620351681147,117.39092411825044,71.04644626248242,0.0,6.2464811168506715,426.36572856012276,698.9325111140453,1143.1472479637264,175.60341282786504,619.8449481744069,195.30038889499139,15.889155487797145,0.0,81.85148899536502,14.788576088515315,224.82549470894895,167.22134528811395,185.0222181883924,0.0,278.35735863191377,116.7271909671394,0.0,0.0,0.0,2989.6013373407145,0.0,202.02741610675974,94.86124117845156,23.658434776274902,117.25099062535804,0.0
3124,Mic,012_03182,193.8847952129234,44.75123626607337,18.05600291753697,27.622454306110885,23.812552323905877,92.8784065371696,167.39929976061714,713.1034063138866,570.4685455402465,419.1658655057868,74.4515294682564,36.343151226232145,173.77795845940585,0.0,0.0,312.0612264000966,237.2818536730972,272.72888294289004,0.0,116.3832406612849,88.99642184234938,0.0,0.0,0.0,21.708233862300375,432.7946305622921,277.2575147012106,61.992981606754455,126.26545852973234,392.3481583172662,117.4569831955971
3125,Mic,012_03183,366.8886214319165,94.73653525332492,13.760574855049224,35.08536301337593,54.44301436581428,176.9578061392389,92.13814089748121,301.9221439597976,110.90741862812528,469.7772238795505,0.0,0.0,101.87468981749782,39.63335256617674,0.0,558.2711339601432,209.17336700074603,203.06999947133033,148.0623838272956,113.0442787517042,282.6026728678112,0.0,0.0,377.3639993692501,5376.786766104504,0.0,234.77712355985554,78.74196260226356,160.37928416758987,378.4944258783488,0.0
3126,Mic,012_03184,675.647823133214,0.0,32.88690845860821,26.952367813509813,16.264422530667787,264.323767031882,784.4780392450639,261.0961936759256,245.18212357098133,397.63638184773276,84.75299895443024,0.0,76.08565670331993,17.760228744277317,89.84757548116852,500.3373370397509,223.75057364808958,42.82275238574114,0.0,179.24655230223053,50.655196080079364,0.0,0.0,0.0,0.0,0.0,46.75854662093559,58.808855717099355,41.0674716871187,175.26196292637374,66.85444641007257
3127,Mic,012_03185,358.0933462606034,4.326909062050897,25.139511754416855,13.735341289577118,91.1745993786473,282.8772622177737,461.2870127217647,0.0,151.9644918702678,697.3255666962078,0.0,21.083687089576983,46.5293054454918,27.152657407116283,9.811651443341892,141.51368047138723,300.47585481457975,310.9796513397211,0.0,202.55160153550548,116.16600254902814,0.0,0.0,0.0,6384.934284749098,0.0,196.58821644234698,125.87357002525303,62.78584613703725,380.3141106181485,25.552540815388312
3128,Mic,012_03186,107.87749343415668,82.84491994956028,0.0,59.76884912619331,7.213509574271069,703.3887691727069,321.1638448405926,505.30902754777844,171.92970126242852,641.1115949318552,0.0,0.0,60.74118535143699,141.78458763213857,0.0,991.9240043354594,388.90040902082285,341.8653203012305,0.0,300.71160730055846,336.9948191101514,0.0,1581.5293702435365,948.2031753427885,98.64076139940673,0.0,482.1608290681831,328.6406179738824,68.30259412397356,458.8651041767847,133.42916710294816
3129,Mic,012_03187,98.78437138223542,0.0,0.0,0.0,5.94492685603719,173.9068094816658,0.0,468.49987855830665,272.4880543880664,754.0734403997611,278.8081413880222,15.122092809075902,116.80460125626907,19.47500945062133,28.149289658139494,598.0238888438568,170.2005761524424,82.17538518160325,72.75479205306766,102.54945181189079,222.18417039262394,0.0,0.0,0.0,0.0,0.0,76.90974737305612,116.0765138360954,67.54891032674351,154.9869416312204,73.30935847725198
3130,Mic,012_03188,172.29625996021852,22.62111164935766,16.42869349839809,0.0,15.476021438516925,181.087880609275,130.55342157273267,252.05349540629425,319.6801806237974,293.7864745386776,193.54724357277425,55.11283375659621,112.94007354094241,20.279183988079662,51.29538420648401,459.8971450944554,173.77610179102922,103.90475735965735,0.0,146.82798531415247,144.59921322679747,0.0,0.0,0.0,874.7210068320819,0.0,66.73796151462082,120.8696194343543,29.30757629376963,313.0903172772876,38.16824768115453
3131,Mic,012_03189,55.7034094183161,219.99928742161006,7.2625256179426465,0.0,0.0,186.78879536919663,185.16222545743818,0.0,0.0,0.0,299.4605963056535,48.72674349591125,80.6507961055191,62.752808229779845,22.675816669056818,300.53596044854373,53.41792974481418,189.13382303702335,0.0,13.768213437707562,89.49084640814021,0.0,0.0,0.0,43.657670323070754,0.0,309.7753713636983,145.4539031402924,36.27626665695485,199.76094699135075,59.054760995564095
3132,Mic,012_03190,461.1976224285171,22.29094947137057,28.330595289807228,4.422524749585202,181.47671455271427,364.3248949925507,481.5364377221303,425.30828328702137,433.84372581001946,78.2962039799251,250.32309907902922,203.65666786216775,59.92628812793991,122.39711821907524,101.0934241592626,507.36994233436536,192.5030037862653,137.01954981629555,0.0,122.76301764890954,149.61317975354712,0.0,0.0,285.4013440607774,0.0,0.0,126.5955078018829,150.53610497491562,60.64762846673566,233.77596892486247,296.1879653647487
3133,Mic,012_03191,0.0,83.33306341727653,0.0,39.67987483655612,0.0,155.6573294743305,261.84557135395295,1076.2965317085377,214.6263934562795,0.0,0.0,0.0,0.0,0.0,37.79302778176136,589.2861969579288,124.64183607123306,31.52230383950389,0.0,137.6821343770756,149.15141068023368,0.0,0.0,569.0409514298216,0.0,0.0,206.51691424246553,0.0,0.0,216.4076925739633,98.42460165927349
3134,Mic,012_03192,352.5842178565942,39.56031142446535,25.857783518828764,0.0,30.312594079134687,258.63063974196456,108.76662194702662,0.0,273.2466291914911,290.98655149462263,296.1698205220749,28.91477086570558,148.89377742557377,12.412643386110298,0.0,276.2521885958818,315.57669264628686,523.7552022563724,231.8559307185673,479.31538649074236,495.64161087585353,0.0,0.0,0.0,1278.066304842423,688.6666209386802,163.39799808195076,115.08440688023136,64.5797274552383,122.49077848480628,93.44929212484868
3135,Mic,012_03193,283.77208571594986,5.660359024569727,41.108635573260266,35.936490418013086,0.0,634.3770408765168,371.5948606950303,156.65771620555537,178.91668476801343,205.83530354470872,254.25899686329072,68.95293890930837,167.38844474730382,0.0,12.835367925881217,210.14168155669537,336.6337459390176,438.93321195384664,530.7896778714371,335.1131195215614,861.1383333613492,0.0,0.0,1449.4439328872813,0.0,0.0,210.41345979421015,105.85594029077883,41.0674716871187,571.0147824375404,66.85444641007257
3136,Mic,012_03194,615.8738984547185,70.35807829888626,59.61421679874746,32.57110247170078,56.15728951956956,547.5893023852669,328.98233720599023,1430.9339396140242,507.93430159981807,445.8037933449806,438.94875679981783,99.99299153884067,220.67318804115982,55.189766195571856,186.13373943330026,606.36973817267,473.97537662825346,1264.1778660324817,893.4383258634043,968.7081767247014,367.29142174024975,0.0,0.0,0.0,0.0,0.0,230.06118785317005,268.0304590207342,159.52104230257018,81.98657759254135,242.37458910231518
3137,Mic,012_03195,271.5928756054447,32.727166723875875,101.86399568023451,11.130977876228727,8.955993705198885,261.98947921913293,144.28225360319857,0.0,448.8149564223874,591.1871817393304,210.01132727928945,68.34400386439499,12.568955237223758,44.00846291439106,63.61008312358795,628.1637798221662,163.16749449325056,132.63930446752286,54.80231089711591,148.05299644703715,209.19938121383424,0.0,0.0,0.0,0.0,0.0,270.3494150083185,38.85966985566253,59.36116362047157,70.04604634761648,55.2200362555924
3138,Mic,012_03196,205.5619819755525,96.18289457016958,73.844916970226,10.904393084855114,34.217365262992686,282.3219960542056,109.47829013861022,396.41686077164263,598.3920876821293,299.7967627200796,123.44177252294115,80.34333278715138,140.36932451952944,34.4900930728561,99.70435420898264,325.50190238073077,183.98602977755843,213.1003990859897,161.06022668236355,132.4270910802407,245.92904356435477,0.0,0.0,0.0,35.992583167111775,239.19336834129732,158.90767141710324,51.39265498086666,64.7988274635682,167.4332212187047,0.0
3139,Mic,012_03197,0.0,0.0,35.331205708910176,0.0,0.0,0.0,0.0,0.0,75.93661095259027,0.0,242.80588889647578,0.0,0.0,0.0,0.0,516.0235886874837,17.324733971291085,0.0,0.0,0.0,0.0,0.0,0.0,0.0,0.0,0.0,0.0,0.0,0.0,0.0,0.0
3140,Mic,012_03198,9.947037396127874,0.0,0.0,39.67987483655612,95.77937712504364,233.48599421149578,63.123485951399374,0.0,51.21766207479396,20.66149827248023,935.8143634551672,0.0,0.0,0.0,28.344770836321022,176.78585908737864,124.64183607123306,47.28345575925584,0.0,86.05133398567226,223.72711602035054,0.0,0.0,0.0,0.0,0.0,258.14614280308194,0.0,0.0,149.82071024351305,0.0
3141,Mic,012_03199,1684.0065472795945,0.0,8.832801427227544,0.0,34.946529491569976,227.1755619355094,197.90065865844127,367.2026075186727,234.92889013457616,170.8761749021338,364.2088333447137,29.63112780156765,163.48134345713333,38.16049149108234,27.578695948852886,75.2534400169247,181.9097066985564,184.02209809007678,0.0,251.1768667689893,326.52065581348455,0.0,0.0,0.0,0.0,0.0,401.87075203939236,176.9033957111664,110.29945942993028,97.1810012390355,0.0
3142,Mic,012_03200,325.53940569145766,0.0,89.1309962202052,0.0,86.20143941253927,305.65439242232173,96.40677854395541,0.0,287.35103917287,426.0025280180469,0.0,0.0,65.98701499542474,0.0,37.105881822092975,274.8216536721977,291.37052588080456,30.949171042422,0.0,101.38411713221022,585.7582673987359,886.3445882743284,0.0,0.0,1535.9562195480348,0.0,219.65889969425876,153.00995005667122,14.840290905117893,441.29009198998386,144.95259517093007
3143,Mic,012_03201,197.2108283754048,0.0,0.0,0.0,174.90147127181882,852.7314571202455,783.0971590492444,251.6017866331647,122.15889588025392,0.0,195.30038889499139,0.0,70.13112704827749,0.0,88.7314565310919,691.7707529506122,399.4732137438278,320.70517819321356,0.0,125.70977486602557,350.18157290141824,2220.4491755940735,0.0,2839.019529416175,56.944787377918374,6811.811141893468,188.55892169964244,243.9289058874469,47.316869552549804,130.27887847262005,77.02794912464881
3144,Mic,012_03202,576.4429476390202,680.4856007830289,761.2366791002078,622.7804745688746,898.8076914356229,205.01209247838656,631.2348595139938,1169.0278135028748,565.3573291043459,331.08791134193933,0.0,681.8772946531482,413.08944346729305,809.2816427194169,510.20587505377836,611.2047689179494,517.8933432576496,311.3788549999775,257.3035328706052,619.5696046968402,196.44332138372243,0.0,0.0,878.2834806748389,47.91695523263864,716.4862329125751,135.99894352552607,182.45088895646435,129.40009752633284,186.36234688827236,32.408100546346155
3145,Mic,012_03203,273.1502734266929,58.604461342754476,0.0,6.644072065655908,96.22486260004383,78.19065852664045,469.7561745220419,0.0,181.32073324551644,83.03039305778101,0.0,40.794482926809415,90.02879565267251,0.0,18.984404653163846,858.4392413359224,208.70260923555304,285.02027285579334,98.13437067623082,92.21501093162274,74.92256908588483,0.0,0.0,0.0,36.55060771233831,0.0,190.18766986050312,52.18944032940723,75.92706974711479,167.24172306252618,444.9707572689016
3146,Mic,012_03204,906.477842708001,933.3303102734972,1231.4717352163618,1177.74469080097,1074.3947520983156,270.70839908579217,209.80173108484433,303.86689206903947,235.83453510215688,301.8375399805808,260.4005185266552,1129.8955013544637,1083.1362955233967,1064.0693569397454,722.9970532163043,110.17089769213452,594.5647832466273,729.1245931572205,1019.2700335937017,758.2494356998367,700.3631458028365,0.0,2181.0758639281835,0.0,25.30879439018595,1261.4465077580496,143.6639403425847,120.45871895676389,89.3763091548163,191.0756884265094,17.11732202769974
3147,Mic,012_03205,208.44239558453035,20.149188468057908,0.0,74.62185417023986,0.0,188.18274160329509,471.07079068208486,337.9725492087287,0.0,66.61020338590642,0.0,65.45383454674645,126.39303867282847,42.147408512538696,45.69007836302493,433.3892142552529,172.21302723701285,254.0603593034642,0.0,147.95692052461857,300.52896181838133,0.0,0.0,0.0,1260.8595832110732,0.0,124.83485114656497,97.69292001959937,158.3702686143178,100.62585016355355,0.0
3148,Mic,012_03206,0.0,0.0,0.0,0.0,0.0,218.32456601594407,334.4724969892331,362.69867943222437,369.4513360794043,86.93929143225448,0.0,0.0,125.68955237223757,73.34743819065176,0.0,464.923850197327,178.98475161249425,22.106550744587143,0.0,241.390755076691,104.59969060691712,0.0,0.0,0.0,0.0,508.67420864788875,193.10672500594177,0.0,42.40083115747969,128.4177516372969,69.0250453194905
3149,Mic,012_03207,164.37071631634254,17.70486068668695,8.572161385112633,0.0,124.35617489022057,55.11800519091048,66.2279196867141,34.64680340522268,563.0824188382032,336.54532268092385,88.36542186068465,0.0,47.59719114424079,0.0,0.0,219.0985401148496,220.6773491097241,145.1059494775851,0.0,162.51006024835155,105.62854002272287,0.0,929.4725889054226,214.08999730023615,0.0,0.0,195.00613541583633,343.3665910197066,299.72521959188924,229.88882752119383,453.0758712446557
3150,Mic,012_03208,488.2275197137049,76.69148091935826,39.3159281572835,39.381529912972994,21.60437078008503,168.53124394213228,169.59492967393518,56.75228269921008,219.17418443177135,507.0611305366577,270.190011704349,0.0,84.89557484791486,0.0,81.83753384321257,498.45636960727063,204.03239331101955,179.17941129823265,52.879422795462716,204.9703955388043,242.23086245812388,0.0,473.66606452156043,365.8120402048853,19.695189619430415,196.33039632023775,605.5759139440718,290.5953381750203,98.19139846995297,301.89436349820676,372.9774378667206
3151,Mic,012_03209,177.20083113926768,61.85546975303001,26.95370332432322,14.726551485732164,0.0,231.0789221062226,270.71515624517673,601.7692216380846,409.13784844430404,306.72739703475804,92.61667926978973,75.35063427202769,66.5161204993972,58.22425505855862,42.07883505598172,448.3435189226304,288.5669606833261,269.07698535164144,0.0,161.8119929792435,55.35516272668466,0.0,0.0,0.0,0.0,538.3905713524047,140.51666329899717,51.41227798773221,33.658391743566355,197.70155578525433,36.52871814158603
3152,Mic,012_03210,199.44439538565254,0.0,16.547526724426284,22.602460349937026,0.0,106.39868090650441,207.74818161220048,23.886245566439683,80.02180837725494,296.584038493577,341.1576413608711,0.0,168.44786528367916,0.0,51.6664177269649,156.0862490043628,231.2523034522335,107.73445616032976,66.76863827654945,156.8530644802127,101.95159717383062,0.0,897.1175304308669,741.4639612380665,174.07805255401632,0.0,199.98156885504574,11.836212732935186,82.6547847879984,341.3636435928146,100.91636372659687
3153,Mic,012_03211,247.14420187188216,23.37654765991134,9.701332921927097,15.90139696604104,19.19141508256904,93.56767114969033,346.65216774794465,400.5089664772825,103.60275562015042,184.9184928876524,100.00539394251878,8.1361909362375,89.77825169445542,10.478205455807394,22.71788682985284,256.8150791566187,137.95502449866666,195.80087802348615,39.14450778365422,128.74173604090186,59.77125177538122,516.8190019092294,0.0,7.126208575419843,1851.603605909828,0.0,172.41671875530517,48.574587319578164,12.11452318785134,170.11182684421146,19.721441519854427
3154,Mic,012_03212,355.51713513642636,16.18699792997458,0.0,69.36841428261249,21.70539841322931,120.94238549084673,105.35718518506947,505.0136580622514,464.27521017439136,612.7100422961405,96.94767506298135,15.774845016661915,69.62658656591579,60.94697202172863,22.023275182177482,566.605037578613,185.61769832190825,146.9528984748095,37.9476433370317,115.89071742530825,57.94371350167352,0.0,509.8725532664639,345.4160451574906,0.0,0.0,26.743197527801293,80.72467389080975,64.59263307623254,142.2757823895232,19.118447804319313
3155,Mic,012_03213,374.07965636152323,120.53532387141787,11.671916171693539,15.942806853973439,3.848278545202646,450.29441740788474,766.4994722669925,37.066334637921585,463.31079009494744,305.495010171672,120.31898958709291,58.733128320964454,194.426026325805,75.63954563410964,36.4432767895556,582.4462678860957,357.7093509697377,288.76681910116963,47.095735927208985,143.82865823319506,215.7368618767666,528.5281824212354,0.0,462.980863384308,2368.038814398704,0.0,282.1168560633681,141.92887232439244,102.0269999726855,176.57440850128327,284.72831194289836
3156,Mic,012_03214,411.98699369112904,72.24056868815411,65.58133501152223,0.0,74.95777340220806,337.3443127069103,37.15629942289729,489.73993251003964,422.85771650857134,731.3755776452534,0.0,29.33382551593319,32.36821248382038,0.0,0.0,244.780420274832,242.25656432765223,125.24580923521947,0.0,174.05968827603542,269.3704406933986,326.07994886346535,737.4299432601551,12.846242214552827,26.28220955903925,0.0,136.7570201338066,37.52752398268413,32.757832767149864,336.72079359077185,35.5513611344533
3157,Mic,012_03215,100.74797509472636,33.02741595987474,47.97264628365785,0.0,0.0,102.81952038671372,61.77221866803609,221.59423409893404,148.2157245886567,245.66331890948973,0.0,13.411030319975572,14.798311212021854,17.27141510911372,24.96420183749374,321.13394586514653,111.73658698915258,93.69932517430514,0.0,15.157666169953277,197.0440654858133,0.0,0.0,0.0,24.03174513196555,0.0,45.47161414513002,11.438052671582625,9.984293575308673,49.48206943822449,130.02883154986588
3158,Mic,012_03216,571.0769705071061,0.0,21.360369464537197,0.0,11.268162014711017,164.81364297282053,422.47352689041156,448.9365212474114,275.4563338476314,184.7381022009997,0.0,71.65697572928124,173.9526974824922,0.0,13.338715687680482,504.35965680810966,140.35299187853136,155.7572660304898,206.8518597587218,340.1558614021868,52.641674357729535,0.0,0.0,414.22833964376713,2028.797620895641,255.9994383391336,72.88832267381136,61.11508535306403,74.6864313525541,152.75837122867998,69.476189406546
3159,Mic,012_03217,148.17655707335317,152.3506037145946,61.469652565658755,0.0,43.23583168027048,263.4951658813119,335.60323565383493,0.0,346.8029783120845,601.5799246231861,168.97463114425588,13.747357099159913,182.03314481496477,0.0,76.77078997674408,189.53217494634325,202.95464216525008,320.16383836988274,198.42216014473001,85.45787650990898,100.99280472391999,0.0,0.0,565.9192534204103,73.90326637761193,491.13371869451333,151.48889634086814,35.174701162453154,51.173416914199635,112.71777573179666,33.32243567147817
3160,Mic,012_03218,87.01333647453914,0.0,36.651998445691866,10.012678697074907,32.22483716356608,471.33621261386065,18.8780518733157,0.0,179.7062963051516,97.32144980682276,0.0,51.23138918962631,124.36805006925844,26.39136794710367,57.219350473320944,193.30790199274114,211.17555403791025,182.94720265730763,0.0,150.54962357119481,112.90901182335448,1171.5369057297532,0.0,673.0770599564186,18.360702472319478,0.0,95.5381986448789,139.82217658345863,30.512747655382583,121.81683916995921,0.0
3161,Mic,012_03219,188.33975305055958,0.0,18.093489428784448,79.08514846317067,11.930995074399899,174.50856314769237,27.95780692657135,224.61335969327504,586.965040801791,0.0,0.0,45.52325516919044,33.48821983620171,0.0,14.12334602224992,22.021767913998726,206.27823389346923,164.9194581499304,0.0,111.47965205617886,55.73824343759598,0.0,0.0,1182.876649036212,0.0,0.0,180.07703248823984,51.768072299066006,22.59421452682309,286.1627406727308,36.781512038759644
3162,Mic,012_03220,431.17362100766536,4.591821861768299,66.6966638382488,0.0,74.76655459250854,85.77036522054945,95.32934613068478,469.82782605988916,263.40511924179754,277.03274214325535,343.76854167740834,55.93631268663281,123.44509607987621,0.0,52.06182398507943,385.5916059176244,251.82738308269543,225.80262546256867,0.0,265.5298305843601,164.37094238229832,0.0,0.0,0.0,20.0468894340631,0.0,303.4534250093371,104.95580474408852,58.30114284153458,192.62662745594537,298.2868029877982
3163,Mic,012_03221,8.787566779401311,44.17163606903493,0.0,0.0,126.92236477919892,0.0,6.196170400137363,0.0,6.463929306547179,0.0,0.0,0.0,0.0,0.0,0.0,78.08945922878075,43.25869157248755,62.65783094478074,0.0,45.612486235350204,0.0,0.0,0.0,0.0,0.0,0.0,0.0,0.0,0.0,0.0,0.0
3164,Mic,012_03222,506.9807716781251,126.65204179922115,41.80984897323059,97.46527891623164,14.703870262266825,286.75465387168776,422.0794284511481,946.3231377844402,85.36797041525207,79.29786117369812,114.93157214289472,65.45383454674645,103.17799075332935,60.210583589341,52.217232414885636,410.48997984254873,217.31643913242098,239.5426244861234,89.97394326392164,89.83098746137556,137.38466825983144,0.0,940.2624862890676,0.0,16.75560907921692,668.1094083733465,214.00260196553998,15.949864492995815,104.41995732812163,180.1681888642673,135.98964152496637
3165,Mic,012_03223,210.6431448591785,29.411669441391723,42.72073892907439,0.0,95.77937712504364,329.62728594564106,267.3465287353385,49.3336836535617,729.9592846962232,384.06079141786785,0.0,0.0,221.39434225044462,55.37012490862927,80.03229412608287,213.18294772301542,240.90438904524038,267.01245605226825,206.8518597587218,137.6821343770756,421.1333948618363,0.0,0.0,0.0,25.6809825429828,0.0,206.51691424246553,73.33810242367683,21.33898038644403,199.76094699135075,173.690473516365
3166,Mic,012_03224,72.2205068088612,0.0,0.0,0.0,0.0,0.0,0.0,0.0,88.5395358795958,237.52041711557106,0.0,73.70431789297498,40.66426694395922,0.0,0.0,66.85179545321041,86.18691185717917,228.86781947337278,0.0,20.825869065440006,0.0,0.0,0.0,0.0,0.0,0.0,31.23785257449058,0.0,27.435831925428037,105.75579546600923,0.0
3167,Mic,012_03225,819.877021741449,24.24234572138954,92.43214422836095,14.429045395111315,0.0,339.6159915803575,159.82781628098428,925.0813165098176,432.8003306060512,385.6813010862976,90.74563524413743,59.06271938898333,309.5687123242148,0.0,82.45751516020661,514.2861355269198,418.7102371916747,240.71577477439334,0.0,208.60929451072062,108.47375322198815,0.0,0.0,1138.0819028596432,26.459194135194398,263.7569970766831,250.32353241510975,151.12093832757654,32.97842423359532,163.44077481110514,107.37229271920745
3168,Mic,012_03226,1147.2564079249664,93.83855861585263,0.0,115.09044265389736,40.853762754757945,239.01883767622314,363.78274368199834,543.7460412546118,429.4377299487126,408.92140656813956,0.0,41.567838053384,160.53712968871105,80.29980200019222,77.37719432095217,738.9816479387108,373.6723426698849,225.8849450489568,0.0,117.45395349703132,152.6858042982487,0.0,0.0,0.0,37.243510228212024,0.0,317.11601997421246,177.26271201931368,139.25960185845227,289.7007098547551,906.8124437233539
3169,Mic,012_03227,514.6251682787116,21.55681640494818,0.0,21.384363684371557,25.80881419537104,150.99693038827272,93.74026656255715,103.95522920771475,454.25553497986647,636.918521597175,242.0789251572648,13.129960822251531,86.92900179037989,0.0,24.441000002576207,381.09526509854084,190.00149861329112,193.66397448701193,0.0,89.03994318996507,96.45719972134872,667.2226156385021,0.0,80.50055375766189,682.3144882827226,0.0,178.07446497553912,156.776662067381,48.87520956775354,156.10062025372017,95.4777572982174
3170,Mic,012_03228,271.9696300713444,0.0,33.09505344885257,9.04098413997481,10.911574609182187,0.0,0.0,0.0,280.07632932039235,244.79952383596833,170.57882068043554,0.0,0.0,0.0,0.0,302.10241742779897,89.25527501665154,43.093782464131905,0.0,94.11183868812763,0.0,0.0,0.0,0.0,1442.3610068761352,495.7963805808537,164.69070376297884,0.0,61.99108859099879,68.2727287185629,0.0
3171,Mic,012_03229,765.8233939830727,53.465173360787325,135.90270710803566,35.358304309802485,25.604387944318596,332.8909224401524,129.99688195931753,971.5316513557842,474.6508089307639,581.795060266671,0.0,130.25961132570333,71.867046034621,27.959171983565277,121.23703961673942,338.69370033076996,218.96062291438682,168.53508983497133,208.8998979741547,220.83669078303217,159.48863716302216,0.0,0.0,1331.0487601514392,77.80574909062115,0.0,147.21997846987642,92.58027781206731,96.9761583898793,186.90504446220442,52.62305435248286
3172,Mic,012_03231,570.8734505603823,0.0,151.56575202662913,31.053815089478697,12.492962233701343,487.27511835442596,929.4704598061126,0.0,748.2232372665553,64.67947285298159,0.0,222.44817682916008,245.45894466897124,122.77723349304753,177.4629130621838,1095.3036921718026,431.98847532762767,74.00888727535697,0.0,305.29516753177637,0.0,2119.5196676125247,0.0,0.0,56.944787377918374,0.0,215.49591051387705,325.2385411832625,23.658434776274902,560.1991774322662,385.13974562324415
3173,Mic,012_03232,173.62101636877742,16.363583361937938,43.57515370765588,21.64356809266697,41.79463729092814,152.82719621116087,165.26876321820927,269.90009838830395,223.49525269001003,288.5096486048149,245.01321515917104,26.578223725042502,161.3015922110382,68.45760897794166,24.737254548061983,323.03597887784645,231.153950532105,226.960587644428,0.0,232.8079726739642,244.0659447494733,590.8963921828856,0.0,0.0,0.0,0.0,56.32279479339969,158.67698524395533,59.36116362047157,114.40854236777359,0.0
3174,Mic,012_03233,336.56860960013,162.29455629463038,146.44109032900747,253.69100305339154,692.4377920023646,367.45336793940317,55.18993307226176,8.249238906005399,80.60484523246264,317.0354489023196,73.63785155057053,275.5856804276948,185.10018778315865,231.46527625738466,200.7367377260767,552.0935435433711,299.4906880774828,390.66986397811377,0.0,196.36632280009147,264.0713500568072,0.0,0.0,157.41911566193835,0.0,642.0969518997941,152.3485432936221,71.53470646243889,89.20393440234801,221.04694953960941,261.3899257180706
3175,Mic,012_03234,349.3593622054667,87.8045936494231,63.768517620959834,108.87770534420885,31.53711198019729,461.2772080763697,714.3731093036417,0.0,343.7115580350285,0.0,0.0,66.85071516207336,118.02555527636946,103.31255013439365,62.220228665094915,155.22660797916177,248.19794186309997,176.4480178333206,385.9552993059078,120.89163018474933,294.6649820755836,0.0,0.0,0.0,71.87543284895796,238.82874430419173,158.66543411311378,330.6922362335916,109.49239021458934,219.24981986855568,64.81620109269231
3176,Mic,012_03235,0.0,219.8149562214244,105.4237589701352,59.24552740573355,35.75174906510845,116.20501094397022,0.0,393.0553256619485,94.68018110995487,219.37369594375323,62.100123657854404,20.2092484545254,111.49879645924301,26.026510325715144,84.64244931767752,395.93514984546556,220.07202392563997,290.2376178402248,48.61495321518346,131.33733555785554,185.58009623807877,0.0,10233.478926235972,0.0,0.0,180.49729984279924,265.52174688316995,232.6879424824954,127.88637784594683,157.415308458622,220.43482214934062
3177,Mic,012_03236,304.76029468987525,0.0,27.81392789850375,243.14476495591828,18.34073178990197,0.0,0.0,224.83563911899822,594.0626093538411,902.0722224495623,573.435184415081,46.65326504927672,51.479231556714325,0.0,86.84355320064311,1015.5783394381326,252.3144766669946,108.65134514892831,0.0,342.7406323854861,342.7309011375582,0.0,0.0,0.0,0.0,0.0,0.0,119.36946458321869,34.7325957353823,478.1512029048289,113.08358488512272
3178,Mic,012_03237,338.52251345167826,42.54048259528918,0.0,40.09015419232553,43.29171255578043,297.97917134229294,88.01856829855393,169.46885480756737,267.6849660832447,465.84506592487185,159.2404943427404,0.0,71.4778104332518,16.684646205849884,30.145103400518664,470.03625754399053,178.00716322644132,145.83139678777871,0.0,87.85625118300837,214.1435320253872,0.0,0.0,839.6926299533114,0.0,231.42046715443095,164.72545596887943,99.44516694968291,33.75782569258723,223.0713086048171,78.50706779321666
3179,Mic,012_03238,183.8340173316467,0.0,48.934664591485216,30.555625542588665,0.0,359.59340284979027,0.0,0.0,0.0,0.0,0.0,0.0,77.63178234755851,0.0,21.826989307113514,110.60933429531177,126.83187597164434,0.0,112.82828714112098,212.0452123026619,0.0,0.0,0.0,0.0,0.0,0.0,59.63590036948202,20.001300661002773,52.3774973121808,19.228326448365312,0.0
3180,Mic,012_03239,510.06466881998153,79.02413428448078,0.0,48.777211994205565,8.409896528052611,0.0,182.28831064989478,110.45932096090156,149.04875040023666,507.9704941136603,262.9410113903299,0.0,94.42044422109555,0.0,39.82094634566075,589.8611103208146,178.23348266074584,132.8549781333237,102.92141314824207,157.1591192401741,314.3093142139558,0.0,0.0,0.0,38.333564186110905,0.0,72.53276988028057,36.490177791292865,0.0,131.54989192113342,311.117765244923
3181,Mic,012_03240,127.32207867043678,0.0,29.050102471770586,5.290649978207481,57.46762627502618,435.84052252812535,18.703255096710926,61.50265895477358,218.52869151912088,236.91851352443996,199.64039753710233,48.72674349591125,89.61199567279903,0.0,105.8204777889318,82.50006757411002,201.80106792485353,176.52490150122176,0.0,119.3245164601322,298.30282136046736,0.0,0.0,0.0,0.0,1450.663483921757,220.28470852529657,41.558258040083544,24.184177771303233,259.68923108875595,393.69840663709397
3182,Mic,012_03241,372.7521382127919,73.68397186369715,68.80287427524613,71.00609181278462,5.041019848686506,49.15494614978858,428.20610352996067,0.0,206.41102911345536,91.34557130991259,157.61084016087025,25.645654471532232,99.04483732256735,0.0,0.0,195.39489688605008,136.8248726796995,39.81764695516281,0.0,86.95713750131091,94.20089095593706,0.0,552.6104086084871,0.0,0.0,0.0,108.69311275919237,32.80915108427648,0.0,63.08240431305813,0.0
3183,Mic,012_03242,0.0,181.65078777931106,89.94871178185846,0.0,0.0,231.34392087010588,504.987887611195,415.4891889355013,729.8013395506683,218.3673945862131,247.26104282118177,80.46618191985344,22.197466818032787,25.90712266367058,205.95466515932335,620.3723954213058,217.59230097887607,109.31587937002267,290.3516930558205,227.36499254929916,295.56609822871997,0.0,0.0,123.33571080302326,0.0,359.33866115493066,323.9852507840514,17.15707900737394,89.85864217777807,74.22310415733675,243.80405915599854
3184,Mic,012_03243,345.4174755965113,0.0,0.0,28.443096121779163,76.2844596571144,297.53967403942823,0.0,270.527584742739,361.30790692458953,394.9454537040469,0.0,29.106683061716893,42.823431560452626,24.99005637469109,27.09057743648381,158.40325869554945,222.65349477705732,384.12577333625535,653.5054330430415,296.07751020910956,392.0174245312337,3112.2908899266085,0.0,0.0,0.0,346.6187085476764,139.8101233588373,124.12311582768315,57.78520352435286,194.89950801589748,117.58691348674266
3185,Mic,012_03244,1002.6613695296896,154.28521455541488,0.0,0.0,0.0,240.1570226175385,0.0,970.4640341564922,617.1205650807829,0.0,0.0,0.0,69.12925380473068,0.0,58.30924286328896,500.0514299900139,338.82229723853567,534.9785280190089,0.0,141.61590964499206,230.11931933521768,0.0,3149.879329068377,0.0,0.0,0.0,212.41739750653596,267.1602302576799,46.640914273227665,410.9368052393501,0.0
3186,Mic,012_03245,351.1265496407473,0.0,0.0,100.04886729217262,33.54141611382851,130.82483722356184,212.21280880159168,0.0,163.98762287427084,677.2469317018423,104.8694695233806,34.127680269509824,169.4608167197678,0.0,47.645684829924825,278.59250167466286,79.81511681715425,66.23363452658405,82.09684706377286,67.50174681521996,438.74889678699094,0.0,0.0,0.0,0.0,0.0,231.42751479311312,72.76737789119686,12.703750969361622,55.96415635555351,0.0
3187,Mic,012_03246,391.2824856701228,0.0,0.0,20.904519426088097,0.0,164.00967398270922,354.723199102498,0.0,15.418836248300343,370.09278856852393,525.8820227806598,21.39222885186347,23.605111055273888,0.0,0.0,325.9758767562397,143.83754741042645,33.213744533330924,0.0,96.71330414779945,78.57732855348895,0.0,0.0,0.0,0.0,0.0,308.26427199119246,0.0,0.0,236.78980545804018,0.0
3188,Mic,012_03247,688.559312691012,74.77720586760958,0.0,55.10439591545478,76.73718642065809,498.84248021447166,464.5289173871527,264.293864890624,318.8999663224136,1178.625052789792,79.97463996293416,312.3138455524281,416.4165733638079,201.10692251680186,48.44684866979498,694.0287583756734,357.5989599534148,212.14416945992528,187.823943875872,360.34315288006144,334.5948560066964,0.0,0.0,0.0,0.0,0.0,209.5809634152024,155.38102412612838,67.81616615395122,74.68806920151393,63.085204624341465
3189,Mic,012_03248,364.30305746743466,46.820657596296414,11.334577554014535,0.0,0.0,291.52008525828376,116.76020522802197,0.0,304.5145887188411,356.8587100472308,0.0,266.1663156279545,307.68511809041973,179.55283279619087,94.37334105040988,280.5070423091644,196.38036599827637,334.53728236606446,243.91779994670085,257.8555580241185,186.22372662965594,0.0,0.0,0.0,2952.570767514034,1132.0206377424115,214.87308996325893,75.6696605932157,47.18011559430544,140.29453791589086,30.722129997692303
3190,Mic,012_03249,518.5191653853537,32.39989505663712,5.229018444918705,0.0,41.37669091801885,336.2198316645539,286.8331201631588,425.7102229833146,368.76716693851654,184.46585657670352,53.90290733501762,298.20767019497686,338.73334364318026,225.91010962720745,212.24564402237178,273.66450986726215,262.81621434448573,367.6761519839734,84.39555878155849,168.52293247754056,64.43340941386094,0.0,0.0,821.9796543403772,0.0,0.0,245.34209412004904,187.01216118037595,32.648639991259365,312.82564298845523,63.77914187520922
3191,Mic,012_03250,370.3010739740331,30.681718803633636,22.2827490550513,109.57056346912653,63.67151774789832,191.03399526395108,866.5133071510279,1012.1253689561397,254.42539926764536,528.2769444668241,76.56662973724096,24.917084742227342,41.241884372140454,0.0,46.38235227761622,931.139155534091,218.52789441060344,0.0,0.0,253.4602928305256,137.28709392157873,0.0,0.0,0.0,1294.8468129910757,0.0,147.8473363326742,180.63674659468128,9.275181815698684,127.6881053211759,60.39691465455419
3192,Mic,012_03251,73.6817584898361,44.44430048921416,0.0,8.817749963679136,24.831690365752053,103.771552982887,68.5786020212734,276.45134580681054,171.26752609137452,58.15829143364806,0.0,0.0,19.91377681617756,0.0,33.593802472676764,245.535915399137,77.81871246775397,56.03965127022914,0.0,117.28478113602738,66.28951585788164,0.0,64.8123318738349,221.2937033338195,16.169507527063242,0.0,61.19019681258238,15.391947422253164,6.717827158695343,66.58698233045024,87.4885348082431
3193,Mic,012_03252,118.8143821694168,0.0,0.0,0.0,0.0,0.0,18.61706498105788,69.56731427645106,140.80642318916367,205.66283994726862,0.0,121.25549072715239,222.99759291848602,0.0,0.0,293.2852961818263,124.06744972989098,125.50815906604313,0.0,57.103189372980665,0.0,0.0,0.0,0.0,0.0,0.0,256.95652924177733,120.65300721314576,45.13636865151064,248.55048703992946,48.985516033186805
3194,Mic,012_03253,28.36382940678047,106.93034672157465,86.28743308446708,18.85776229856132,102.41755177727438,221.92728162676823,0.0,0.0,392.934369297995,152.1995516309435,0.0,636.8247664812163,686.7295509974896,354.14951179182685,673.5391089818856,304.56177704162263,188.28498009063213,123.59239921231229,348.1664966235911,294.4489210440429,53.16287905434071,2436.2984203862966,0.0,0.0,0.0,0.0,429.39160387047286,74.06422224965384,21.55025741997318,154.270830349756,0.0
3195,Mic,012_03254,0.0,0.0,0.0,0.0,0.0,0.0,144.28225360319857,0.0,0.0,0.0,0.0,21.602989727251295,47.6753474515384,0.0,0.0,0.0,22.10397092888862,0.0,0.0,24.416536145688287,0.0,0.0,0.0,0.0,0.0,1157.6723369227814,0.0,55.27453039814067,16.083073887319884,17.71279332928233,0.0
3196,Mic,012_03255,252.3861570898532,78.26061607883362,5.982858632630097,22.8817584869843,102.57379518196892,153.87635316455555,203.381849472701,424.90187307843365,414.6973044355988,102.1254834520762,0.0,30.105768292668277,66.44001509836815,25.847838630115266,46.70076659531153,553.4166023604897,149.6190984156809,186.96982048511234,0.0,141.77794157822433,331.7509638013436,0.0,0.0,0.0,0.0,0.0,170.12835040569243,8.558908978506906,7.471084666192073,345.58186710631844,97.29846205218797
3197,Mic,012_03256,299.9956057168477,143.3623675072439,23.13724975627746,37.92412816237221,20.342522575230504,198.35978269295217,866.9703557218746,8.906257933917333,574.9846260735403,829.3854527784983,0.0,77.61782149791172,114.19581749454034,133.28030066501913,36.12076991531174,267.52550357470574,206.1081183074246,50.21251939036018,62.23861267076585,190.07445099844068,285.10358147726083,1479.1085417472991,0.0,0.0,0.0,462.15827806356856,219.3099974256271,143.43115606754498,67.41607077841167,381.84393407196245,0.0
3198,Mic,012_03257,164.37071631634254,8.4308860412795,64.29121038834474,53.52601383104525,80.75076291572765,236.22002224675916,16.556979921678526,60.10159774375362,91.29732470207502,327.4871669980004,63.118158471917596,71.89191663331168,101.99398102337312,0.0,47.7944613633516,517.9370251014302,199.66045871832185,167.4299417049059,98.82383932266804,168.31399097150694,113.17343573863164,2152.8476784448394,0.0,0.0,36.80740355106668,366.9125439427395,226.3464071790957,61.31546268209047,76.46051520201256,143.15421493993753,174.25995047871373
3199,Mic,012_03258,641.1576104475567,0.0,0.0,0.0,98.51593075718775,0.0,259.7080564857574,776.3712273251937,1043.5859962341694,0.0,0.0,0.0,92.17233840630756,0.0,38.87282857552597,15.153073636061027,67.1539688220521,291.80646982855035,0.0,47.20530321499735,306.8257591136236,0.0,0.0,0.0,0.0,0.0,70.80579916884533,0.0,0.0,0.0,0.0
3200,Mic,012_03259,125.99580701761973,41.66653170863827,12.104209363237745,79.35974967311223,79.81614760420302,622.629317897322,341.3344055149744,377.402679949747,536.5659836406986,495.8759585395256,0.0,60.908429369889056,112.01499459099878,0.0,37.79302778176136,353.5717181747573,166.18911476164408,157.61151919751947,97.68004488606307,91.78808958471707,223.72711602035054,0.0,0.0,0.0,0.0,0.0,361.4045999243146,86.57970425017405,90.69066664238713,291.3180476957198,49.212300829636746
3201,Mic,012_03260,776.6243880926168,106.3287695248288,35.85297456959028,54.24590483984886,40.00910690033468,815.7232202832005,490.0726335467293,808.9475165167573,602.3863908398913,194.58423689525688,170.57882068043554,46.25956661004232,122.50753838813031,0.0,43.05534810580408,909.6639458103723,317.80287316535015,430.937824641319,0.0,172.538370928234,475.77412014454285,0.0,0.0,0.0,0.0,826.3273009680894,392.1207232451877,205.16102070420988,68.87898732333198,276.8838442475051,224.25858605910415
3202,Mic,012_03261,213.7311071921926,84.81647920585633,30.799192411170385,0.0,9.026328734297305,264.04698821823604,534.0709596725727,829.89070983714,198.58815272680022,233.65882863119003,70.55354363222202,11.480122813172807,63.33832154883701,44.35407911528942,53.424698958510824,162.43936266929293,161.0928143089684,151.50510431761555,55.23269553766917,116.77751711563481,210.84230829142982,0.0,0.0,100.55042989924858,61.715031346749235,205.06761291040542,68.1181444883525,137.0769767814274,68.37411516494107,160.01793135956368,0.0
3203,Mic,012_03262,411.9941331045989,37.555765092972315,132.4788577699225,57.47963985265655,25.693424564095157,375.8045808471169,681.8465367745792,317.22073247638946,425.53077385709173,467.7935644642618,240.99660507459447,78.42754541815819,72.1169562791527,25.25075740989651,109.4927660324055,424.4441415644814,226.40922830737932,116.6935957337223,125.77579550157749,158.81664978816175,336.0908091632091,0.0,0.0,612.5034682119056,0.0,233.4898006908342,127.41878166375666,156.07572319077573,58.388029790627776,241.142126770483,95.0508820792984
3204,Mic,012_03263,5833.937432828998,6449.979108497204,5610.301039860695,6056.140896929377,2675.8363484309066,525.3434869758654,2440.774790120776,2280.141191363055,1229.2238897950551,1301.6743911662547,0.0,7263.3302023592705,7056.944659232922,7412.675472142744,7185.3994070073795,1110.436177392597,3385.361297577598,4113.660651055258,6593.403029809258,3562.5252270068318,3020.3160662747323,0.0,0.0,0.0,0.0,2447.994629117965,890.6041926706326,740.2564713389881,272.0719999271614,524.3724858522957,442.91070746673074
3205,Mic,012_03264,660.015187225426,0.0,51.264886714889265,98.03263194913863,1470.4951429197874,0.0,336.6585917407967,0.0,795.3801639850357,218.76880523802598,264.22993791675304,85.98837087513749,142.32493430385728,110.74024981725854,0.0,421.16631135522556,119.40478413546697,433.89524108493595,206.8518597587218,170.0779307010934,473.77506921956586,0.0,0.0,0.0,0.0,0.0,473.7740973797738,0.0,0.0,282.0154545760245,0.0
3206,Mic,012_03265,14122.698989365554,35210.412269152424,22383.868430880073,28594.570855901384,7743.006487582475,0.0,992.2569019728743,0.0,0.0,0.0,0.0,19080.366926819985,17148.9061192788,12286.339295514792,16899.450738623396,1451.504948296372,5544.218813514397,9018.697035344376,1850.7797978411952,7565.2709626140495,2543.4240558103006,0.0,0.0,0.0,0.0,0.0,0.0,0.0,0.0,0.0,186.4887189333603
3207,Mic,012_03266,3916.3626730273586,19549.303768350666,15587.77017440956,17864.984660590224,7157.992943623513,638.3920854390263,856.5617334164574,0.0,360.09813769764725,338.95318684980225,682.3152827217422,18707.368737101115,13598.336761082463,12868.297383828272,13278.269355829978,765.326124150424,5598.739978317233,8144.72488572093,6142.7147214425495,5050.668676262851,7544.4181908634655,0.0,0.0,0.0,0.0,2974.778283485122,799.926275420183,662.8279130443705,289.29174675799436,386.87879607185647,0.0
3208,Mic,012_03267,47.54766423377307,14.937710952806416,97.63727386777666,29.636421039751454,0.0,209.2654553928759,427.4586268576091,551.2271507979707,389.0963587140246,475.3001926250225,223.6635159129362,36.3934183786889,40.15807274963608,23.434658675021517,0.0,46.21373079877532,156.92902182293957,310.77590839278525,0.0,267.36613646668627,133.67927264286504,0.0,0.0,0.0,0.0,0.0,77.12249909469668,124.15745140605871,67.73576761672068,104.43933328178503,0.0
3209,Mic,012_03268,221.08883118881263,23.64524361002527,15.025915071605475,21.110475282502758,39.6328457069146,193.229788312962,441.13884435000944,466.02104322201933,197.22944889040994,429.92201331505663,265.5315632266878,28.803986303001725,23.8376737257692,27.821442072316188,20.10663547009964,209.00791222153143,126.30840530793499,139.75405643129804,0.0,134.2909488012856,185.1534753271866,0.0,0.0,0.0,12.903744923075102,257.26051931617366,122.07896408421608,49.13291590945838,26.80512314553314,88.56396664641166,104.72765496750283
3210,Mic,012_03269,0.0,0.0,9.647635507230085,0.0,0.0,62.03317927390293,0.0,974.8408707189036,0.0,312.8959000378556,0.0,0.0,0.0,0.0,0.0,428.59154767678143,73.3264570666822,25.124788300121182,0.0,27.43481644414053,59.44041458843261,0.0,0.0,0.0,0.0,0.0,137.16990613890698,0.0,0.0,33.17063695428333,39.22456449889866
3211,Mic,012_03270,499.473140029199,20.749212332140328,11.30191306538625,16.466576301049223,0.0,290.6799697388074,215.38388290045208,165.31760043908227,185.2185852881804,360.11741081256605,77.66989529541445,0.0,69.72691305952662,16.275944497637425,0.0,371.4031448838589,134.85333272754238,78.48781128913937,0.0,92.84616554534782,0.0,0.0,0.0,0.0,0.0,0.0,192.82847324080356,107.78798915295444,28.226489905987922,181.33918819099563,91.90078080001328
3212,Mic,012_03271,401.8889353716125,64.74799171989832,37.6188377332281,92.49121904348333,111.62776326803647,120.94238549084673,334.23658748366864,217.21017551064577,15.160006862837268,214.04717634799664,0.0,126.19876013329532,139.25317313183157,40.63131468115242,176.18620145741986,148.80536340448418,161.4066941929637,244.92149745801586,0.0,231.7814348506165,231.77485400669408,0.0,0.0,0.0,56.535112648580835,2817.835544308449,401.1479629170193,161.4493477816195,70.46469062861733,116.4074583187008,0.0
3213,Mic,012_03272,595.5916824403164,0.0,31.445987211710428,29.45310297146433,106.64095597427539,346.6183831593339,909.325268413286,0.0,434.4826709143052,224.93342449215592,0.0,135.63114168964987,182.91933137334235,0.0,140.26278351993906,322.5886294687219,149.7904834081387,35.09699808934454,72.50477558553135,170.32841366236158,276.7758136334233,0.0,0.0,0.0,0.0,1345.9764283810116,127.7424211809065,128.53069496933054,157.07249480330964,55.60356256460278,109.5861544247581
3214,Mic,012_03273,0.0,0.0,23.178273248753126,0.0,0.0,238.45378132237863,125.35160330774343,283.7211636501644,257.80075500261034,263.7638077337902,0.0,0.0,17.15974385223811,20.02749198822761,14.47392553344052,530.357577262136,186.39447825850053,48.28948673285702,149.63751557013916,96.67043477539352,114.24363371251941,0.0,1116.97848548524,245.1718992862529,0.0,0.0,26.36386139265517,39.789821527739555,23.1550638235882,51.00279497651508,0.0
3215,Mic,012_03274,0.0,5.405387897336857,43.18258475533465,30.02801338982625,82.8362180540918,252.41729103945488,260.83458459196856,249.33510387070373,208.82568011962329,0.0,80.93529629882528,197.540852010451,363.2918743491852,67.84087376192416,73.54318919694101,673.6974630086592,171.32236927165624,92.01104904503839,63.36002911528416,327.4602114914231,48.373430490886605,0.0,0.0,46.13845552133689,0.0,470.4854542448942,145.11999379200282,213.4072710166452,19.608792787543162,53.98944513279749,0.0
3216,Mic,012_03275,325.07764766920025,57.44662244084596,27.81392789850375,78.5154970170153,39.738252211454274,208.64705865708135,424.40471405621713,278.36793414733114,549.2276954403437,416.74681621938845,191.1450614716937,85.53098592367401,85.79871926119056,90.12371394702424,94.08051596736338,355.4524188033464,223.90068424954026,175.0493894066067,0.0,123.0350988050463,371.2918095656881,0.0,0.0,122.58594964312645,0.0,833.3598737422858,125.22834161511209,139.26437534708847,63.67642551486756,223.13722802225345,18.847264147520455
3217,Mic,012_03276,689.2991375118783,61.43324811649055,84.77077683741929,82.88083071662915,23.536229191137004,745.880172634676,437.77106980629185,0.0,769.538505361702,324.94260764364816,0.0,478.9522910178307,842.291590726582,289.13409935222796,403.985539291729,412.7014594394778,304.0993406633107,162.66799797040917,0.0,296.04008415548685,384.84118250599545,0.0,0.0,0.0,6168.694714590885,267.3577751937709,367.9243318585905,140.4186875757089,111.42880543091933,104.31203034019339,36.279375355636645
3218,Mic,012_03277,613.8743078753203,291.4276274935614,29.050102471770586,77.09232825388044,82.09660896432311,426.94581798673505,788.7429863641521,273.16765405886446,458.24128680795246,170.01461435640877,256.68051111913155,264.51660754923245,445.4996356304865,71.71749511974839,181.40653335245455,126.2756136338419,266.580906536025,151.30705842961868,0.0,149.48346018082495,153.4128795568118,0.0,0.0,0.0,24.947240184611857,0.0,247.8202970909586,178.1068201717866,114.01112377900097,154.1013019647563,0.0
3219,Mic,012_03278,132.86721444963567,93.66485499027824,53.236613127000396,138.9693354004273,113.1150109938298,190.16958804556216,139.3857970329543,594.2811430882894,0.0,238.96284879845913,182.9284185577521,863.190953785034,722.5727433888138,447.22023964662105,480.1937647564974,417.5665992923604,233.49194630538682,130.9388005640931,0.0,145.78108345808008,109.33270828143826,0.0,0.0,382.36462120963125,0.0,177.23038038863095,134.56305724395943,228.47639601222397,73.86570133769087,134.22850962993476,168.346151254323
3220,Mic,012_03279,516.3617634967713,44.44430048921416,38.73346996236078,17.63549992735827,51.082334466689936,41.50862119315481,436.4092855899216,249.73806969514123,478.68189570855054,235.08193590021952,199.64039753710233,0.0,35.84479826911961,69.72534247753316,20.15628148360606,404.6431885777778,144.0305661267582,75.65352921480934,52.096023939233646,48.95364777851578,0.0,0.0,0.0,0.0,0.0,0.0,73.42823617509886,73.88134762681518,0.0,137.61309681626383,131.23280221236465
3221,Mic,012_03280,421.65103975274513,7.792182553303781,0.0,61.83876597904849,89.55993705198884,291.09942135459215,463.4520873314864,483.59823924296586,314.7178048083814,289.7976381075149,116.67295959960526,0.0,62.844776186118786,24.44914606355059,17.66946753432999,365.0513194141975,183.14718769650574,73.68850248195714,91.33718482852652,139.47021404431035,0.0,0.0,0.0,0.0,68.03792777621416,0.0,209.19895208977024,97.14917463915633,28.26722077165313,46.697364231744324,92.03339375932067
3222,Mic,012_03281,309.88847272552215,207.69163497844303,370.8077983776486,27.470682579154236,82.88599943513391,161.64414983872786,213.64872168165942,239.5055468911856,182.35739024432138,250.3219983012028,129.57429647840777,126.50212253746187,116.3232636137295,54.30531481423257,98.11651443341891,305.97552534353997,191.07182562568147,310.9796513397211,0.0,166.80720126453392,77.44400169935211,0.0,0.0,0.0,0.0,376.6145583258408,53.61496812064008,179.81938575036148,47.089384602777926,112.36553268263478,153.31524489232984
3223,Mic,012_03282,447.02641906818184,19.780155712232673,103.43113407531506,3.1395065804747695,49.25796537859387,295.5778739908166,634.8419158540737,152.6199848587988,405.23864498738084,330.22069326917847,355.4037846264899,48.19128477617596,85.08215852889928,37.237930158330904,26.911958244594906,227.29610454091542,145.10892563646223,231.94873242782208,46.37118614371346,168.84973842287516,283.2237776433448,0.0,0.0,498.0671624328054,0.0,172.16665523467006,106.20869875326798,139.7453512117095,57.40420218243405,229.17629522963756,210.26090728090952
3224,Mic,012_03283,262.8208045949383,275.2284663322895,75.95668994912492,52.42111905012918,73.81163007801527,308.4585611601412,744.3552349498349,0.0,9.666242907955873,81.8877729698299,0.0,67.05515159987786,14.798311212021854,17.27141510911372,149.78521102496245,335.73094340447136,272.48044897354754,145.75450582669689,129.045196913698,310.7321564840422,197.0440654858133,0.0,0.0,575.5666504141085,2355.1110229326246,0.0,181.88645658052008,45.7522106863305,169.7329907802475,384.86054007507937,65.01441577493294
3225,Mic,012_03284,22.15010389240846,125.25732624988576,53.90740664864644,66.26948168579474,53.32047798713769,259.96378736950044,135.35757812258836,233.4449566699466,84.18101748964663,245.38191762780644,0.0,56.512975704020775,74.83063556182186,14.556063764639655,63.118252583972584,139.42389917715946,150.34118371478627,17.54849904467227,0.0,185.23214985781823,83.032744090027,0.0,0.0,1029.5534739786979,0.0,0.0,124.54886065138385,134.95722971779708,117.80437110248225,315.0868545327491,0.0
3226,Mic,012_03285,4.023520744501162,50.56163398351611,18.360317573450512,72.2262890283381,4.842777495086476,424.9969782276665,822.73307532161,0.0,159.81883639389963,0.0,75.70633052671015,61.59279374483164,135.92830804300976,15.86447399067468,34.39590168901877,397.76818294660194,208.87010731680147,191.25892217227081,59.2665440881731,118.34475595332903,180.99272307264312,0.0,0.0,0.0,0.0,0.0,167.06986320738784,31.518903569726284,27.512898869038793,151.5040890102941,59.71829763596369
3227,Mic,012_03286,0.0,0.0,189.45719003328645,289.8356075018012,374.7888670110403,243.63755917721298,731.8665037843406,1312.7049737382506,580.2547554312061,0.0,0.0,317.7831097559429,280.52450819310997,245.55446698609506,946.4688696649802,207.53122588518363,362.3129147909135,98.67851636714262,611.562020156221,790.1757277293035,233.4543819342788,0.0,0.0,0.0,0.0,0.0,0.0,379.44496471380626,0.0,52.11155138904802,0.0
3228,Mic,012_03287,391.664597472535,0.0,0.0,0.0,0.0,0.0,560.2209378186695,0.0,0.0,0.0,210.5582317774126,0.0,113.41518202338627,132.36920485969185,0.0,74.58153430248787,180.28551288874783,452.14804569788396,0.0,77.44620058710503,0.0,0.0,0.0,1800.4811353834198,0.0,1223.9973145589825,290.41441065346714,321.4271520287711,0.0,14.045691585329347,0.0
3229,Mic,012_03288,583.5595272395019,239.9992226417564,445.43490456714903,444.41459816942853,791.776184233694,871.6810450562507,456.3594243597466,0.0,616.5630939289483,132.23358894387349,0.0,389.81394796729,609.3615705750334,292.8464384056392,272.1098000286818,742.5006081669903,432.0916983802747,529.5747045036654,1562.8807181770092,238.6490329202644,238.6422570883739,0.0,0.0,0.0,0.0,0.0,275.3558856566207,221.64404288044554,48.368355542606466,386.2044975166114,0.0
3230,Mic,012_03289,195.62506879051483,124.99959512591482,3.026052340809436,0.0,19.954036901050756,77.82866473716525,140.27441322533195,0.0,202.43171200989997,630.175697310647,124.77524846068896,30.454214684944528,0.0,0.0,85.03431250896307,390.4021054846279,133.54482436203543,86.6863355586357,0.0,131.9453787780308,111.86355801017527,0.0,0.0,0.0,0.0,0.0,86.04871426769397,34.63188170006962,15.115111107064521,99.88047349567537,442.91070746673074
3231,Mic,012_03290,0.0,105.88200998901021,0.0,268.8895047747802,0.0,988.8818578369234,273.28756270723494,213.12151338338657,483.4258659025931,0.0,317.07592550010366,0.0,0.0,0.0,0.0,1066.9546554332383,565.6016090627382,0.0,0.0,116.62486676646405,189.51002768782632,0.0,0.0,0.0,92.45153715473806,0.0,524.7959232514419,88.0057229084122,345.69148226039334,613.3836137028534,0.0
3232,Mic,012_03291,541.3038955102146,177.90640050479038,235.6098427216277,132.88144131311813,140.32792462506393,195.4766463166011,23.48780872610209,912.7878770877601,477.80463490372574,276.76797685927005,313.38899613382335,101.98620731702353,84.40199592438047,0.0,71.19151744936443,286.7631086359223,204.97577692777529,98.96537251937268,122.6679633452885,144.08595458066054,93.65321135735603,0.0,0.0,982.5881545038197,0.0,0.0,151.28564647994568,217.45600137253015,18.981767436778696,219.50476151956562,247.20597626050085
3233,Mic,012_03292,82.24153406942088,193.77927665452822,262.7018835963943,170.8702744157919,103.11176963222401,120.65304964039015,302.02624857128893,646.4600929282748,120.98991123068211,64.06053052902962,128.95432376798476,94.42263691791413,208.38004735397283,94.57959135110359,107.41176316921651,178.90052247359134,277.568764128556,179.17941129823265,100.95162533679246,201.5824551166753,154.14691247335156,0.0,0.0,183.78116852398543,0.0,0.0,417.9744245194398,44.73975147855884,93.72815308495511,206.45150502455385,76.2908395636474
3234,Mic,012_03293,506.42489973256886,30.125425436203738,8.204526848721818,56.78040666988364,28.854038297084276,422.03326150362415,23.24212035030605,502.1508461256048,526.8102384835951,0.0,0.0,36.697965812820186,80.98824713524932,0.0,25.61703138345331,306.23157180826263,177.01673789913315,99.71071842119223,88.27987320246706,124.4323892278173,33.69948191101514,0.0,0.0,0.0,526.084060796836,0.0,93.32145078739028,234.74329855277315,88.79337236116562,278.32801400886945,200.14375065442223
3235,Mic,012_03294,0.0,239.9992226417564,76.25651898839779,249.98321147030353,0.0,560.3663861075898,521.8208171982349,314.50223329145587,0.0,396.7007668316204,0.0,0.0,40.32539805275955,47.06460617233488,0.0,411.0271223781554,122.8612384130726,226.960587644428,0.0,206.52320156561345,0.0,0.0,3149.879329068377,0.0,5435.379955222309,0.0,30.977537136369826,249.34954824050124,0.0,14.982071024351304,177.16428298669226
3236,Mic,012_03295,719.487092025913,141.01336814204583,361.45288789760633,283.0619642718381,246.28982689296933,309.8800291839206,218.75051352743012,0.0,0.0,664.976515829502,124.20024731570881,202.092484545254,178.39807433478882,130.1325516285757,131.6660322719428,410.5994146545569,189.05516149316722,345.1474374316187,486.14953215183465,376.88104986167247,371.16019247615753,0.0,0.0,0.0,36.21373575185593,0.0,256.95652924177733,155.12529498833027,180.54547460604255,140.84527598929338,391.88412826549444
3237,Mic,012_03296,91.70683257893502,10.975574206177887,7.971064702619979,126.29813819928226,0.0,153.7590693587899,52.34630542311168,193.30381168157774,279.4664070004437,149.66987772991777,82.1690660594781,13.370143032414672,88.51916645727708,0.0,12.444045733018987,572.3981169231589,130.93907169155668,10.379295166665917,0.0,113.3359032982025,147.3324910377918,0.0,0.0,0.0,0.0,0.0,67.99947176276304,34.20954167933706,0.0,230.21231086198347,64.81620109269231
3238,Mic,012_03297,5.115619232294335,0.0,0.0,35.711887352900504,0.0,180.1177669631539,310.2068452468769,0.0,669.8015889291423,223.14418134278648,96.25519166967433,0.0,86.41156725591334,0.0,72.8865535791112,295.48493590319003,112.17765246410977,133.74463200475222,0.0,53.105966116872025,0.0,0.0,0.0,0.0,0.0,0.0,66.38043672079249,80.14806907730399,11.660228568306916,141.2595268010266,0.0
3239,Mic,012_03298,627.0759058941443,0.0,54.217933184640955,46.079854648903876,0.0,0.0,0.0,0.0,611.7796317874008,143.96398796308804,0.0,0.0,22.299759291848602,0.0,0.0,241.96036935000674,135.88339732321396,141.19667894929853,97.22990643036692,114.20637874596133,0.0,0.0,0.0,778.8256339845947,0.0,0.0,68.52174113114063,137.88915110073802,135.40910595453192,41.42508117332158,48.985516033186805
3240,Mic,012_03299,127.72756299741269,332.4829995196307,24.979387475726302,0.0,21.962150168799813,321.22913853301327,147.95823458671956,615.382713803409,0.0,198.98207253496886,514.9959299523977,0.0,30.821960295102844,0.0,0.0,0.0,171.48176172857546,65.05239773247936,0.0,173.63734144370045,205.20194080847435,0.0,0.0,24.46513644682354,0.0,997.908638621336,71.03129534454229,119.1160262295388,20.795312096343544,0.0,0.0
3241,Mic,012_03300,306.06268911162687,0.0,0.0,0.0,88.41173273080949,287.3673774910717,578.3621960675224,0.0,81.04772899747617,0.0,921.4172194020107,0.0,0.0,0.0,69.7717435970979,652.7477873995518,87.66019240174633,116.39004494586052,0.0,63.5456004817272,137.67822524329262,0.0,0.0,0.0,0.0,0.0,158.85916480189655,0.0,27.904820505349882,138.29604022478128,181.706956909428
3242,Mic,012_03301,263.6707226197478,0.0,110.56382284032088,56.85474603446846,0.0,334.54709618363574,401.98040804871243,0.0,152.01489468680853,266.44081354362567,268.17366833342106,21.817944848915484,96.29945803644074,0.0,20.306701494677746,332.46295888074195,239.18476005140676,50.81207186069284,0.0,246.59486754103096,0.0,0.0,1410.3937294336015,0.0,0.0,0.0,184.9405202171333,167.47357717645605,211.16035815242375,456.1705207414427,211.5394423721699
3243,Mic,012_03302,13.97437448821867,324.87699650286544,63.768517620959834,0.0,0.0,656.0386959308369,221.7019994390612,213.55468719107637,298.0975008004733,261.241968401311,262.9410113903299,64.17668655559042,236.05111055273892,0.0,59.73141951849112,341.49853755415586,231.39083713851213,99.64123359999279,0.0,108.8024671662744,0.0,0.0,0.0,0.0,0.0,382.1259908867067,344.5306569313327,145.96071116517146,222.9663218915274,298.17975502123574,103.70592174830767
3244,Mic,012_03303,91.23397356958048,0.0,0.0,9.098570026216688,43.924300337599625,856.6110360880353,726.9252394912743,0.0,496.61092544950355,104.22870466117415,171.66530998413256,307.2578093054276,215.75372206571993,107.91884217860228,441.96177711664876,516.8452823000433,216.3936517051071,173.47306061994496,134.38783245471097,315.70425717036443,102.60097040423717,0.0,0.0,2201.8622802141185,0.0,0.0,189.41678758544606,23.82320524590776,124.77187257806126,515.3069014745035,270.82438163570794
3245,Mic,012_03304,79.4066268893449,38.37940660582459,0.0,0.0,0.0,71.68866346792194,127.05452182968232,440.9737070628174,233.63865587332148,434.55227923186567,57.46578607144736,0.0,20.63559815066587,24.0842334357364,0.0,156.05404192361357,83.3729735036332,43.553204452022435,44.98697163196082,63.410108796265106,34.34616706495786,0.0,738.7776677985532,245.6946538689528,0.0,0.0,47.55613377011999,71.77439021848116,6.961330488541442,95.83414301290814,0.0
3246,Mic,012_03305,301.73482929464893,26.150036365324553,22.156857817452142,24.2114490528139,4.174403845643548,162.81832041867017,281.2281214299633,204.69297895579498,441.3470763082903,349.3944405205858,261.0310282567439,21.236837358992794,175.75234018151866,13.674946103341854,9.882922519201518,80.90200331117329,108.64663676911358,181.34865356576572,102.17379997767372,72.00808964999597,195.0163723179811,0.0,0.0,0.0,704.0195747013347,0.0,45.00368591240169,99.61906890964336,71.1471573659405,126.24117957564782,25.738152492013405
3247,Mic,012_03306,257.0926588537666,23.076848330938116,8.379837251472283,0.0,55.257332956755945,215.52553311830377,252.4939438055975,0.0,283.66705149116655,333.76266440160373,0.0,0.0,62.03907392732239,0.0,78.49321154673514,418.16655130283795,94.50864493313279,174.58506741879077,0.0,238.29600180647702,0.0,0.0,605.7460248208417,837.1467843150259,0.0,0.0,166.8021230419914,215.78326290043375,41.85723075802482,34.57401005619532,408.840653046213
3248,Mic,012_03307,477.45779501413796,110.52595779554572,41.28172456514768,40.09755772957249,39.319954819754756,147.46483844936574,99.22569019728745,301.9221439597976,349.3583686785946,208.7898772798002,0.0,7.6936963414596695,59.4269023935404,0.0,35.8039210564055,452.1996185077159,249.65853480734202,149.31617608186053,74.0311919136478,152.17499062729408,339.12320744137344,1563.8761657772611,2928.835165624982,808.637141505536,165.4395928032155,1099.4502193933315,123.9101485454793,72.18013238540826,45.822652619311384,255.48373746788542,74.59548757334412
3249,Mic,012_03308,77.42558838067102,0.0,97.16081569950298,96.51861446729865,58.24421581928328,0.0,0.0,0.0,469.85778026915233,0.0,0.0,0.0,98.08880607428001,0.0,0.0,172.00786289582788,155.92260574161975,184.02209809007678,142.56006550938935,200.94149341519145,0.0,0.0,0.0,0.0,0.0,0.0,150.70153201477214,227.44722305721396,66.17967565795817,121.47625154879435,71.82335796757795
3250,Mic,012_03309,40.84160364683053,54.989638588997146,13.312165083805258,5.81863745057442,14.045041044812915,205.42963238160118,226.26748528403851,166.02643354204756,203.8573224274604,21.208544051588664,54.890944333011845,8.931582310859495,19.710988864892656,11.502551406680624,49.877560086723754,74.53090189630831,190.60735827477478,131.7388339687617,171.88504843494604,156.46971686844847,98.42170480732325,85.10145886835275,0.0,0.0,0.0,0.0,68.13796355861389,30.470413226945166,66.49417513494778,150.12584407292957,43.29880643259282
3251,Mic,012_03310,187.8522472186772,154.9175310085108,99.11561601536481,58.54407762770574,105.98537632689253,172.24376622159522,627.0956145335741,677.4687451556935,785.8972410165106,115.83987556046294,0.0,44.9324478958198,99.16081488383497,23.146527625738468,108.7323996016249,476.01766155904824,271.90601943876726,83.71497085245295,86.47085940733453,203.13757531043942,165.04459378550447,0.0,0.0,0.0,2206.1437503420593,0.0,91.40912597617326,191.61082088153273,46.83206556123269,184.20579128300787,283.1724195279098
3252,Mic,012_03311,739.9014836642932,0.0,51.943891836940786,179.7419495907575,0.0,779.3174906132044,1324.339095986975,1109.7138403820377,279.10476211051395,0.0,0.0,87.12728969467574,160.23336974606448,0.0,54.06154967457254,158.05358262778884,314.13987823440385,112.7287686975636,139.7277463270836,131.29951887615158,213.35566031079784,0.0,0.0,0.0,0.0,0.0,172.32537214934212,74.30946801869243,21.621615888251235,404.8135746977041,140.79280767154353
3253,Mic,012_03312,0.0,0.0,0.0,0.0,8.288599943513391,80.82207491936393,252.4939438055975,0.0,400.1731619250385,593.6207388285667,0.0,21.083687089576983,0.0,27.152657407116283,0.0,267.72858467559746,160.2537892344425,0.0,0.0,119.14800090323851,77.44400169935211,468.7399264912314,0.0,0.0,0.0,0.0,214.4598724825603,53.94581572510844,15.696461534259312,43.21751257024415,51.105081630776624
3254,Mic,012_03313,214.1866743988656,117.75662793170291,0.0,33.37559565691636,40.2810464544576,0.0,235.9756484164463,70.54255699995271,93.5457432821337,38.23342670982323,188.91205841711786,10.246277837925263,79.1433045895281,65.97841986775919,9.536558412220156,144.98092649455586,149.76989648078742,135.22184544235782,0.0,98.43629233501201,37.63633727445149,0.0,0.0,287.17954558140525,18.360702472319478,0.0,173.70581571796166,52.433316218796996,15.256373827691291,285.6394849502492,0.0
3255,Mic,012_03314,317.5850491722998,0.0,65.06697159966716,0.0,39.0051762047689,76.06783521822486,73.12041811564815,430.3415174087613,181.16551187671143,235.59717487172026,0.0,39.68694040390961,0.0,0.0,18.468990952172973,172.78617901752844,110.21980074043107,46.21369431673874,95.47008911941006,246.70644892905858,0.0,0.0,0.0,0.0,35.558283521053106,0.0,117.74267508846451,0.0,73.86570133769087,122.02591784539526,96.19780071675599
3256,Mic,012_03315,360.4338256479276,29.411669441391723,0.0,0.0,39.438567051488555,219.75152396376075,36.30631871714474,98.6673673071234,278.89953802072677,573.6604226241569,88.07664597225103,0.0,47.44164476795242,36.91341660575285,26.677431375360964,135.18918636093662,144.54263342714424,155.7572660304898,68.95061991957394,129.58318529607118,52.641674357729535,955.8618108840798,1338.1840286891797,0.0,0.0,0.0,145.77664534762272,61.11508535306403,74.6864313525541,235.0128788133538,0.0
3257,Mic,012_03316,71.6186692521207,89.99970849065868,289.46352105799974,61.22037831925801,0.0,120.07851130876925,324.6350706071968,0.0,925.680847621174,0.0,0.0,31.324335104514375,69.12925380473068,242.04654602915085,204.08235002151136,511.41623521705964,375.4517347778368,72.95161745713759,301.4127099341375,407.14574022935216,345.17897900282657,0.0,0.0,1316.9233447375873,0.0,559.5416295126777,345.17827094812094,53.432046051535984,69.9613714098415,706.2976340051331,75.92754985143955
3258,Mic,012_03317,362.4781627454272,690.6100080099521,570.9234424554097,279.86458660232233,344.8057576501571,514.6221913232968,111.30345277961035,144.799395572556,137.6157357671432,309.6694761491731,165.008900005156,107.397720358335,187.6365460414118,288.15065003470335,174.9277285898669,263.01406382591637,245.94050919245055,166.74655418774304,86.11791712403928,207.3661534087384,230.11931933521768,0.0,0.0,0.0,433.01281177576305,0.0,174.48571938036883,76.3314943593371,99.94481629977356,212.80655985609204,86.77434268735948
3259,Mic,012_03318,295.05818793008524,33.707755989010735,19.58433874501388,42.8007638686448,167.8829531629978,251.8500611719505,242.09157158888752,299.6605548664658,118.38432325474047,156.00591954052487,100.94177403561353,16.42474499862177,36.247548811469265,63.45789596269872,30.57413483468335,727.0070160222538,268.89025309749155,216.76011179524025,0.0,167.07494958117044,0.0,0.0,0.0,359.646668740758,1707.0639631942272,293.3926147257486,222.75981760985047,322.1932364905353,36.68386515871838,356.87629855758166,0.0
3260,Mic,012_03319,443.1652462009678,39.778876680954106,21.66720350104436,7.892129801745967,9.52502092956235,278.6352196115088,786.7767088749005,925.7833696004844,215.38098147948088,16.437877078658307,297.8061178730256,48.45753496830953,0.0,0.0,67.65160774193747,325.2469120226359,148.74384857119526,282.13332718230004,116.56845135574379,177.99789748196517,266.98926552704813,0.0,1740.264822689711,0.0,0.0,432.7946305622921,759.8909662181329,1033.2163601125742,1641.4509608865205,615.837615586595,1115.8413403581726
3261,Mic,012_03320,0.0,265.3837558057884,8.379837251472283,210.60856644018247,0.0,431.05106623660754,6.474203687323012,609.6504829957452,418.7465998202935,0.0,691.062914551508,112.44633114441056,527.3321283822403,0.0,0.0,203.98368356236,246.54429112991158,240.05446770083736,270.4985858383285,333.61440252906783,0.0,892.8379552213931,0.0,984.8785697823836,6095.282433567186,0.0,10151.10063084119,5058.918719110169,7931.945228645704,7179.869421669896,1839.7829387079585
3262,Mic,012_03321,201.28122730988167,0.0,0.0,18.672882276026407,5.634081007355508,0.0,211.23676344520578,0.0,320.2179880978715,0.0,0.0,14.33139514585625,126.5110527145398,18.456708302876425,0.0,98.79209772529983,90.07729329517684,111.25519002177845,137.90123983914788,72.89054172904004,0.0,0.0,0.0,464.4378353581631,0.0,0.0,60.740268894842806,0.0,74.6864313525541,99.88047349567537,0.0
3263,Mic,012_03322,243.94131885001806,55.02165584581753,0.0,0.0,0.0,220.23133078464232,0.0,0.0,0.0,454.73341176113695,353.0758122381068,0.0,0.0,0.0,17.823786028079596,145.90623304591514,179.14834080356894,14.866414037844631,0.0,64.93305900752912,140.6843000302641,3223.5738924761918,0.0,0.0,0.0,342.0778521038204,97.39662331085712,16.33293984108087,114.05638424894101,47.10520147394298,0.0
3264,Mic,012_03323,248.70791894627118,52.08986343510791,0.0,0.0,0.0,54.054635315844685,295.523458344815,315.5134944917499,179.555901219489,186.5514056241945,0.0,28.20197372753706,46.678917360107526,0.0,39.372800647236915,219.9875481248088,150.46336481175953,10.946652137191062,0.0,127.49985434275814,51.795345187991124,1298.7777843799302,0.0,74.10340364279027,631.7026252534354,0.0,95.62197958493581,72.15903325287817,20.995909962224673,109.83640493736648,68.35920886946326
3265,Mic,012_03324,200.0775521964007,0.0,0.0,9.06968567692711,0.0,213.47290899336753,583.5415590173808,388.18561366259684,204.0344415714241,188.9051270626764,0.0,13.921926713117497,92.17233840630756,0.0,25.915219050350643,383.87786544687935,168.90240643122198,118.88411733755756,66.9806022075861,118.01325803749339,102.2752530378745,0.0,0.0,524.3305909603356,0.0,497.3703373446023,23.601933056281773,23.747576022904877,20.729295232545624,85.6118344248646,101.23673313525273
3266,Mic,012_03325,123.38796949803564,33.707755989010735,0.0,0.0,0.0,314.81257646493816,261.0049756192694,627.5909733995793,248.607078834955,685.3117179815914,0.0,16.42474499862177,163.1139696516117,21.15263198756624,0.0,274.1173994838006,220.8741364729395,38.25178443445416,0.0,157.79300793777205,60.33090769088104,0.0,0.0,1165.2552067200559,0.0,586.7852294514972,292.3722606129287,168.10081903854015,36.68386515871838,202.0054520137255,79.62439684795159
3267,Mic,012_03326,203.12897419461132,63.15769016888327,1.91119095209017,18.795730185737106,5.041019848686506,319.5071499736258,258.4002348887694,485.54730753768627,432.84700881254446,280.56139759473155,39.40271004021756,25.645654471532232,155.64188722117723,16.51389690257364,83.54248246494618,323.33203175191625,272.7125886972092,189.13382303702335,61.69265992803984,163.04463281495796,188.4017819118741,0.0,0.0,769.328391571239,11.48886061133441,0.0,249.99415934614248,43.7455347790353,33.41235086824789,191.8756464522185,93.24435946668015
3268,Mic,012_03327,166.00353800160423,0.0,30.300603571548795,47.30051305019934,5.708704596856905,445.32428035040255,90.29584745365739,139.96390779593267,307.0152383215654,4.925920117942306,0.0,0.0,80.11668487303224,56.10350404649192,40.54616225592941,563.7244447057803,144.3345386482396,124.00164556731995,69.8638731635418,172.33061852494896,160.0167452330984,0.0,0.0,0.0,3434.788896940931,0.0,49.23582061409774,185.77367004673104,21.621615888251235,148.82852010945007,387.1802210967448
3269,Mic,012_03328,285.39770453852606,121.80411675427489,78.631856314567,91.29354661643737,74.53507919129335,505.5937318263969,113.90704231831465,431.3173485139966,382.2344963433603,534.0919628630603,0.0,41.21623040067681,245.59077009575367,42.46430632090366,53.70588158460826,472.53663838769256,186.76193482209467,249.5713228796812,39.65956709659704,237.5793221017959,90.83657342179644,1204.324279449007,0.0,1234.6156356914878,73.85696107286407,147.24779724017836,125.77345904992261,84.36638850242524,67.50658644809268,158.83248228823567,159.84747337145168
3270,Mic,012_03329,404.15514598707114,52.28198833482245,0.0,0.0,57.22917139421694,69.75515179762529,0.0,0.0,179.24663716039333,259.2546505227395,0.0,36.3934183786889,120.47421824890824,140.60795205012914,16.936294607594302,402.7196541036136,106.39255716809463,98.88324357952257,0.0,113.11644235129033,66.83963632143252,0.0,0.0,0.0,391.2886634764848,0.0,215.94299746515065,0.0,27.094307046688268,290.93814271354404,220.53645185065432
3271,Mic,012_03330,435.3291660423022,82.35267443589682,72.62525617942647,98.03263194913863,5.634081007355508,109.87576198188037,191.43331687221772,103.60073567247957,475.1621758871642,155.56892816926293,0.0,0.0,253.0221054290796,73.8268332115057,66.69357843840241,249.5800363586522,213.67171897925672,155.7572660304898,0.0,80.98949081004449,105.28334871545907,0.0,0.0,0.0,0.0,0.0,242.96107557937123,24.446034141225613,74.6864313525541,76.37918561433999,69.476189406546
3272,Mic,012_03331,862.6794250823627,173.8630732205906,0.0,64.93070427800092,9.79561811506128,286.55099289592664,0.0,540.3720190189559,335.24287903501505,456.431280019336,0.0,0.0,137.47294790713485,0.0,0.0,1039.6213872468006,116.54821035232185,0.0,0.0,126.7301464152628,91.52472928105249,0.0,0.0,0.0,0.0,0.0,0.0,297.51934733241626,0.0,337.09659804790437,60.39691465455419
3273,Mic,012_03332,157.8038475046727,22.881281819658984,55.39214454363036,60.528622632034754,43.83124037925726,71.2330151831682,462.1923039153311,1324.1077076202987,214.29569023061495,157.58769868840855,571.0053743116275,278.7334903367804,143.5310778149069,71.79346704254475,34.590228817205315,323.60801324469315,228.15793721513853,158.68007187004503,268.20622494139354,220.52477455311265,341.2786515564669,0.0,0.0,0.0,0.0,0.0,189.0154808320871,269.4243000056263,83.0050169269306,83.79802437349035,45.04176686102346
3274,Mic,012_03333,273.8823835136044,23.73618685467921,0.0,0.0,56.83611389837754,110.84170274655625,415.08894498150977,39.81390909359969,50.944286798413586,222.32680338914992,118.46792820882995,67.46779868664635,53.176349080562055,86.88850370277211,62.79456923738812,300.73023062336506,176.10306509279397,119.71547480145654,46.37118614371346,130.72237813383884,177.01486102709052,0.0,0.0,776.6471007426796,898.100646646027,0.0,204.24749760243841,189.0672398746658,35.87762636402128,300.2999730595251,116.81161515606085
3275,Mic,012_03334,412.7177550122209,91.52512727863594,132.94114690471287,363.17173579220844,262.9874422755436,284.9320607326728,0.0,0.0,410.7334062753453,0.0,0.0,0.0,0.0,382.89849089357193,0.0,512.3793543040974,228.15793721513853,173.10553294914,0.0,294.0330327374835,0.0,0.0,0.0,0.0,399.57867753319,0.0,378.0309616641742,0.0,55.33667795128706,213.3040620416118,0.0
3276,Mic,012_03335,669.2236307165376,0.0,0.0,81.96170867878803,0.0,413.38503893182855,124.17734941258894,0.0,880.895808611913,743.8139378092883,0.0,71.89191663331168,0.0,0.0,33.45612295434612,286.91475491230307,210.16890391402296,55.809980568301974,0.0,121.88254518626366,264.0713500568072,0.0,3614.615623521088,0.0,0.0,642.0969518997941,0.0,122.63092536418094,133.805901603522,383.1480458686563,0.0
3277,Mic,012_03336,338.0401188700097,64.79979011327424,0.0,34.28341185878448,0.0,134.48793266582155,343.3917635756126,374.38345851014907,248.65443256425687,636.7047307647507,107.80581467003525,87.70813829264024,116.13714639194752,0.0,48.97976400516272,114.55723668862137,161.53581954831807,0.0,84.39555878155849,128.87047777694278,193.30022824158286,0.0,0.0,0.0,31.43352263261094,313.3433125270995,74.3460891272876,44.88291868329022,0.0,151.01927592546116,0.0
3278,Mic,012_03337,80.47041489002325,26.96620479120859,4.89608468625347,0.0,0.0,125.92503058597525,162.65527466128378,588.0131642662725,71.03059395284428,445.731198687214,100.94177403561353,0.0,72.49509762293853,63.45789596269872,15.287067417341675,274.1173994838006,79.2265924305109,76.50356886890832,79.02205878423081,111.38329972078027,120.66181538176208,0.0,0.0,503.5053362370612,0.0,293.3926147257486,180.9923518080035,98.05881110581508,48.911820211624516,181.80490681235295,159.24879369590317
3279,Mic,012_03338,0.0,166.88687667142005,0.0,0.0,0.0,0.0,595.2837350648524,0.0,160.48523821354553,305.407047312423,178.48644812919744,0.0,0.0,0.0,0.0,221.2750156789044,335.36554568267445,67.63726121853816,0.0,328.248797190379,0.0,0.0,0.0,0.0,0.0,0.0,443.1223855268796,470.62663078505204,43.24323177650247,607.2203620465563,211.18921150731532
3280,Mic,012_03339,0.0,59.668315021431155,0.0,0.0,9.52502092956235,0.0,111.59953317374476,0.0,0.0,279.4439103371912,0.0,24.228767484154766,0.0,0.0,0.0,316.45645494094305,84.99648489782587,0.0,0.0,177.99789748196517,0.0,0.0,0.0,0.0,0.0,0.0,102.68796840785579,41.32865440450297,18.037922647104622,148.9929715128859,58.72849159779855
3281,Mic,012_03340,253.51741328184315,0.0,0.0,56.88619224355833,0.0,74.38491850985706,192.1635324538176,554.414556386354,1193.4816022283214,190.8903026236227,0.0,58.21336612343379,0.0,74.97016912407327,54.18115487296762,401.28825536205864,141.81751259685177,0.0,93.35791900614878,263.18000907476403,142.55179073863042,0.0,0.0,781.8018381369894,0.0,0.0,82.24124903461016,33.09949755404884,43.338902643264646,413.6642619112927,47.03476539469707
3282,Mic,012_03341,204.16181732504992,0.0,8.872768854500066,0.0,0.0,228.2035056546746,105.11060104124421,85.38522170808756,250.29445719808817,488.0227193771348,121.95227903850142,49.60867550488702,43.79228747810993,12.777721132760602,9.234495476086487,302.37581328067483,133.4239693173639,100.12967101960061,47.73504455970503,112.13929496775388,327.99812484431476,0.0,0.0,0.0,0.0,0.0,168.2038215549493,110.00715363551527,22.15971040130726,73.21555070723714,72.148350537567
3283,Mic,012_03342,277.85169341959863,72.24056868815411,39.348801006913334,0.0,0.0,56.224052117818374,317.51746779566776,313.0296475837366,528.572145635714,213.93979482140065,0.0,0.0,32.36821248382038,18.88880515277654,109.2079464998054,345.8853764753061,220.81793031635556,148.01777455071394,70.56484847956395,182.3482448606085,53.874088138679724,0.0,0.0,0.0,0.0,0.0,24.8649127516012,62.54587330447356,76.43494312334968,126.27029759653944,35.5513611344533
3284,Mic,012_03343,0.0,0.0,0.0,0.0,0.0,442.3945153480973,0.0,0.0,568.400520469142,1487.6278756185766,0.0,57.702722560947535,254.6867245437446,0.0,0.0,1172.3693813163004,227.72906891210255,268.76911694734895,0.0,260.87141250393273,847.8080186034337,0.0,0.0,1364.575176290592,103.3997455020097,0.0,440.2071066747292,0.0,0.0,165.59131132177757,0.0
3285,Mic,012_03344,376.4848474280665,152.2653678391808,7.898819403200462,99.25962647936092,67.7111004448949,355.5194594640298,158.66688915880448,789.0110408617068,1009.0564688779433,647.1855410546074,244.27299396533667,0.0,116.95583725271655,34.12539420350566,24.662519640061795,206.69524914445782,213.02618508505952,82.28178404027602,0.0,157.23216554240054,48.6657170799554,0.0,0.0,2123.58862614407,0.0,709.992399985875,123.53579764352924,79.09879929079344,39.4545498383799,130.3575968281926,224.80060076861255
3286,Mic,012_03345,858.0058395551092,17.821724453595774,25.88622992534013,120.21823465332841,102.41755177727438,332.8909224401524,544.986928214062,433.45258291258074,991.0291615037926,508.15011592911776,133.42303795796443,43.41987044190111,23.955682011540333,0.0,40.41234653891314,275.68091887388255,180.88051458144997,151.68158085147417,104.44994898707735,147.22446052202145,239.23295574453323,0.0,0.0,0.0,0.0,0.0,147.21997846987642,111.09633337448075,32.32538612995977,115.70312276231701,263.1152717624143
3287,Mic,012_03346,0.0,0.0,34.176591143259515,0.0,22.536324029422033,109.87576198188037,435.67582460573686,868.2728323026859,268.5699255014406,301.41479832794687,176.15329194450206,0.0,0.0,73.8268332115057,53.35486275072193,270.37837272187323,318.4127576945786,111.25519002177845,0.0,161.97898162008897,210.56669743091814,0.0,0.0,0.0,0.0,0.0,242.96107557937123,97.78413656490245,128.03388231866415,105.75579546600923,69.476189406546
3288,Mic,012_03347,763.0400275459587,0.0,109.95599533707558,6.675119131383271,80.5620929089152,157.11207087128687,113.26831123989422,860.6191953994231,157.55072552780413,841.1353876161112,0.0,102.46277837925263,135.67423643919105,0.0,57.219350473320944,483.2697549818528,170.73768198809762,159.08452404983274,0.0,254.77628604356048,150.54534909780597,1431.878440336365,0.0,0.0,0.0,0.0,156.33523414616548,332.0776693857143,30.512747655382583,226.83135569578607,0.0
3289,Mic,012_03348,444.21706244986245,231.64481932194843,264.76042759082054,162.73771451954659,152.7620445285506,141.8649078753392,443.19612077269437,98.7298150079507,173.38058481738574,150.64586082213435,0.0,64.76339325405925,163.34338451750708,166.8112623829591,111.94390507509061,439.7268520337962,255.59465118404756,71.82297077355317,44.51242551769963,240.50803220299287,203.90319434766124,0.0,465.172052816005,615.8607765474651,16.578862148001555,0.0,298.01174966634267,78.90808488623456,34.43949366166599,79.6515168383234,22.425858605910417
3290,Mic,012_03349,294.5443862199893,91.26731001869611,3.682407355576553,0.0,0.0,142.06471760474108,273.12020963760403,0.0,172.14081032140007,213.71555396210533,303.6783511831979,61.766294572281865,68.15560234269222,31.81832529960668,11.497597184310498,304.76886129993164,189.59603233370663,278.1066355642991,653.7684130965799,146.60238533671713,272.25384259377864,0.0,0.0,64.91875643072612,0.0,0.0,188.48304285791218,84.28717123622577,119.55839996799203,207.6388434924181,59.88651819268472
3291,Mic,012_03350,242.94672255136345,25.441613707606688,53.12165381322007,32.80950781538562,48.735796134297814,89.10419567081817,123.12425528329489,384.0705718216507,65.15320970645169,462.58393305453967,428.5566837589741,0.0,111.14420664718183,0.0,28.845561840496302,461.0175406589592,236.69994310952993,168.41598376441655,37.27719027453997,144.49326469961647,170.7599189413276,639.8146195014083,0.0,0.0,194.37690673876025,692.0126160050784,78.81210861549921,257.71993943585375,17.304932857557965,165.1733625299508,93.90333020496057
3292,Mic,012_03351,70.44459270700395,0.0,10.71520173139079,35.126446576623444,0.0,137.7950129772762,1531.5206427552637,0.0,189.99713519080478,1012.0747022650972,883.6542186068464,107.8378749499675,158.657303814136,0.0,66.91224590869224,599.9126693620882,194.40623612047125,223.2399222732079,0.0,385.9613930898349,264.0713500568072,0.0,0.0,0.0,0.0,642.0969518997941,91.40912597617326,367.8927760925428,107.04472128281759,486.3032889871407,87.12997523935687
3293,Mic,012_03352,153.18437590036922,14.999951415109775,29.050102471770586,39.67987483655612,40.706235278143545,93.39439768459832,258.1049203346108,35.643586439698325,160.9697950922096,285.1286761602272,149.73029815282675,0.0,40.32539805275955,47.06460617233488,68.02745000717044,335.89313226601945,193.19484591041126,113.480293822214,29.304013465818922,154.89240117421005,223.72711602035054,406.2412696257339,0.0,5.334758919654577,0.0,217.59952258826354,149.7247628257875,98.70086284519842,54.41439998543227,109.8685208452429,44.291070746673064
3294,Mic,012_03353,967.5634786379219,3242.373603901875,4571.062481650789,5392.258487722725,8060.69089076195,445.32428035040255,140.46020715013373,929.7602446444098,0.0,325.11072778419225,178.48644812919744,4966.255512596517,3012.3873512260125,4114.256963409407,3676.185377870933,1485.7036767012155,700.4470257929275,1240.0164556731995,1956.1884485791707,1050.3961510092126,1920.2009427971805,0.0,0.0,915.741398658587,0.0,0.0,123.08955153524435,123.84911336448738,86.48646355300494,392.9072930889481,0.0
3295,Mic,012_03354,1853.6596747607707,6310.567795345008,8197.255385710794,7629.739697984391,2697.597986321817,197.77637156738464,689.1599407399838,0.0,0.0,0.0,0.0,5881.604567859405,6262.29710936972,7508.18893761013,6578.654577164013,0.0,1304.6543782380497,1521.9709994979291,3971.5557073674586,1341.1859678143367,2463.630359941742,0.0,0.0,0.0,0.0,1843.1959560417617,393.59694243858144,352.0228916336488,38.41016469559925,0.0,375.1714227953484
3296,Mic,012_03355,827.0251092209174,857.140080863416,902.6281839443003,629.2094438368184,482.3175776653983,600.3925565438462,0.0,1320.9093798241147,18.814651374414108,0.0,0.0,574.2794769160968,748.900249551249,403.4109100485847,364.43276789555597,852.3603920284329,228.93398462063217,243.17205819045859,879.1204039745678,147.51657254686674,958.8304972300738,0.0,0.0,0.0,0.0,466.2846912605647,44.25362448052833,22.263352521473326,291.5057142076729,374.55177560878263,63.27295820953296
3297,Mic,012_03356,5892.527909198873,28887.711310660197,27781.81751019816,21647.791227904567,37325.92409034017,410.0241849567731,0.0,1877.8084563353264,505.3951881387335,665.1994565774123,1533.8225664435913,22854.03115674081,14359.775891958283,20983.926849519066,17620.768757954884,4294.602820756808,4638.239753452157,4511.533632444118,4802.999280251297,5137.894282851846,4976.564141720967,0.0,0.0,0.0,63.88927364351818,1273.7533029556892,997.3255858538579,699.3950743331133,371.610536485879,628.5161502898595,950.6376160261538
3298,Mic,012_03357,127.57981567179394,116.59881261947682,15.877586371210644,63.61631755172559,41.879241819857135,408.3641680136282,188.09265449485804,262.806724499419,81.04772899747617,572.1645675456064,327.3455911033459,53.2640515947208,39.18257300672994,45.73079142251163,115.67420648992545,727.8996708172635,176.47380838772617,179.17941129823265,170.84121210841803,190.63680144518165,260.86400572413345,0.0,0.0,2130.447853581893,2767.931648823029,0.0,240.79704980498008,181.71222138983896,145.3988015805073,320.26451420475667,0.0
3299,Mic,012_03358,0.0,0.0,60.693964092806404,0.0,55.415211050918096,60.039255654384625,447.27498616991556,172.52693940559863,233.30167704273495,207.20531124687318,288.76557500902305,0.0,0.0,20.17054550242924,14.57731071582224,295.48493590319003,183.14718769650574,24.31720581904586,0.0,26.552983058436013,57.52982983380442,0.0,0.0,1632.4362294143004,0.0,0.0,66.38043672079249,120.22210361595594,0.0,231.1519529471344,37.963774925719775
3300,Mic,012_03359,568.7364911197819,211.76401997802043,86.50949633137563,47.26573326119183,0.0,370.8306966888462,430.7249629624898,122.10086704256521,0.0,235.1764656308779,0.0,16.122819539088283,177.9061678798216,0.0,30.012110297281087,111.14110994096232,188.53386968757945,137.67829765195083,0.0,236.8942606193801,0.0,0.0,0.0,0.0,0.0,0.0,54.66624200535853,55.00357681775763,60.01588233687384,6.609737216625577,78.16071308236425
3301,Mic,012_03360,80.09982745302972,106.57860215999052,60.202514990840356,126.87117875372547,39.69803130840624,331.7958865110729,162.79214797992472,228.42793786432054,388.17596519843846,68.50917848243445,0.0,72.12840320118441,238.76880425976054,18.57813401539535,120.83823356536857,230.28684275855903,198.20863405312627,145.58327167981403,0.0,171.19686445570588,317.9280069762876,0.0,0.0,1111.876069570112,51.69987275100485,0.0,183.41962778113714,258.3720647886773,171.83494732241772,230.64504076961876,34.96663480000506
3302,Mic,012_03361,64.74004000191701,0.0,29.542477089936188,72.6343471584417,4.870137819917472,332.42073752145166,116.97459543536155,0.0,282.7512579431725,281.55668832328996,76.13404990821698,99.10524100863304,123.02663812706307,47.86231136169649,34.590228817205315,444.96101821145305,249.88726456896126,230.80737726552002,0.0,84.0094379249953,91.00764041505784,0.0,0.0,0.0,22.198815418510552,0.0,252.02064110944946,147.91922353250075,46.113898292739215,157.43871245928491,90.08353372204692
3303,Mic,012_03362,81.38485142286441,132.95411481574575,111.41374527525652,67.63615028958428,58.773708690367684,222.8729944746096,373.0024169855418,100.06889241091777,137.68903960366688,188.77096148947848,306.26651894896384,33.222779656303125,146.63781110094385,21.393002805606766,38.65196023134685,183.81711484653576,163.8959208079526,128.954879343425,239.7601101748821,145.50498292122762,244.0659447494733,0.0,0.0,451.0296177526142,14.883296701046849,0.0,140.8069869834992,113.34070374568239,43.28418180659386,265.5912590680459,40.264609769702794
3304,Mic,012_03363,906.1954068635679,220.40744936487837,233.43832343387078,109.32210414153215,228.69769640061438,1200.7851130876925,865.6935216191915,1956.3322593313414,1220.264531997715,189.74845352277765,275.01483334192665,134.24715044791876,271.5792113757276,316.9657150381737,41.64945918806354,1250.128574975035,647.556127926931,382.12752001357774,753.5317748353438,328.75121881873156,410.92735595574584,0.0,0.0,0.0,0.0,0.0,398.282620324755,667.9005756441998,133.25975506636473,651.2614547320057,0.0
3305,Mic,012_03364,787.8053617733276,374.99878537774447,141.6192495498816,392.8307608819055,215.50359853134816,840.5495791613848,117.83050710927884,0.0,403.88784950408956,111.57209067139324,0.0,182.7252881096672,362.92858247483605,564.7752740680187,340.1372500358523,928.1257602087379,427.34343795851345,283.70073455553506,351.64816158982705,392.3940829746655,536.9450784488412,0.0,0.0,0.0,0.0,0.0,464.6630570455474,0.0,81.62159997814841,389.5338466331339,620.074990453423
3306,Mic,012_03365,0.0,0.0,0.0,47.30051305019934,11.41740919371381,222.66214017520127,725.7110702756908,784.7976258557653,268.63833353136965,103.44432247678844,267.7296721937962,29.042429898225247,32.046673949212895,0.0,27.03077483728627,495.23455890040515,129.47657143445025,146.54739930683266,69.8638731635418,213.3617181737463,213.35566031079784,0.0,0.0,0.0,26.021128007128265,0.0,283.10596853106205,24.769822672897476,43.24323177650247,279.7976178057661,0.0
3307,Mic,012_03366,498.5609019760887,223.75618133036687,97.50241575469963,106.54375232357056,9.52502092956235,92.8784065371696,75.32968489227771,0.0,346.3559026494354,53.423100505639496,148.9030589365128,60.57191871038691,173.77795845940585,46.804580723868945,56.37633978494789,123.06639914370005,279.78009612201015,103.44888663351003,58.284225677871895,232.7664813225698,222.49105460587347,0.0,0.0,954.9513204243553,1107.1199269773192,216.39731528114606,174.56954629335482,30.996490803377228,45.094806617761556,144.02653912912305,205.5497205922949
3308,Mic,012_03367,349.91769908570376,110.95854471451068,50.738192673297945,9.784078726822056,62.978220575371154,76.76251864487531,288.23509566849026,927.1353507441273,187.6310438434722,288.6949073689018,246.1319969635508,30.0370336618631,121.52859687133017,0.0,27.956486304316623,301.5046500873787,117.08039396123655,0.0,0.0,11.316339811814434,0.0,0.0,0.0,0.0,753.5433507817692,0.0,67.8959718057421,68.314944723425,0.0,225.7572346135128,194.15263888952578
3309,Mic,012_03368,134.49515352510926,0.0,42.96141914839312,6.706457718854554,0.0,0.0,526.3254039891328,205.5338538693458,0.0,0.0,253.0652926526649,20.588764857427286,0.0,0.0,0.0,373.4912515930535,72.22705993665015,143.84825977463748,99.05582016614846,23.270219894717002,0.0,0.0,0.0,1496.7379954861858,0.0,0.0,34.90426719590966,263.3974101132056,15.327999995896414,59.08422375800515,49.90543182723726
3310,Mic,012_03369,138.0600853052929,0.0,21.000074075978738,0.0,13.847620789162935,135.02804484520237,77.0664246153631,763.8994003802107,448.52919903020944,83.64172794642599,0.0,88.0603798118878,58.30178031724274,68.04521374313478,49.17646988470153,313.102666094514,128.71790299955222,232.42951746718532,0.0,89.57632838990463,323.4608906318321,0.0,0.0,0.0,63.119523358656515,629.2034388094368,179.14720271635565,15.021057122921762,13.111903610947536,137.18522865671076,0.0
3311,Mic,012_03370,15.501876461497984,19.48045638325945,36.78422066230691,6.183876597904849,26.12164830683008,327.48684902391614,629.595288450321,140.50489383410496,296.4732943847072,582.8152499717801,58.33647979980263,85.43000483049374,157.111940465297,0.0,70.67787013731996,113.64805227045771,190.08458116985824,154.74585521211003,45.66859241426326,144.8344530460146,209.19938121383424,0.0,0.0,83.13910004656483,0.0,678.2322781971851,120.69170312871363,250.96870115115388,28.26722077165313,167.33222183041718,92.03339375932067
3312,Mic,012_03371,504.15773749848114,0.0,0.0,112.77438111442264,0.0,110.59862883702432,448.508979128364,0.0,298.06368756308666,0.0,0.0,14.425680640236884,47.75376085195211,18.57813401539535,80.55882237691237,455.3398936362417,126.51614939561252,156.78198488595356,69.40424241904482,73.37008476673108,211.9520046508584,0.0,0.0,0.0,180.94955462851695,1288.4182258515605,48.91190074163657,147.64117987924416,10.739684207651107,35.4838524260952,34.96663480000506
3313,Mic,012_03372,0.0,0.0,96.83367490590196,179.8820992590544,12.770583616672484,498.1034543178576,463.84072639843095,1811.5328637587857,62.43676900546311,0.0,0.0,0.0,0.0,0.0,0.0,836.7863996802589,90.21694801346393,100.87137228641245,0.0,183.57617916943414,477.2845141767478,0.0,0.0,0.0,2561.2499922868174,0.0,275.3558856566207,27.705505360055692,0.0,0.0,0.0
3314,Mic,012_03373,0.0,55.38443599425149,0.0,0.0,26.523519819242857,646.5765993549114,287.4546437171418,278.6973636551978,162.09545799495234,0.0,0.0,0.0,186.1172217819672,0.0,62.79456923738812,1089.2728702230022,300.7840351784921,78.56328033845585,973.7949090179827,152.50944115614533,619.5520135948169,3749.9194119298513,0.0,0.0,0.0,0.0,171.5678979860483,86.31330516017351,0.0,484.03614078673445,81.7681306092426
3315,Mic,012_03374,398.9589312303821,83.55872355032139,55.6278557970075,0.0,43.35082059431375,455.2299461609048,289.12265905786023,218.9957523886346,246.592026524236,172.64540142575356,208.52188524184766,59.376882789988564,233.99650707597425,10.92408653903324,71.05381625507164,470.85904828495245,1636.6344432453702,1158.9476815885685,2734.285511781634,1677.7513473415404,1152.8221220081505,0.0,0.0,1381.8779777952436,0.0,0.0,107.85216024268026,188.09733813113246,44.205121845032025,295.58437997753055,20.56065179729504
3316,Mic,012_03375,289.0730867772671,8.163238865365866,0.0,3.239173456045397,11.728086994903302,266.8411362417095,267.9527566916545,342.31535596348937,243.6945320876494,492.50265269912063,244.45762963726816,39.77693346605,87.78317943457863,12.806695557097928,9.25543537512523,324.7087207727363,100.29488850046742,223.87268849280315,143.5298618733988,134.87229489999243,146.10750433982076,0.0,0.0,0.0,0.0,0.0,109.58040347559395,161.1442658697117,74.03319725909152,195.68419297111907,289.24780895786495
3317,Mic,012_03376,280.4117208813191,28.57133602878053,6.916691064707282,0.0,0.0,622.629317897322,277.87693286541946,0.0,501.724036651043,480.1338646176358,0.0,0.0,25.603427335085435,0.0,21.596015875292206,286.2247242367083,156.01427100072712,126.08921535801557,111.63433701264351,236.02651607498677,0.0,0.0,0.0,1768.0915276569456,0.0,0.0,39.33655509380296,98.94823342877034,34.548825387576045,142.68639070810767,56.24262951958485
3318,Mic,012_03377,0.0,56.841921151994946,68.80287427524613,67.66462866865358,36.29534291054285,88.47890306961945,207.31081701933272,0.0,199.6333535306255,0.0,0.0,0.0,127.3433622718723,29.72501442463256,0.0,66.99253607521717,104.58668350037301,35.83588225964653,111.0467878704717,65.21785312598318,508.68481116206016,0.0,0.0,0.0,0.0,0.0,117.38856177992777,255.91137845735653,0.0,170.32249164525695,55.94661568000809
3319,Mic,012_03378,497.56128111999635,378.94614101329967,68.80287427524613,1578.841335601917,217.7720574632571,353.9156122784778,542.1975214351778,0.0,221.81483725625057,735.9843174112958,0.0,1200.2166292677086,662.1854838137359,297.2501442463256,601.5058737476124,66.99253607521717,843.4409959707501,1720.1223484630334,2665.122908891321,1382.6184862708435,678.2464148827469,0.0,0.0,0.0,0.0,0.0,391.2952059330926,275.59686910792243,68.73397892896708,113.54832776350463,0.0
3320,Mic,012_03379,351.6723621207581,44.689510422947755,124.41457679289334,51.22808668554003,49.9373855907124,185.50059678044352,142.09314354852935,381.0465678940894,353.14451848693403,342.66738652179623,334.56976966562667,108.87906822534651,200.23645929646122,77.90003780248531,61.92843724790689,287.4903832607165,393.4506825342175,577.5755644192685,814.853670994358,646.0615464149121,533.2420089422976,0.0,1433.7381773690543,0.0,21.67829147076617,0.0,251.23850808531665,216.67615916071142,18.01304275379827,210.78224061845975,87.97123017270238
3321,Mic,012_03381,246.53586661659446,58.86383687857194,24.750087303832082,78.67679141430747,5.934694623926972,144.67290519128824,252.05935870438304,23.384675521843185,233.9363881734381,250.925183839278,278.3282650689378,30.192130221218672,83.28825759606104,58.32446892268695,28.10083993411516,517.5778766052169,140.11863155094113,105.47221801031938,108.94435298824247,136.4972623084261,221.80175357611344,0.0,0.0,290.8866825725594,0.0,0.0,134.36040203726674,90.12634273753058,67.4326471420159,151.62577904162765,18.295795144925194
3322,Mic,012_03382,370.1300973954136,75.63000713500729,76.89733007233392,39.01298618384088,3.6219092190142548,211.90325525076926,169.74382776846892,529.6323323664517,278.89953802072677,625.0537292515028,226.48280392864547,9.213039736621873,162.65706777583688,0.0,0.0,491.36069658109653,149.48042525229513,157.3466258879438,132.9761955591783,114.54227985992004,203.04645823695677,0.0,463.21754839240845,298.5671798731049,0.0,493.7132025111862,242.09335745230203,125.72246129773171,34.29478990678505,207.7345982368038,66.99489692774078
3323,Mic,012_03383,229.24667494253583,69.39229860261065,117.59182834659472,118.48336458205307,96.67451149069825,98.1950442945543,489.649470464126,146.3758057749019,386.49162356039454,258.94457180743916,94.45602920855893,76.84708378443946,124.36805006925844,32.98920993387959,81.06074650387133,195.16663181959441,158.75609026963465,119.31339303737455,49.296471250910336,170.8159190519326,244.6361922839347,0.0,0.0,166.02567478924993,752.7888013650985,274.54145373285587,82.51026246603178,104.86663243759399,68.65368222461082,285.6394849502492,124.18057218693384
3324,Mic,012_03384,125.64678816161525,52.63140847406939,156.71765807139394,62.652433952457024,60.49223818423808,393.23956919830863,310.08028186652325,264.84398592964703,554.5370931406263,382.7814416796337,0.0,89.75979065036283,212.23893711978715,82.56948451286821,47.73856140854066,102.34970789269289,136.8248726796995,69.68088217153492,246.77063971215935,86.95713750131091,47.10044547796853,0.0,0.0,0.0,505.50986689871394,229.0521290402774,260.8634706220617,65.61830216855296,9.546385962356538,136.67854267829262,217.57017208892037
3325,Mic,012_03385,440.95196762875116,0.0,23.672618714420697,48.861334808797466,0.0,270.59946210426875,26.417877420303967,133.64762911701303,118.71780022165522,547.7583525919508,216.9131079879985,61.766294572281865,48.682573101923005,22.727375214004773,98.55083300837569,204.8866294453322,188.30626340626645,150.69817690676305,0.0,84.77008675932623,162.055858686773,700.6173089262442,0.0,0.0,0.0,0.0,224.38457483084784,82.78204317843603,52.553142843073424,238.74849600173505,21.388042211673113
3326,Mic,012_03386,96.24643298703967,0.0,0.0,33.87688918852221,102.21514554846553,66.44660704833082,219.55995113530219,668.2861684485638,195.73186726267957,141.11884986105073,0.0,0.0,38.25334202633318,0.0,32.265984193124325,282.9971262070686,121.61552384590104,228.75474248746698,0.0,107.75123559945048,63.66937689116695,0.0,0.0,273.27460710957837,0.0,0.0,161.6219328854078,236.53712086055455,12.904600787059037,71.06120643961093,0.0
3327,Mic,012_03387,228.08493392395124,0.0,49.958774951452604,36.39428010486675,98.82967575959916,749.534656577031,1395.953778492093,384.61419612713064,657.6739282979912,246.35875647186617,343.3306199682651,810.0433154415819,616.4392059020569,575.5671582858788,571.9505350921337,668.8586006235855,314.38322983572164,21.68413257749312,134.38783245471097,94.71127715110934,0.0,0.0,0.0,0.0,0.0,0.0,426.1877720672537,476.4641049181552,103.97656048171771,229.02528954422374,0.0
3328,Mic,012_03388,341.2302246915446,94.73653525332492,10.863611727670442,35.6129624571861,0.0,186.27137488340935,0.0,393.08423174821297,297.69886052812575,152.4715551188015,149.31553278398232,85.03559114244898,120.64108004703692,15.644744434017134,67.8390083173999,352.592295132722,110.09124578986632,301.77585060754967,58.44567782656405,89.24548322502963,89.2429493266772,0.0,0.0,0.0,0.0,433.9935076552624,51.486211306985865,41.44313821171765,18.08788919183344,89.6434166553984,176.67352320002558
3329,Mic,012_03389,524.1656227872601,32.608590032847346,9.47285950166432,10.3512716964929,37.47888670110403,243.63755917721298,900.195799654739,0.0,320.6671016856666,695.3043331695521,97.65019444749569,31.77831097559429,70.13112704827749,102.31436124420628,0.0,178.7074445122415,202.059125556471,123.34814545892829,0.0,89.79269633287541,116.7271909671394,0.0,0.0,0.0,0.0,0.0,26.93698881423463,0.0,11.829217388137451,97.70915885446503,231.08384737394647
3330,Mic,012_03390,128.75266382403717,121.34792156043866,29.376508117520817,16.050286450741797,6.4570366601153015,0.0,181.5686786916656,356.20028219976126,126.27661147172316,0.0,100.94177403561353,114.97321499035237,126.86642084014242,0.0,30.57413483468335,244.32202997469182,170.45721401715986,178.50832736078607,0.0,18.563883286796713,0.0,0.0,0.0,0.0,0.0,0.0,97.45742020430956,126.07561427890514,36.68386515871838,235.67302734934637,159.24879369590317
3331,Mic,012_03391,399.25350100320156,5.172397039693026,0.0,28.733702467850975,14.862317140092976,144.9223412347215,17.41337543486879,0.0,96.88464156020137,179.5412953332765,77.44670594111727,0.0,194.6743354271151,162.29174542184444,35.186612072674365,137.16144239538,176.83176743110897,136.95897530267206,0.0,121.06532505570442,138.86510649538997,1440.855734633145,0.0,0.0,0.0,225.1029544016519,224.32009650474706,182.7130310382983,112.58151721123917,237.64664383453794,366.5467923862599
3332,Mic,012_03392,682.3753036038966,54.07707806305671,44.884278497156274,98.09273779337478,22.197795556877065,288.6007138751536,446.46997788800934,0.0,13.565928887989573,300.07944272134375,0.0,112.92893342400032,103.84222674530358,24.239282148842,87.58899142554135,662.3779183831826,192.57966088259187,0.0,0.0,95.72749257118562,345.6727972846617,6515.80111183887,0.0,0.0,4350.777274256236,1008.6158128554705,63.81638551698506,96.31527614439962,56.04916736696887,77.16088081210972,136.86511132019146
3333,Mic,012_03393,270.39701656412916,52.040647766707394,40.01799830294928,0.0,58.64043497451651,371.67158262238104,298.87038246376846,125.80089331658235,367.3336696909421,622.3749275547107,91.67161111397556,104.41445034838124,82.29673071991746,48.02510833911723,124.94837756419062,373.4150288886467,265.9994868925441,196.85357091608552,71.7649309366994,193.87892391873913,410.92735595574584,0.0,0.0,437.667976673702,494.48993937355647,0.0,120.1169807328626,133.58011512883996,94.3923265053417,235.43254466837763,144.62390447893247
3334,Mic,012_03394,646.8783029223804,0.0,36.14528878976063,65.82836378414838,31.779332502318624,464.8200437758809,693.485670544406,0.0,475.82860250131165,706.1090838189558,248.40049463141762,0.0,245.29735221033468,26.026510325715144,56.428299545118335,439.92794427273947,262.90483395143565,203.95075848232008,97.22990643036692,171.309568118942,371.16019247615753,0.0,0.0,0.0,3150.595010411466,0.0,68.52174113114063,206.83372665110699,90.27273730302127,389.39576302922285,0.0
3335,Mic,012_03395,117.67373418195467,0.0,144.4275632803325,40.466727878640796,58.60721093203802,380.9856449456701,188.83399763364798,367.7805153051359,217.88752073259172,400.35311100216654,0.0,99.38599239959234,82.25010367701665,31.998599097338165,104.06465440190381,464.2506837790368,176.1429751358745,48.22108802643655,239.08090306390508,105.30928125158758,365.0618097102603,0.0,0.0,0.0,0.0,0.0,94.77546772600401,233.10297710868386,27.746719539313904,219.00137814632504,90.3387278685683
3336,Mic,012_03396,309.39265116916135,10.799965018879039,60.133712116565114,0.0,13.792230306006282,100.86594949936617,153.51631783380327,247.57615804703403,214.9385773013068,154.71329906433195,107.80581467003525,0.0,38.712382130649175,0.0,24.48988200258136,155.92512771506796,142.30536484018495,108.94108206932545,0.0,94.17457991391971,193.30022824158286,0.0,0.0,683.7027031429307,0.0,0.0,104.08452477820263,104.72681026101053,0.0,197.76333752143722,21.259713958403072
3337,Mic,012_03397,285.6919593117383,81.14727814731519,12.50106868662259,29.27203881385287,16.486614095294396,68.8975064886381,496.70939765035575,16.498477812010798,264.8444914780915,119.90443259767216,147.27570310114106,53.91893747498375,92.55009389157932,7.715509208579489,5.57602049239102,265.178788631068,103.33304442439463,97.66746599452844,28.823619802444842,33.85626255173991,198.05351254260538,799.1631533620994,215.15569187625528,582.4507279491719,10.735492702394447,0.0,96.48741075262734,61.31546268209047,44.601967201174006,164.55717354615368,0.0
3338,Mic,012_03398,385.3323577572356,80.14816340541032,36.37999845722661,18.551629793714547,38.38283016513808,218.32456601594407,108.680139077734,618.9684027376185,408.54671555870635,585.1152312266015,50.00269697125939,154.58762778851246,71.82260135556433,31.434616367422187,37.8631447164214,472.3035938512528,152.2262339295632,170.53624860110085,39.14450778365422,105.75214031931225,298.85625887690605,0.0,0.0,484.5821831285493,1662.0693785332319,290.67097637022215,62.070018751909856,111.0276281590358,72.68713912710805,270.17760734080645,39.44288303970885
3339,Mic,012_03399,352.5842178565942,227.07618757643107,265.473244126642,228.55607905856323,37.13292774694,362.08289563875036,829.7339445673174,501.65525457935604,113.46682059646662,100.70096388802672,414.6377487309049,107.94847789863414,297.78755485114755,104.26620444332652,138.14805232225385,445.5003649001942,252.46135411702943,167.60166472203915,194.75898180359653,289.767938196676,346.94912761309746,0.0,3489.0971029680477,366.3748279590467,0.0,964.1332693141522,4517.954646965938,6329.642378412724,10507.839209494554,3584.6333626263313,7064.76648463856
3340,Mic,012_03400,3076.9502345355554,3766.6544664608996,3534.4291340654213,4113.480358056317,3224.5723632098025,12141.27169899778,1393.392504704964,1663.367367185922,731.6808867827709,0.0,9732.469379933738,4547.829392951716,4122.151800948755,2196.3482880422944,3552.544611485568,1974.1087598090617,1798.4036347420772,2616.3512186788234,1562.8807181770092,1927.5498812790584,1342.3626961221032,0.0,169160.18619070912,924.69154607346,1018.6789742049842,8703.980903530542,255254.90600368739,316500.7668569362,461101.5794321103,217689.49198382444,180707.56864642614
3341,Mic,012_03401,524.3509713101693,996.425344003721,583.5958085846769,612.2037831925801,292.4691694354011,0.0,0.0,0.0,338.6637247394539,425.0365358910219,240.63797917418583,587.3312832096445,691.2925380473067,504.2636375607309,546.649151843334,340.94415681137315,349.12432654646403,638.3266527499538,376.7658874176719,575.3146329327802,143.82457458451105,0.0,0.0,0.0,0.0,0.0,929.3261140910948,1302.4061225061896,1544.9802853006665,882.8720425064163,1423.6415597144917
3342,Mic,012_03402,97.86402009606554,216.14836821773093,186.75065874709662,198.15291533286407,199.8873957392215,69.61073119348943,37.63884876605181,246.91355458409947,604.2502528362561,18.47984938656617,0.0,236.0674529615576,380.71183254779214,105.23762870832645,228.166602508522,194.3546401146958,240.2147896599097,204.40549818908113,873.6600287946014,266.81258338911545,500.25938985916883,0.0,1239.082965886111,0.0,0.0,0.0,438.6881035461069,371.7011899237286,452.89003714583384,591.8383336327596,242.08784010603915
3343,Mic,012_03403,83.7387517409411,22.15377439770059,32.17857504565357,92.30149346595823,84.87526342157712,103.4522558967858,105.65900417711157,209.02302274139834,0.0,210.55656085678316,0.0,0.0,0.0,0.0,87.91239693234336,195.82433621986561,100.59007078100392,73.32572831589214,259.67864240479537,68.62924852026538,198.25664435034136,0.0,0.0,0.0,1886.0113579566566,0.0,34.31357959720966,184.13505100837014,40.182941527703825,149.35972344276377,32.707252243697035
3344,Mic,012_03404,302.28659099921066,99.35032755462319,72.15366360683278,129.86140855600183,195.91236230122558,272.90570751993016,1075.5586177692983,176.44800621027133,270.2468106506754,898.3726781332963,87.50471969970394,99.66833896890937,188.53432855835638,73.34743819065176,172.27730845971737,299.6175923493885,412.0811723171379,243.17205819045859,0.0,112.64901903578914,470.6986077311271,0.0,0.0,0.0,25.51422291608031,0.0,205.17589531881313,121.43646829894543,137.802701261809,379.41608438292263,138.050090638981
3345,Mic,012_03405,509.74141816456,192.17019606546336,55.825819696640984,254.1771341843452,190.19534674652792,239.30237129149745,621.80003243229,0.0,322.4603594988553,89.99883945023419,95.91264650359008,31.212860602363076,241.09134778874045,60.29629260512654,14.525434165232124,220.82504106644092,255.4935856833817,399.806017380754,375.42508354785815,229.3068999589729,229.30038937317065,3420.1095195740486,0.0,0.0,0.0,0.0,211.6614637075803,119.79426694828352,104.56859783677376,134.35878641055263,189.14336261924447
3346,Mic,012_03406,1326.2716528170497,349.99886635256144,387.33469962360783,132.26624945518705,1093.4812221775815,466.97198842299156,659.2897421590601,1034.3629006030103,517.0544933264915,626.7321142652336,249.5504969213779,182.7252881096672,268.8359870183971,366.0580480070491,188.9651389088068,906.0275278228155,415.47278690411025,31.52230383950389,97.68004488606307,217.99671276370307,372.8785267005842,0.0,0.0,1280.3421407170986,2328.409083897107,0.0,292.56562851015946,86.57970425017405,75.57555553532261,249.70118373918842,344.4861058074572
3347,Mic,012_03407,1004.408166340717,1569.5071114834377,1123.9201230694168,923.2829413188911,473.05667970295946,307.5181387175798,375.66172127174264,948.1091715810718,0.0,27.21270504180323,164.3381321189562,1256.793445046979,1003.2172198491403,1170.8755681897949,920.8593842434049,465.67982393748525,465.12685168045516,290.62026466664565,1029.2141314824207,377.7863443273416,294.6649820755836,0.0,0.0,0.0,2970.8512244235953,0.0,45.33298117517536,0.0,39.81541462348704,43.84996397371114,64.81620109269231
3348,Mic,012_03408,140.4287632394523,826.888078009413,692.075970651005,1016.3383067380088,536.0425644141097,188.3584491117949,319.68420896394974,727.3194504353668,35.41581435183832,316.69388948742807,75.49426797621517,479.0780663043374,704.847293695293,284.76064238723626,663.1247227589724,84.67894090739986,378.8633000388501,85.8254323025148,472.80425087707846,506.76281392570684,541.4572219652181,0.0,0.0,0.0,0.0,0.0,104.12617524830195,0.0,18.290554616952026,231.65555197316303,89.3265292369877
3349,Mic,012_03409,0.0,538.459794388556,301.6741410530022,268.60222966284135,162.08817667315077,0.0,43.161357915486754,541.9115404406624,1008.5939608574812,1652.9198617984187,921.4172194020107,224.89266228882113,413.5938261821493,434.44251851386053,104.65761539564683,176.78585908737864,498.56734428493223,378.2676460740467,1081.994343353314,275.3642687541512,275.35645048658523,0.0,0.0,0.0,0.0,0.0,31.77183296037931,31.96789080006426,0.0,215.12717368299312,90.853478454714
3350,Mic,012_03410,0.0,63.52920599340612,61.51786405786712,403.33425716217045,0.0,593.329114702154,0.0,0.0,1648.606158078074,1960.1684949327127,0.0,206.37209010032998,56.92997372154291,132.88829978071027,240.0968823782487,1703.3837481478013,437.39857767518424,40.05186840784024,0.0,466.4994670658562,758.0401107513053,0.0,0.0,0.0,0.0,0.0,43.73299360428682,352.0228916336488,0.0,444.1743409572387,500.22856372713113
3351,Mic,012_03411,0.0,743.4758527489194,312.6043635549226,1117.937343221233,74.95777340220806,365.45633876581945,0.0,0.0,0.0,0.0,0.0,572.0095975606972,736.3768340069137,1104.9951014374278,1153.5089349041946,69.17707529506121,278.7022421468566,222.0266618260709,1834.686060468663,754.2586491961534,350.18157290141824,0.0,0.0,0.0,0.0,0.0,0.0,325.2385411832625,70.9753043288247,78.16732708357203,0.0
3352,Mic,012_03412,373.6626221849775,78.26061607883362,129.9135017371107,301.6656322977931,460.4548937564209,104.41609679023414,269.74508282337126,0.0,0.0,36.95969877313234,0.0,163.43131358877065,180.33718383842785,175.39604784721075,152.11106833901468,69.17707529506121,258.7949391363668,105.72698182193851,0.0,338.64674045541585,600.3112678310027,0.0,0.0,0.0,48.809817752501466,973.1158774133525,161.6219328854078,92.92529748093214,0.0,22.333522023877723,0.0
3353,Mic,012_03413,0.0,77.55076922097572,118.57184682355341,126.32776478577048,70.3685219694198,419.32178552268635,135.1214755966463,424.4710413947268,124.23642812311539,215.89157378591588,183.34322222795112,89.49810029861248,142.64766658119026,153.68034668517512,138.83153062687848,335.5323447984942,241.2891520446028,123.51596606499484,430.5895856201964,191.06908444165595,547.9031412743278,0.0,0.0,0.0,53.458371824168275,177.63226333735798,177.01449792211332,50.88766290622475,51.82323808136407,207.91445503181404,192.83187263857664
3354,Mic,012_03414,365.11478442257607,105.88200998901021,89.71355175105623,105.03496280264854,16.90224302206652,164.81364297282053,128.72240272442227,29.600210192137016,196.26263786643736,298.98403382530216,264.22993791675304,42.994185437568746,142.32493430385728,55.37012490862927,80.03229412608287,31.197504544831524,50.27569858335451,50.064835509800304,0.0,48.593694486026685,0.0,0.0,0.0,0.0,0.0,383.99915750870036,273.33121002679263,0.0,96.02541173899814,17.625965911001533,0.0
